0 0.486486 0.500000 0.702703 0.722222
37 0.511364 0.500000 0.750000 0.767442
17 0.500000 0.514706 0.696970 0.676471
36 0.512821 0.512500 0.717949 0.725000
27 0.509804 0.510417 0.784314 0.770833
20 0.500000 0.500000 0.772727 0.743590
35 0.514706 0.514706 0.676471 0.676471
10 0.512195 0.500000 0.731707 0.684211
21 0.500000 0.511905 0.767442 0.738095
19 0.511111 0.512195 0.755556 0.731707
3 0.500000 0.500000 0.666667 0.666667
12 0.500000 0.500000 0.761905 0.761905
23 0.500000 0.505618 0.831579 0.831461
15 0.500000 0.500000 0.714286 0.827160
42 0.500000 0.512821 0.729730 0.717949
41 0.515152 0.513889 0.666667 0.694444
26 0.509615 0.500000 0.788462 0.795918
32 0.514286 0.485294 0.685714 0.676471
22 0.500000 0.513158 0.743590 0.710526
40 0.500000 0.500000 0.739130 0.772727
5 0.500000 0.485294 0.687500 0.676471
8 0.500000 0.500000 0.692308 0.736842
18 0.508621 0.508929 0.810345 0.803571
6 0.512500 0.512195 0.725000 0.731707
1 0.500000 0.500000 0.750000 0.714286
38 0.500000 0.500000 0.736842 0.800000
31 0.510000 0.489130 0.780000 0.760870
30 0.500000 0.500000 0.743590 0.729730
7 0.500000 0.500000 0.647059 0.647059
39 0.485714 0.500000 0.685714 0.722222
28 0.510000 0.500000 0.780000 0.777778
34 0.513889 0.513889 0.694444 0.694444
2 0.513158 0.500000 0.710526 0.736842
14 0.500000 0.500000 0.803922 0.803922
13 0.500000 0.511111 0.772727 0.755556
9 0.513889 0.500000 0.694444 0.714286
25 0.505747 0.506024 0.827586 0.819277
