5 0.511364 0.500000 0.750000 0.777778
28 0.506173 0.507246 0.814815 0.811594
12 0.500000 0.509615 0.807692 0.788462
13 0.500000 0.500000 0.814815 0.795918
15 0.512821 0.511905 0.717949 0.738095
1 0.506250 0.506667 0.812500 0.826667
6 0.500000 0.514286 0.657143 0.685714
16 0.500000 0.512500 0.743590 0.725000
33 0.500000 0.505747 0.811765 0.827586
25 0.500000 0.506494 0.822222 0.831169
31 0.500000 0.500000 0.787234 0.767442
2 0.500000 0.510417 0.791667 0.770833
32 0.512195 0.500000 0.731707 0.750000
11 0.500000 0.508333 0.820896 0.816667
27 0.500000 0.500000 0.769231 0.750000
9 0.510417 0.510417 0.770833 0.770833
4 0.512500 0.500000 0.725000 0.707317
30 0.500000 0.508065 0.843750 0.822581
8 0.500000 0.500000 0.772727 0.772727
20 0.500000 0.512821 0.750000 0.717949
39 0.500000 0.500000 0.840000 0.825000
42 0.512195 0.500000 0.731707 0.756098
22 0.507692 0.508065 0.830769 0.822581
41 0.510638 0.500000 0.765957 0.782609
34 0.510417 0.510417 0.770833 0.770833
21 0.508333 0.500000 0.816667 0.814815
17 0.500000 0.500000 0.729730 0.743590
35 0.500000 0.500000 0.787234 0.787234
38 0.500000 0.500000 0.803922 0.807692
7 0.500000 0.508929 0.818182 0.803571
18 0.500000 0.493506 0.837209 0.831169
