8 0.500000 0.506757 0.837838 0.824324
17 0.500000 0.514286 0.714286 0.685714
31 0.500000 0.505376 0.839286 0.817204
22 0.500000 0.500000 0.838384 0.824176
6 0.506667 0.506849 0.826667 0.821918
34 0.494845 0.494845 0.824742 0.824742
27 0.506024 0.506024 0.819277 0.819277
20 0.500000 0.500000 0.827586 0.827586
4 0.503448 0.503546 0.827586 0.822695
38 0.506579 0.506098 0.828947 0.817073
1 0.500000 0.507812 0.841270 0.828125
26 0.503497 0.504202 0.825175 0.823529
7 0.504808 0.500000 0.817308 0.825243
37 0.507812 0.507246 0.828125 0.811594
33 0.500000 0.500000 0.838384 0.830189
24 0.500000 0.500000 0.829545 0.829268
9 0.506173 0.500000 0.814815 0.804878
12 0.500000 0.500000 0.666667 0.625000
13 0.500000 0.500000 0.831169 0.838235
18 0.500000 0.500000 0.830688 0.834320
40 0.500000 0.503906 0.837037 0.820312
2 0.500000 0.500000 0.835052 0.838384
28 0.500000 0.500000 0.835294 0.842105
3 0.500000 0.506757 0.833333 0.824324
29 0.503546 0.500000 0.822695 0.833333
36 0.508475 0.507812 0.813559 0.828125
32 0.500000 0.504505 0.834862 0.828829
21 0.500000 0.500000 0.830986 0.827586
25 0.506250 0.506849 0.812500 0.821918
42 0.500000 0.500000 0.825000 0.842105
30 0.500000 0.503425 0.833333 0.828767
35 0.500000 0.506494 0.815789 0.831169
10 0.507353 0.507246 0.808824 0.811594
19 0.504505 0.504717 0.828829 0.820755
