9 0.511364 0.500000 0.750000 0.772727
2 0.507812 0.500000 0.828125 0.836066
1 0.512195 0.500000 0.731707 0.750000
3 0.512500 0.512500 0.725000 0.725000
23 0.509615 0.500000 0.788462 0.787234
17 0.500000 0.510870 0.756098 0.760870
11 0.500000 0.500000 0.830508 0.785714
35 0.511364 0.511111 0.750000 0.755556
10 0.500000 0.512195 0.750000 0.731707
14 0.500000 0.500000 0.772727 0.787234
25 0.500000 0.512821 0.714286 0.717949
22 0.510000 0.511111 0.780000 0.755556
12 0.500000 0.500000 0.772727 0.767442
30 0.500000 0.508333 0.820896 0.816667
8 0.500000 0.500000 0.743590 0.743590
16 0.486111 0.513158 0.694444 0.710526
36 0.513889 0.513514 0.694444 0.702703
15 0.509615 0.500000 0.788462 0.803922
18 0.500000 0.500000 0.700000 0.714286
40 0.500000 0.512500 0.707317 0.725000
7 0.513889 0.500000 0.694444 0.722222
34 0.500000 0.500000 0.756098 0.756098
33 0.505435 0.505682 0.815217 0.829545
38 0.511364 0.510870 0.750000 0.760870
5 0.510638 0.510638 0.765957 0.765957
13 0.500000 0.488372 0.739130 0.744186
39 0.500000 0.487805 0.736842 0.731707
28 0.500000 0.500000 0.800000 0.782609
