42 0.500000 0.500000 0.677419 0.687500
10 0.484848 0.485294 0.666667 0.676471
6 0.500000 0.500000 0.687500 0.705882
5 0.500000 0.500000 0.666667 0.655172
19 0.513514 0.500000 0.702703 0.675676
14 0.500000 0.509804 0.795918 0.784314
20 0.511905 0.512821 0.738095 0.717949
25 0.506667 0.507143 0.826667 0.814286
12 0.500000 0.512500 0.736842 0.725000
24 0.500000 0.500000 0.827586 0.818182
8 0.500000 0.500000 0.687500 0.687500
0 0.500000 0.500000 0.696970 0.696970
32 0.516667 0.517241 0.633333 0.620690
39 0.515152 0.500000 0.666667 0.687500
7 0.500000 0.513158 0.729730 0.710526
28 0.512500 0.500000 0.725000 0.729730
23 0.508621 0.509259 0.810345 0.796296
36 0.516129 0.500000 0.645161 0.666667
40 0.488372 0.500000 0.744186 0.767442
2 0.490566 0.500000 0.792453 0.803922
18 0.509615 0.510204 0.788462 0.775510
35 0.500000 0.500000 0.629630 0.629630
3 0.500000 0.513514 0.714286 0.702703
15 0.516129 0.500000 0.645161 0.705882
34 0.490566 0.490909 0.792453 0.800000
4 0.484375 0.500000 0.656250 0.625000
27 0.500000 0.500000 0.727273 0.733333
31 0.500000 0.500000 0.772727 0.714286
38 0.500000 0.511628 0.750000 0.744186
9 0.500000 0.515152 0.687500 0.666667
16 0.513889 0.500000 0.694444 0.729730
30 0.510638 0.500000 0.765957 0.750000
