10 0.500000 0.510000 0.795918 0.780000
24 0.491228 0.490566 0.807018 0.792453
27 0.500000 0.505814 0.806452 0.825581
42 0.510638 0.500000 0.765957 0.755102
11 0.500000 0.510417 0.803922 0.770833
23 0.490000 0.500000 0.780000 0.755102
8 0.510638 0.510000 0.765957 0.780000
18 0.515152 0.517241 0.666667 0.620690
41 0.500000 0.490000 0.755102 0.780000
36 0.500000 0.509434 0.777778 0.792453
14 0.500000 0.505618 0.840909 0.831461
17 0.516667 0.500000 0.633333 0.696970
6 0.500000 0.509804 0.795918 0.784314
38 0.490196 0.490196 0.784314 0.784314
34 0.500000 0.507937 0.818182 0.825397
15 0.509434 0.509434 0.792453 0.792453
5 0.500000 0.500000 0.791667 0.795918
35 0.500000 0.500000 0.838710 0.841270
1 0.506173 0.506173 0.814815 0.814815
7 0.500000 0.489796 0.795918 0.775510
21 0.507246 0.507812 0.811594 0.828125
29 0.510417 0.500000 0.770833 0.840000
30 0.508065 0.509091 0.822581 0.800000
3 0.500000 0.510638 0.782609 0.765957
26 0.500000 0.508621 0.833333 0.810345
19 0.500000 0.505319 0.831776 0.819149
32 0.500000 0.511111 0.772727 0.755556
13 0.509434 0.509804 0.792453 0.784314
31 0.500000 0.507246 0.837838 0.811594
37 0.510870 0.510870 0.760870 0.760870
39 0.500000 0.503906 0.826772 0.820312
22 0.507353 0.500000 0.808824 0.827586
16 0.500000 0.505263 0.831579 0.821053
20 0.508929 0.509804 0.803571 0.784314
