11 0.504630 0.500000 0.824074 0.833333
30 0.508427 0.503268 0.837079 0.823529
16 0.509615 0.508929 0.788462 0.803571
4 0.507692 0.507812 0.830769 0.828125
2 0.530822 0.500000 0.869863 0.833333
34 0.505319 0.500000 0.819149 0.827957
25 0.500000 0.500000 0.827338 0.829060
22 0.500000 0.500000 0.837838 0.828125
3 0.500000 0.500000 0.829268 0.837209
15 0.500000 0.505882 0.833333 0.823529
23 0.500000 0.505882 0.838384 0.823529
36 0.500000 0.505747 0.837838 0.827586
26 0.500000 0.504762 0.836364 0.819048
20 0.508197 0.500000 0.819672 0.833333
12 0.500000 0.500000 0.825243 0.828571
35 0.503356 0.503425 0.832215 0.828767
38 0.506173 0.505882 0.814815 0.823529
17 0.500000 0.507143 0.838710 0.814286
33 0.509434 0.500000 0.830189 0.831776
14 0.503571 0.500000 0.821429 0.835821
40 0.500000 0.500000 0.819820 0.814815
18 0.500000 0.500000 0.793103 0.800000
1 0.506849 0.500000 0.821918 0.830986
5 0.503731 0.503571 0.828358 0.821429
