25 0.500000 0.500000 0.767442 0.761905
11 0.500000 0.500000 0.789474 0.764706
4 0.500000 0.500000 0.810811 0.837838
30 0.509091 0.509091 0.800000 0.800000
42 0.500000 0.500000 0.800000 0.800000
1 0.500000 0.504950 0.840909 0.831683
36 0.507812 0.507692 0.828125 0.830769
32 0.509615 0.509259 0.788462 0.796296
7 0.507143 0.507143 0.814286 0.814286
26 0.507812 0.508333 0.828125 0.816667
31 0.500000 0.500000 0.833333 0.821429
37 0.492857 0.500000 0.814286 0.833333
35 0.500000 0.507353 0.818182 0.808824
33 0.505882 0.500000 0.823529 0.837209
18 0.500000 0.506579 0.833333 0.828947
3 0.500000 0.506024 0.835616 0.819277
39 0.500000 0.500000 0.743590 0.743590
34 0.513158 0.512195 0.710526 0.731707
27 0.500000 0.500000 0.827586 0.824561
8 0.510204 0.510204 0.775510 0.775510
17 0.500000 0.508333 0.818182 0.816667
22 0.507812 0.508333 0.828125 0.816667
13 0.507812 0.500000 0.828125 0.818182
16 0.500000 0.504065 0.836066 0.829268
24 0.505208 0.500000 0.822917 0.833333
0 0.500000 0.494118 0.804878 0.823529
41 0.508333 0.500000 0.816667 0.836066
15 0.508621 0.508621 0.810345 0.810345
9 0.500000 0.509259 0.814815 0.796296
5 0.500000 0.500000 0.830986 0.830986
40 0.505435 0.505618 0.815217 0.831461
38 0.500000 0.500000 0.835616 0.829787
10 0.509259 0.500000 0.796296 0.811321
6 0.491935 0.507937 0.822581 0.825397
14 0.493421 0.500000 0.828947 0.825000
