3 0.500000 0.510638 0.782609 0.765957
22 0.510417 0.500000 0.770833 0.782609
28 0.500000 0.500000 0.811321 0.787234
14 0.506667 0.506579 0.826667 0.828947
2 0.488889 0.511111 0.755556 0.755556
12 0.515152 0.500000 0.666667 0.629630
7 0.509434 0.500000 0.792453 0.807692
35 0.510870 0.510638 0.760870 0.765957
18 0.500000 0.500000 0.838710 0.833333
31 0.500000 0.500000 0.821429 0.800000
8 0.500000 0.500000 0.782609 0.777778
19 0.507812 0.500000 0.828125 0.833333
33 0.500000 0.500000 0.807692 0.811321
21 0.510204 0.500000 0.775510 0.767442
1 0.500000 0.513158 0.729730 0.710526
4 0.500000 0.500000 0.827160 0.822785
9 0.511111 0.511111 0.755556 0.755556
10 0.512500 0.512195 0.725000 0.731707
15 0.500000 0.500000 0.782609 0.791667
37 0.511628 0.500000 0.744186 0.733333
11 0.500000 0.500000 0.808219 0.800000
0 0.506250 0.500000 0.812500 0.833333
38 0.511364 0.500000 0.750000 0.782609
41 0.500000 0.511364 0.761905 0.750000
17 0.500000 0.500000 0.642857 0.642857
32 0.510417 0.500000 0.770833 0.787234
39 0.500000 0.509091 0.807692 0.800000
29 0.508772 0.490909 0.807018 0.800000
5 0.511111 0.500000 0.755556 0.782609
16 0.510638 0.510638 0.765957 0.765957
34 0.493333 0.500000 0.826667 0.837838
6 0.510000 0.500000 0.780000 0.791667
25 0.509434 0.500000 0.792453 0.787234
13 0.491228 0.500000 0.807018 0.791667
42 0.500000 0.510000 0.800000 0.780000
30 0.506667 0.500000 0.826667 0.820896
