9 0.492188 0.500000 0.828125 0.838710
42 0.500000 0.508621 0.824561 0.810345
18 0.504762 0.500000 0.819048 0.829787
4 0.500000 0.500000 0.836735 0.840000
32 0.507692 0.500000 0.830769 0.843750
23 0.506944 0.507692 0.819444 0.830769
33 0.500000 0.495798 0.816667 0.823529
29 0.505682 0.506173 0.829545 0.814815
31 0.500000 0.508197 0.820896 0.819672
17 0.507353 0.506849 0.808824 0.821918
30 0.507692 0.500000 0.830769 0.843750
6 0.506579 0.500000 0.828947 0.829268
10 0.500000 0.508475 0.827586 0.813559
16 0.496296 0.496324 0.829630 0.830882
1 0.500000 0.500000 0.834862 0.821138
12 0.500000 0.506173 0.825000 0.814815
5 0.500000 0.504762 0.838384 0.819048
24 0.503731 0.504237 0.828358 0.822034
28 0.500000 0.500000 0.833333 0.835294
37 0.500000 0.500000 0.825000 0.833333
35 0.500000 0.500000 0.816092 0.818182
2 0.500000 0.507246 0.843750 0.811594
34 0.500000 0.500000 0.772727 0.772727
40 0.500000 0.500000 0.823009 0.836364
21 0.505155 0.500000 0.824742 0.818182
8 0.508929 0.500000 0.803571 0.814815
25 0.500000 0.510417 0.791667 0.770833
39 0.511628 0.500000 0.744186 0.761905
3 0.500000 0.500000 0.829268 0.824176
26 0.505747 0.500000 0.827586 0.827160
22 0.505882 0.506494 0.823529 0.831169
0 0.505155 0.500000 0.824742 0.840000
20 0.493421 0.500000 0.828947 0.818182
13 0.506579 0.507353 0.828947 0.808824
11 0.507143 0.500000 0.814286 0.836066
15 0.506849 0.506757 0.821918 0.824324
19 0.500000 0.500000 0.836066 0.831776
