11 0.508772 0.500000 0.807018 0.807692
5 0.511905 0.500000 0.738095 0.756098
39 0.500000 0.500000 0.714286 0.729730
28 0.510204 0.500000 0.775510 0.772727
3 0.513514 0.500000 0.702703 0.722222
35 0.500000 0.500000 0.736842 0.743590
2 0.500000 0.509259 0.785714 0.796296
10 0.512500 0.500000 0.725000 0.743590
22 0.500000 0.511905 0.787234 0.738095
21 0.500000 0.500000 0.787234 0.744681
25 0.500000 0.513514 0.736842 0.702703
30 0.500000 0.508772 0.836066 0.807018
15 0.500000 0.500000 0.791667 0.791667
14 0.500000 0.500000 0.743590 0.756098
36 0.500000 0.485294 0.696970 0.676471
6 0.500000 0.513889 0.705882 0.694444
12 0.500000 0.500000 0.750000 0.750000
16 0.500000 0.500000 0.705882 0.714286
17 0.500000 0.500000 0.729730 0.756098
18 0.500000 0.500000 0.729730 0.705882
8 0.512821 0.500000 0.717949 0.736842
23 0.500000 0.510870 0.795918 0.760870
40 0.513514 0.500000 0.702703 0.722222
