14 0.500000 0.500000 0.811321 0.811321
9 0.516129 0.500000 0.645161 0.666667
13 0.515625 0.515152 0.656250 0.666667
19 0.513158 0.500000 0.710526 0.677419
22 0.500000 0.500000 0.714286 0.722222
31 0.513889 0.500000 0.694444 0.714286
40 0.508333 0.508333 0.816667 0.816667
37 0.511628 0.511111 0.744186 0.755556
16 0.500000 0.500000 0.666667 0.666667
21 0.500000 0.500000 0.714286 0.657143
17 0.515625 0.515625 0.656250 0.656250
10 0.500000 0.500000 0.696970 0.696970
41 0.482759 0.500000 0.620690 0.642857
20 0.500000 0.516129 0.687500 0.645161
30 0.500000 0.513889 0.729730 0.694444
8 0.500000 0.500000 0.696970 0.705882
29 0.513514 0.500000 0.702703 0.696970
38 0.500000 0.514706 0.666667 0.676471
12 0.490000 0.500000 0.780000 0.769231
36 0.514286 0.514286 0.685714 0.685714
1 0.514706 0.515625 0.676471 0.656250
7 0.486842 0.513158 0.710526 0.710526
2 0.514706 0.514706 0.676471 0.676471
3 0.500000 0.500000 0.657143 0.696970
34 0.483871 0.515152 0.645161 0.666667
42 0.482759 0.500000 0.620690 0.600000
25 0.500000 0.513514 0.729730 0.702703
23 0.500000 0.514286 0.714286 0.685714
11 0.500000 0.510638 0.803922 0.765957
35 0.500000 0.500000 0.655172 0.655172
24 0.517241 0.517857 0.620690 0.607143
15 0.500000 0.500000 0.655172 0.655172
26 0.512500 0.500000 0.725000 0.722222
5 0.516129 0.516667 0.645161 0.633333
4 0.489796 0.500000 0.775510 0.791667
