41 0.500000 0.517241 0.629630 0.620690
32 0.500000 0.500000 0.629630 0.629630
7 0.500000 0.500000 0.615385 0.586207
17 0.500000 0.500000 0.655172 0.655172
5 0.500000 0.517241 0.629630 0.620690
14 0.500000 0.500000 0.696970 0.705882
36 0.500000 0.500000 0.696970 0.687500
30 0.486111 0.500000 0.694444 0.696970
4 0.500000 0.500000 0.750000 0.761905
13 0.517857 0.500000 0.607143 0.666667
24 0.490741 0.508197 0.796296 0.819672
35 0.500000 0.516667 0.642857 0.633333
8 0.517857 0.500000 0.607143 0.600000
27 0.513158 0.500000 0.710526 0.675676
37 0.515625 0.515625 0.656250 0.656250
33 0.500000 0.518519 0.629630 0.592593
23 0.500000 0.500000 0.823529 0.841270
31 0.500000 0.500000 0.707317 0.684211
28 0.512821 0.485714 0.717949 0.685714
3 0.483333 0.516667 0.633333 0.633333
16 0.500000 0.500000 0.743590 0.767442
2 0.518519 0.500000 0.592593 0.642857
6 0.500000 0.515152 0.677419 0.666667
21 0.500000 0.515152 0.696970 0.666667
0 0.516129 0.516129 0.645161 0.645161
18 0.510638 0.488095 0.765957 0.738095
38 0.483871 0.500000 0.645161 0.692308
15 0.500000 0.508621 0.615385 0.810345
20 0.515152 0.483871 0.666667 0.645161
9 0.517857 0.518519 0.607143 0.592593
11 0.500000 0.500000 0.818182 0.777778
39 0.500000 0.500000 0.615385 0.642857
19 0.500000 0.516129 0.636364 0.645161
1 0.500000 0.515152 0.625000 0.666667
42 0.500000 0.500000 0.655172 0.655172
34 0.500000 0.500000 0.655172 0.655172
10 0.482759 0.518519 0.620690 0.592593
40 0.500000 0.500000 0.666667 0.625000
25 0.508065 0.508065 0.822581 0.822581
26 0.511905 0.512500 0.738095 0.725000
