34 0.500000 0.500000 0.815385 0.828571
20 0.504717 0.505051 0.820755 0.828283
25 0.502165 0.500000 0.831169 0.821596
15 0.500000 0.500000 0.800000 0.807692
38 0.507246 0.507042 0.811594 0.816901
27 0.508333 0.508333 0.816667 0.816667
4 0.500000 0.500000 0.827160 0.831325
9 0.492857 0.492647 0.814286 0.808824
5 0.510000 0.509804 0.780000 0.784314
0 0.500000 0.505376 0.829787 0.817204
29 0.504717 0.500000 0.820755 0.835052
40 0.495455 0.500000 0.827273 0.831776
3 0.500000 0.500000 0.821429 0.793103
10 0.510204 0.500000 0.775510 0.795918
30 0.500000 0.500000 0.833333 0.828125
7 0.500000 0.500000 0.831776 0.837838
31 0.500000 0.506098 0.813953 0.817073
37 0.506944 0.507143 0.819444 0.814286
18 0.500000 0.504032 0.835821 0.830645
39 0.500000 0.500000 0.835052 0.828571
22 0.500000 0.500000 0.835052 0.833333
32 0.500000 0.500000 0.833333 0.831325
26 0.500000 0.503676 0.832168 0.830882
33 0.505102 0.500000 0.826531 0.836735
36 0.505882 0.505376 0.823529 0.817204
28 0.500000 0.505155 0.830189 0.824742
1 0.496269 0.500000 0.828358 0.815603
24 0.500000 0.503571 0.835443 0.821429
41 0.500000 0.507042 0.828571 0.816901
11 0.500000 0.500000 0.833333 0.828571
12 0.500000 0.500000 0.831579 0.835052
13 0.497368 0.500000 0.826316 0.833333
19 0.495455 0.495192 0.827273 0.817308
35 0.500000 0.500000 0.750000 0.777778
14 0.500000 0.503268 0.823899 0.823529
23 0.500000 0.500000 0.833333 0.819444
