9 0.485294 0.485294 0.676471 0.676471
40 0.500000 0.507812 0.833333 0.828125
39 0.512500 0.500000 0.725000 0.707317
5 0.500000 0.511364 0.767442 0.750000
35 0.500000 0.508772 0.796610 0.807018
36 0.500000 0.487179 0.692308 0.717949
3 0.500000 0.512195 0.750000 0.731707
21 0.500000 0.509091 0.841270 0.800000
20 0.512500 0.512500 0.725000 0.725000
17 0.500000 0.515625 0.655172 0.656250
15 0.500000 0.510638 0.782609 0.765957
26 0.510870 0.500000 0.760870 0.761905
1 0.500000 0.509091 0.791667 0.800000
29 0.500000 0.500000 0.830508 0.814815
30 0.500000 0.512821 0.767442 0.717949
22 0.512500 0.500000 0.725000 0.692308
16 0.506944 0.493056 0.819444 0.819444
33 0.500000 0.507937 0.838710 0.825397
11 0.500000 0.500000 0.823529 0.836066
31 0.500000 0.500000 0.795918 0.777778
34 0.512500 0.512195 0.725000 0.731707
6 0.500000 0.513889 0.696970 0.694444
24 0.510638 0.510000 0.765957 0.780000
14 0.510638 0.509091 0.765957 0.800000
28 0.500000 0.500000 0.835294 0.840000
23 0.500000 0.500000 0.838710 0.824561
7 0.512821 0.512500 0.717949 0.725000
4 0.500000 0.512500 0.729730 0.725000
