14 0.507353 0.507353 0.808824 0.808824
31 0.500000 0.500000 0.803922 0.795918
24 0.510638 0.500000 0.765957 0.772727
32 0.500000 0.500000 0.657143 0.675676
10 0.510638 0.510638 0.765957 0.765957
17 0.500000 0.510417 0.787234 0.770833
22 0.509259 0.509615 0.796296 0.788462
26 0.500000 0.500000 0.818182 0.800000
28 0.507143 0.507143 0.814286 0.814286
16 0.512195 0.500000 0.731707 0.756098
6 0.511905 0.511111 0.738095 0.755556
34 0.488889 0.510000 0.755556 0.780000
19 0.500000 0.490909 0.803279 0.800000
27 0.500000 0.509804 0.811321 0.784314
40 0.505376 0.500000 0.817204 0.840909
8 0.510638 0.510204 0.765957 0.775510
29 0.506849 0.500000 0.821918 0.833333
3 0.510870 0.489130 0.760870 0.760870
38 0.509615 0.500000 0.788462 0.807692
36 0.509091 0.509091 0.800000 0.800000
41 0.511111 0.500000 0.755556 0.739130
0 0.491071 0.500000 0.803571 0.814815
42 0.500000 0.512500 0.761905 0.725000
25 0.500000 0.507937 0.823529 0.825397
18 0.503876 0.500000 0.821705 0.827586
15 0.510870 0.500000 0.760870 0.777778
20 0.500000 0.510638 0.795918 0.765957
39 0.500000 0.508475 0.827586 0.813559
5 0.512195 0.511364 0.731707 0.750000
13 0.508065 0.508772 0.822581 0.807018
