8 0.500000 0.500000 0.714286 0.714286
28 0.510638 0.511628 0.765957 0.744186
15 0.500000 0.513158 0.705882 0.710526
26 0.500000 0.511364 0.772727 0.750000
27 0.500000 0.500000 0.791667 0.755102
41 0.510638 0.500000 0.765957 0.787234
42 0.485294 0.514286 0.676471 0.685714
30 0.500000 0.500000 0.814815 0.791667
12 0.500000 0.511905 0.772727 0.738095
36 0.513889 0.513514 0.694444 0.702703
7 0.511905 0.511905 0.738095 0.738095
21 0.500000 0.500000 0.772727 0.756098
20 0.510417 0.511111 0.770833 0.755556
38 0.500000 0.511364 0.761905 0.750000
16 0.512500 0.512195 0.725000 0.731707
9 0.485714 0.500000 0.685714 0.666667
22 0.510000 0.510870 0.780000 0.760870
34 0.500000 0.500000 0.806452 0.841270
4 0.514286 0.514286 0.685714 0.685714
40 0.490196 0.490000 0.784314 0.780000
23 0.507692 0.500000 0.830769 0.833333
39 0.500000 0.500000 0.722222 0.684211
10 0.513889 0.513514 0.694444 0.702703
17 0.484848 0.500000 0.666667 0.647059
35 0.516129 0.500000 0.645161 0.677419
19 0.488095 0.487805 0.738095 0.731707
5 0.500000 0.500000 0.687500 0.636364
32 0.514286 0.500000 0.685714 0.684211
13 0.500000 0.510417 0.773585 0.770833
31 0.500000 0.500000 0.791667 0.772727
24 0.507143 0.500000 0.814286 0.841270
2 0.509091 0.500000 0.800000 0.814815
37 0.513514 0.500000 0.702703 0.722222
29 0.509259 0.510204 0.796296 0.775510
25 0.494792 0.500000 0.822917 0.813953
11 0.500000 0.500000 0.755102 0.767442
18 0.500000 0.509091 0.796610 0.800000
