20 0.512195 0.512195 0.731707 0.731707
35 0.500000 0.500000 0.736842 0.743590
25 0.500000 0.500000 0.795918 0.777778
14 0.491379 0.508621 0.810345 0.810345
9 0.512821 0.500000 0.717949 0.736842
13 0.511364 0.512500 0.750000 0.725000
37 0.500000 0.512821 0.729730 0.717949
1 0.515625 0.500000 0.656250 0.687500
6 0.511111 0.511364 0.755556 0.750000
4 0.500000 0.507692 0.843750 0.830769
15 0.487500 0.511905 0.725000 0.738095
12 0.515625 0.517857 0.656250 0.607143
32 0.500000 0.500000 0.692308 0.700000
41 0.513158 0.512821 0.710526 0.717949
10 0.514286 0.514286 0.685714 0.685714
7 0.500000 0.510870 0.777778 0.760870
16 0.500000 0.500000 0.729730 0.729730
17 0.508197 0.500000 0.819672 0.836066
11 0.500000 0.508929 0.821429 0.803571
42 0.511364 0.511364 0.750000 0.750000
28 0.500000 0.500000 0.755102 0.767442
0 0.506757 0.500000 0.824324 0.822785
33 0.511628 0.500000 0.744186 0.767442
38 0.513158 0.500000 0.710526 0.743590
29 0.509434 0.500000 0.792453 0.791667
5 0.500000 0.500000 0.729730 0.743590
18 0.495370 0.494737 0.824074 0.821053
8 0.512500 0.500000 0.725000 0.736842
26 0.500000 0.510204 0.811321 0.775510
19 0.500000 0.500000 0.818182 0.807692
40 0.491667 0.500000 0.816667 0.803279
3 0.500000 0.512195 0.750000 0.731707
27 0.509615 0.510000 0.788462 0.780000
31 0.500000 0.500000 0.791667 0.767442
