15 0.500000 0.510417 0.777778 0.770833
0 0.500000 0.500000 0.714286 0.722222
2 0.511364 0.500000 0.750000 0.743590
30 0.513158 0.500000 0.710526 0.722222
34 0.486486 0.500000 0.702703 0.767442
33 0.500000 0.517241 0.629630 0.620690
19 0.500000 0.500000 0.827160 0.820896
11 0.514706 0.500000 0.676471 0.642857
8 0.512500 0.511905 0.725000 0.738095
9 0.500000 0.512500 0.736842 0.725000
16 0.507812 0.500000 0.828125 0.841270
40 0.511111 0.512195 0.755556 0.731707
14 0.508475 0.500000 0.813559 0.827586
1 0.500000 0.508065 0.836066 0.822581
5 0.513889 0.513158 0.694444 0.710526
24 0.500000 0.515625 0.705882 0.656250
4 0.500000 0.510204 0.791667 0.775510
39 0.500000 0.505263 0.826087 0.821053
6 0.513889 0.513514 0.694444 0.702703
38 0.514706 0.514706 0.676471 0.676471
7 0.515152 0.514706 0.666667 0.676471
32 0.500000 0.500000 0.677419 0.677419
10 0.500000 0.511905 0.756098 0.738095
36 0.500000 0.500000 0.767442 0.767442
12 0.500000 0.500000 0.636364 0.675676
13 0.485714 0.500000 0.685714 0.696970
28 0.487500 0.500000 0.725000 0.700000
18 0.500000 0.500000 0.642857 0.615385
21 0.500000 0.500000 0.772727 0.727273
31 0.509804 0.500000 0.784314 0.772727
26 0.513514 0.500000 0.702703 0.722222
37 0.512195 0.512195 0.731707 0.731707
20 0.500000 0.515152 0.722222 0.666667
22 0.511628 0.512195 0.744186 0.731707
25 0.509434 0.500000 0.792453 0.803922
27 0.500000 0.490909 0.796610 0.800000
