20 0.500000 0.500000 0.807692 0.807692
16 0.488636 0.489583 0.750000 0.770833
15 0.507692 0.500000 0.830769 0.843750
26 0.492647 0.508475 0.808824 0.813559
7 0.500000 0.511628 0.756098 0.744186
2 0.505102 0.500000 0.826531 0.824176
35 0.500000 0.500000 0.802817 0.828571
11 0.506024 0.500000 0.819277 0.830986
3 0.500000 0.500000 0.818182 0.821429
34 0.500000 0.500000 0.824561 0.827586
12 0.507692 0.507812 0.830769 0.828125
39 0.500000 0.500000 0.807692 0.793103
8 0.500000 0.500000 0.787234 0.787234
22 0.500000 0.500000 0.831325 0.833333
21 0.505952 0.506098 0.821429 0.817073
5 0.506944 0.500000 0.819444 0.830986
30 0.500000 0.500000 0.828571 0.827957
23 0.500000 0.500000 0.828571 0.836066
31 0.506098 0.500000 0.817073 0.830986
10 0.509434 0.500000 0.792453 0.807692
38 0.500000 0.500000 0.830508 0.836066
40 0.500000 0.507692 0.843750 0.830769
18 0.510204 0.511111 0.775510 0.755556
36 0.500000 0.500000 0.785714 0.789474
4 0.509615 0.509615 0.788462 0.788462
1 0.508772 0.500000 0.807018 0.818182
33 0.500000 0.494949 0.838384 0.828283
17 0.489796 0.500000 0.775510 0.807692
