26 0.500000 0.482759 0.687500 0.620690
32 0.482759 0.517241 0.620690 0.620690
12 0.515152 0.500000 0.666667 0.696970
22 0.512821 0.514286 0.717949 0.685714
39 0.508929 0.500000 0.803571 0.824561
36 0.500000 0.515625 0.666667 0.656250
3 0.517241 0.500000 0.620690 0.642857
1 0.500000 0.490566 0.811321 0.792453
11 0.510870 0.500000 0.760870 0.727273
41 0.485294 0.514706 0.676471 0.676471
31 0.514706 0.500000 0.676471 0.625000
16 0.500000 0.500000 0.642857 0.666667
24 0.500000 0.500000 0.743590 0.722222
35 0.500000 0.517241 0.615385 0.620690
5 0.500000 0.483871 0.666667 0.645161
40 0.500000 0.500000 0.642857 0.642857
8 0.500000 0.516129 0.625000 0.645161
30 0.513158 0.512821 0.710526 0.717949
23 0.513514 0.515152 0.702703 0.666667
10 0.514706 0.514286 0.676471 0.685714
28 0.500000 0.500000 0.827586 0.803922
20 0.500000 0.517857 0.629630 0.607143
21 0.500000 0.500000 0.705882 0.657143
29 0.500000 0.500000 0.705882 0.666667
27 0.500000 0.515625 0.705882 0.656250
17 0.500000 0.516667 0.642857 0.633333
18 0.491379 0.500000 0.810345 0.803922
25 0.508772 0.509804 0.807018 0.784314
7 0.500000 0.514286 0.705882 0.685714
15 0.500000 0.516667 0.629630 0.633333
42 0.516129 0.500000 0.645161 0.677419
9 0.500000 0.500000 0.655172 0.655172
6 0.518519 0.500000 0.592593 0.586207
