17 0.511364 0.510417 0.750000 0.770833
3 0.500000 0.500000 0.782609 0.787234
39 0.500000 0.510870 0.761905 0.760870
40 0.500000 0.500000 0.795918 0.791667
14 0.508929 0.508621 0.803571 0.810345
4 0.500000 0.500000 0.777778 0.782609
9 0.490566 0.500000 0.792453 0.807692
38 0.510000 0.509615 0.780000 0.788462
11 0.500000 0.500000 0.826087 0.833333
13 0.508929 0.509434 0.803571 0.792453
12 0.500000 0.509615 0.807692 0.788462
36 0.488636 0.500000 0.750000 0.739130
33 0.500000 0.500000 0.831579 0.827957
21 0.508065 0.500000 0.822581 0.824561
5 0.500000 0.508929 0.818182 0.803571
34 0.510204 0.500000 0.775510 0.795918
1 0.500000 0.500000 0.782609 0.777778
22 0.500000 0.508929 0.838710 0.803571
8 0.500000 0.500000 0.767442 0.767442
28 0.507812 0.500000 0.828125 0.818182
10 0.500000 0.500000 0.777778 0.777778
2 0.493421 0.506757 0.828947 0.824324
30 0.500000 0.500000 0.827160 0.830986
23 0.500000 0.509091 0.830508 0.800000
15 0.500000 0.500000 0.821429 0.821429
