40 0.500000 0.506849 0.830986 0.821918
6 0.500000 0.510417 0.791667 0.770833
1 0.513889 0.513514 0.694444 0.702703
15 0.500000 0.510638 0.772727 0.765957
21 0.500000 0.511905 0.782609 0.738095
5 0.500000 0.500000 0.761905 0.772727
18 0.504167 0.500000 0.825000 0.828571
3 0.510870 0.488889 0.760870 0.755556
0 0.506494 0.500000 0.831169 0.829268
36 0.500000 0.500000 0.720930 0.767442
29 0.509091 0.490385 0.800000 0.788462
4 0.493421 0.500000 0.828947 0.815789
34 0.500000 0.506757 0.835616 0.824324
7 0.500000 0.509804 0.800000 0.784314
38 0.500000 0.510870 0.761905 0.760870
27 0.500000 0.500000 0.821429 0.811321
19 0.508197 0.508475 0.819672 0.813559
28 0.490385 0.500000 0.788462 0.782609
8 0.511364 0.500000 0.750000 0.761905
33 0.509615 0.500000 0.788462 0.803922
35 0.500000 0.510870 0.733333 0.760870
10 0.512500 0.512195 0.725000 0.731707
11 0.507353 0.507692 0.808824 0.830769
26 0.500000 0.500000 0.838710 0.824561
13 0.500000 0.500000 0.803922 0.744681
30 0.506944 0.500000 0.819444 0.838710
2 0.500000 0.511364 0.761905 0.750000
37 0.512195 0.511905 0.731707 0.738095
24 0.508621 0.500000 0.810345 0.814815
32 0.511111 0.488889 0.755556 0.755556
14 0.500000 0.500000 0.826087 0.828571
22 0.500000 0.488889 0.777778 0.755556
39 0.510000 0.500000 0.780000 0.803922
9 0.500000 0.511364 0.767442 0.750000
