6 0.500000 0.500000 0.782609 0.791667
32 0.511364 0.500000 0.750000 0.767442
42 0.511905 0.500000 0.738095 0.756098
14 0.500000 0.500000 0.800000 0.830508
36 0.510000 0.510000 0.780000 0.780000
21 0.509434 0.510000 0.792453 0.780000
37 0.507812 0.500000 0.828125 0.826087
26 0.509259 0.510000 0.796296 0.780000
27 0.500000 0.509804 0.811321 0.784314
0 0.507937 0.500000 0.825397 0.797101
8 0.500000 0.500000 0.756098 0.756098
20 0.510000 0.500000 0.780000 0.772727
30 0.510638 0.510638 0.765957 0.765957
16 0.500000 0.500000 0.819820 0.819820
4 0.500000 0.491071 0.781818 0.803571
13 0.500000 0.500000 0.811321 0.782609
12 0.492958 0.500000 0.816901 0.800000
28 0.500000 0.508333 0.820896 0.816667
17 0.500000 0.500000 0.787234 0.760000
33 0.500000 0.500000 0.785714 0.789474
5 0.500000 0.500000 0.818182 0.818182
7 0.500000 0.500000 0.824561 0.824561
9 0.500000 0.511364 0.772727 0.750000
29 0.500000 0.500000 0.777778 0.795918
39 0.486111 0.500000 0.694444 0.675676
38 0.500000 0.505682 0.805556 0.829545
1 0.500000 0.500000 0.826087 0.827160
25 0.512821 0.513158 0.717949 0.710526
22 0.509615 0.500000 0.788462 0.782609
19 0.500000 0.508475 0.841270 0.813559
23 0.509434 0.500000 0.792453 0.787234
15 0.510204 0.500000 0.775510 0.755102
35 0.500000 0.509434 0.807692 0.792453
41 0.490000 0.490000 0.780000 0.780000
24 0.500000 0.500000 0.820896 0.803279
10 0.500000 0.510870 0.777778 0.760870
18 0.507042 0.500000 0.816901 0.841270
2 0.500000 0.511364 0.761905 0.750000
11 0.511111 0.500000 0.755556 0.756098
