11 0.508475 0.509259 0.813559 0.796296
17 0.500000 0.500000 0.629630 0.666667
20 0.514286 0.514286 0.685714 0.685714
24 0.511628 0.500000 0.744186 0.777778
9 0.500000 0.500000 0.666667 0.666667
26 0.511905 0.512821 0.738095 0.717949
2 0.500000 0.514286 0.696970 0.685714
1 0.510417 0.500000 0.770833 0.803922
18 0.500000 0.508621 0.841270 0.810345
7 0.500000 0.513158 0.722222 0.710526
23 0.509615 0.510204 0.788462 0.775510
5 0.500000 0.500000 0.736842 0.736842
10 0.512821 0.500000 0.717949 0.736842
14 0.487179 0.500000 0.717949 0.739130
29 0.500000 0.500000 0.800000 0.777778
12 0.512500 0.512500 0.725000 0.725000
30 0.500000 0.514286 0.750000 0.685714
33 0.500000 0.508772 0.818182 0.807018
15 0.500000 0.500000 0.756098 0.756098
28 0.500000 0.507353 0.813333 0.808824
35 0.500000 0.490000 0.800000 0.780000
16 0.500000 0.507246 0.823529 0.811594
22 0.500000 0.500000 0.705882 0.687500
6 0.500000 0.515152 0.666667 0.666667
34 0.513514 0.500000 0.702703 0.736842
25 0.500000 0.505747 0.808511 0.827586
21 0.508621 0.500000 0.810345 0.782609
31 0.511364 0.500000 0.750000 0.743590
40 0.500000 0.500000 0.787234 0.787234
8 0.513158 0.500000 0.710526 0.729730
39 0.486111 0.513514 0.694444 0.702703
38 0.483871 0.500000 0.645161 0.625000
3 0.500000 0.500000 0.722222 0.729730
4 0.500000 0.500000 0.647059 0.705882
