16 0.515625 0.515625 0.656250 0.656250
6 0.515625 0.515152 0.656250 0.666667
20 0.500000 0.513889 0.722222 0.694444
12 0.500000 0.513514 0.714286 0.702703
24 0.508621 0.500000 0.810345 0.785714
0 0.516129 0.516129 0.645161 0.645161
11 0.500000 0.507042 0.842105 0.816901
1 0.510870 0.510417 0.760870 0.770833
35 0.515152 0.500000 0.666667 0.647059
19 0.510417 0.500000 0.770833 0.767442
7 0.487805 0.511364 0.731707 0.750000
25 0.515625 0.500000 0.656250 0.666667
5 0.500000 0.518519 0.600000 0.592593
27 0.500000 0.500000 0.722222 0.696970
38 0.512821 0.500000 0.717949 0.736842
2 0.500000 0.500000 0.642857 0.642857
4 0.500000 0.500000 0.696970 0.696970
29 0.512195 0.500000 0.731707 0.736842
28 0.500000 0.500000 0.761905 0.743590
40 0.500000 0.513889 0.714286 0.694444
15 0.483333 0.500000 0.633333 0.722222
33 0.487805 0.487500 0.731707 0.725000
8 0.500000 0.482143 0.642857 0.607143
34 0.516129 0.516667 0.645161 0.633333
36 0.500000 0.500000 0.666667 0.666667
3 0.484375 0.500000 0.656250 0.636364
30 0.500000 0.500000 0.743590 0.729730
31 0.500000 0.500000 0.736842 0.729730
17 0.518519 0.511905 0.592593 0.738095
10 0.514706 0.484375 0.676471 0.656250
37 0.500000 0.516667 0.655172 0.633333
42 0.516667 0.516667 0.633333 0.633333
