16 0.500000 0.500000 0.714286 0.714286
15 0.486486 0.486842 0.702703 0.710526
32 0.514286 0.514286 0.685714 0.685714
27 0.500000 0.500000 0.787234 0.777778
1 0.516129 0.515625 0.645161 0.656250
3 0.486486 0.513514 0.702703 0.702703
41 0.485714 0.514286 0.685714 0.685714
23 0.500000 0.500000 0.750000 0.722222
8 0.514286 0.500000 0.685714 0.705882
22 0.513514 0.513889 0.702703 0.694444
2 0.486111 0.513514 0.694444 0.702703
26 0.510417 0.511628 0.770833 0.744186
29 0.510870 0.500000 0.760870 0.739130
28 0.500000 0.500000 0.761905 0.750000
35 0.513889 0.500000 0.694444 0.722222
18 0.505319 0.500000 0.819149 0.829268
30 0.508929 0.500000 0.803571 0.800000
24 0.500000 0.500000 0.767442 0.750000
6 0.500000 0.500000 0.761905 0.756098
13 0.512500 0.513514 0.725000 0.702703
34 0.500000 0.500000 0.838710 0.838710
31 0.510638 0.512195 0.765957 0.731707
36 0.500000 0.500000 0.736842 0.750000
10 0.500000 0.515625 0.677419 0.656250
37 0.513889 0.514706 0.694444 0.676471
0 0.507143 0.500000 0.814286 0.810811
20 0.500000 0.513514 0.722222 0.702703
38 0.500000 0.500000 0.714286 0.729730
12 0.500000 0.500000 0.666667 0.615385
9 0.500000 0.486111 0.714286 0.694444
14 0.500000 0.509615 0.769231 0.788462
33 0.500000 0.500000 0.736842 0.743590
5 0.500000 0.513158 0.714286 0.710526
25 0.500000 0.500000 0.777778 0.756098
