34 0.500000 0.500000 0.666667 0.692308
14 0.500000 0.508772 0.821429 0.807018
24 0.500000 0.483333 0.625000 0.633333
36 0.512500 0.512500 0.725000 0.725000
26 0.500000 0.500000 0.767442 0.750000
30 0.511111 0.500000 0.755556 0.756098
12 0.491379 0.508621 0.810345 0.810345
16 0.500000 0.500000 0.696970 0.696970
17 0.500000 0.513889 0.714286 0.694444
20 0.500000 0.485714 0.692308 0.685714
39 0.511628 0.511628 0.744186 0.744186
13 0.500000 0.513514 0.736842 0.702703
37 0.491071 0.508929 0.803571 0.803571
32 0.483871 0.500000 0.645161 0.647059
38 0.513889 0.486111 0.694444 0.694444
6 0.500000 0.485714 0.636364 0.685714
10 0.485714 0.514286 0.685714 0.685714
8 0.513514 0.500000 0.702703 0.736842
42 0.500000 0.484848 0.687500 0.666667
40 0.507246 0.507246 0.811594 0.811594
15 0.485294 0.514706 0.676471 0.676471
41 0.500000 0.514286 0.647059 0.685714
9 0.485714 0.500000 0.685714 0.666667
28 0.510000 0.490385 0.780000 0.788462
4 0.508621 0.491228 0.810345 0.807018
23 0.500000 0.500000 0.739130 0.720930
3 0.500000 0.486842 0.692308 0.710526
22 0.512500 0.512195 0.725000 0.731707
35 0.500000 0.500000 0.687500 0.687500
33 0.507143 0.500000 0.814286 0.826087
7 0.510638 0.500000 0.765957 0.782609
1 0.500000 0.512500 0.743590 0.725000
0 0.500000 0.500000 0.729730 0.675676
18 0.505000 0.500000 0.830000 0.829787
27 0.486842 0.500000 0.710526 0.714286
5 0.515152 0.500000 0.666667 0.696970
19 0.487805 0.512821 0.731707 0.717949
