31 0.504000 0.500000 0.832000 0.827586
35 0.505051 0.500000 0.828283 0.828571
21 0.504032 0.504505 0.830645 0.828829
27 0.500000 0.503704 0.836735 0.829630
9 0.500000 0.500000 0.824561 0.824561
26 0.500000 0.500000 0.833333 0.834711
10 0.509091 0.500000 0.800000 0.821429
15 0.500000 0.508197 0.830508 0.819672
20 0.500000 0.500000 0.837838 0.840000
24 0.500000 0.504808 0.834862 0.817308
34 0.500000 0.500000 0.828571 0.831325
1 0.504762 0.500000 0.819048 0.831776
13 0.500000 0.506667 0.822785 0.826667
5 0.506944 0.500000 0.819444 0.840000
11 0.504587 0.505155 0.825688 0.824742
17 0.516667 0.500000 0.633333 0.722222
42 0.508197 0.491935 0.819672 0.822581
19 0.503546 0.495868 0.822695 0.826446
37 0.500000 0.500000 0.777778 0.803922
0 0.500000 0.504545 0.833333 0.827273
6 0.507937 0.500000 0.825397 0.823529
25 0.504673 0.505102 0.822430 0.826531
41 0.500000 0.500000 0.837209 0.835294
28 0.500000 0.510204 0.773585 0.775510
39 0.500000 0.500000 0.829268 0.833333
18 0.516129 0.517241 0.645161 0.620690
3 0.500000 0.500000 0.835616 0.840000
29 0.507692 0.503731 0.830769 0.828358
30 0.503289 0.503876 0.822368 0.821705
14 0.500000 0.503497 0.833333 0.825175
23 0.500000 0.505435 0.827957 0.815217
33 0.494624 0.495000 0.817204 0.830000
