36 0.500000 0.500000 0.655172 0.655172
34 0.510417 0.489796 0.770833 0.775510
32 0.500000 0.500000 0.629630 0.629630
5 0.516667 0.500000 0.633333 0.642857
29 0.510870 0.500000 0.760870 0.743590
40 0.487179 0.500000 0.717949 0.700000
37 0.500000 0.500000 0.625000 0.625000
16 0.500000 0.513889 0.705882 0.694444
14 0.510638 0.500000 0.765957 0.782609
7 0.514706 0.514706 0.676471 0.676471
18 0.510870 0.511111 0.760870 0.755556
21 0.514706 0.500000 0.676471 0.687500
2 0.490196 0.490000 0.784314 0.780000
17 0.517241 0.516667 0.620690 0.633333
12 0.500000 0.500000 0.722222 0.729730
0 0.500000 0.500000 0.612903 0.612903
10 0.500000 0.515152 0.636364 0.666667
30 0.510638 0.500000 0.765957 0.750000
4 0.483871 0.500000 0.645161 0.666667
9 0.500000 0.516667 0.655172 0.633333
33 0.515152 0.500000 0.666667 0.687500
22 0.500000 0.500000 0.761905 0.743590
41 0.512195 0.500000 0.731707 0.756098
26 0.514706 0.500000 0.676471 0.625000
39 0.500000 0.516129 0.666667 0.645161
27 0.511628 0.500000 0.744186 0.767442
35 0.500000 0.500000 0.586207 0.586207
38 0.500000 0.512195 0.700000 0.731707
19 0.500000 0.514706 0.666667 0.676471
31 0.487805 0.500000 0.731707 0.736842
23 0.500000 0.490566 0.818182 0.792453
20 0.487179 0.500000 0.717949 0.684211
