25 0.487500 0.486842 0.725000 0.710526
5 0.514706 0.500000 0.676471 0.696970
33 0.507143 0.500000 0.814286 0.826087
26 0.511364 0.512500 0.750000 0.725000
11 0.500000 0.509434 0.833333 0.792453
7 0.511628 0.511628 0.744186 0.744186
40 0.500000 0.507246 0.823529 0.811594
29 0.511364 0.512821 0.750000 0.717949
16 0.514706 0.500000 0.676471 0.696970
39 0.500000 0.500000 0.750000 0.750000
10 0.500000 0.500000 0.666667 0.705882
14 0.491071 0.508772 0.803571 0.807018
24 0.516129 0.516667 0.645161 0.633333
19 0.512500 0.500000 0.725000 0.729730
0 0.500000 0.514286 0.729730 0.685714
15 0.515152 0.500000 0.666667 0.687500
3 0.513158 0.513158 0.710526 0.710526
30 0.511364 0.500000 0.750000 0.750000
21 0.500000 0.500000 0.750000 0.736842
22 0.500000 0.500000 0.743590 0.722222
1 0.487179 0.512821 0.717949 0.717949
28 0.500000 0.490196 0.760000 0.784314
18 0.505155 0.505618 0.824742 0.831461
12 0.508929 0.500000 0.803571 0.818182
8 0.513889 0.513514 0.694444 0.702703
35 0.515152 0.515152 0.666667 0.666667
34 0.485294 0.486486 0.676471 0.702703
20 0.513158 0.514286 0.710526 0.685714
38 0.513889 0.513889 0.694444 0.694444
32 0.516129 0.484848 0.645161 0.666667
4 0.500000 0.500000 0.821429 0.818182
