15 0.500000 0.500000 0.714286 0.714286
1 0.500000 0.500000 0.772727 0.787234
13 0.512500 0.511364 0.725000 0.750000
20 0.500000 0.500000 0.666667 0.666667
38 0.519231 0.500000 0.576923 0.629630
36 0.500000 0.500000 0.615385 0.600000
2 0.480769 0.481481 0.576923 0.592593
3 0.500000 0.500000 0.642857 0.642857
34 0.517857 0.500000 0.607143 0.642857
5 0.500000 0.516667 0.655172 0.633333
25 0.507692 0.507937 0.830769 0.825397
35 0.500000 0.512500 0.743590 0.725000
31 0.500000 0.500000 0.714286 0.705882
26 0.500000 0.500000 0.687500 0.655172
22 0.518519 0.500000 0.592593 0.555556
40 0.500000 0.483333 0.600000 0.633333
21 0.500000 0.500000 0.736842 0.729730
24 0.500000 0.500000 0.705882 0.729730
29 0.512821 0.500000 0.717949 0.722222
14 0.500000 0.500000 0.655172 0.696970
17 0.519231 0.500000 0.576923 0.642857
4 0.518519 0.500000 0.592593 0.615385
23 0.500000 0.512500 0.743590 0.725000
39 0.500000 0.500000 0.687500 0.696970
8 0.500000 0.500000 0.677419 0.677419
11 0.511111 0.511905 0.755556 0.738095
10 0.516129 0.516129 0.645161 0.645161
12 0.500000 0.500000 0.666667 0.666667
