38 0.510870 0.500000 0.760870 0.827586
26 0.491379 0.508929 0.810345 0.803571
28 0.509091 0.509804 0.800000 0.784314
7 0.500000 0.500000 0.666667 0.722222
29 0.507692 0.491525 0.830769 0.813559
8 0.500000 0.488372 0.761905 0.744186
3 0.512821 0.500000 0.717949 0.700000
35 0.500000 0.500000 0.729730 0.736842
6 0.511111 0.500000 0.755556 0.777778
19 0.490741 0.500000 0.796296 0.755102
23 0.500000 0.504717 0.839286 0.820755
22 0.500000 0.511905 0.782609 0.738095
1 0.510870 0.510870 0.760870 0.760870
5 0.513514 0.500000 0.702703 0.722222
14 0.500000 0.492857 0.823529 0.814286
4 0.500000 0.509615 0.803922 0.788462
18 0.492188 0.500000 0.828125 0.800000
40 0.500000 0.509615 0.803922 0.788462
34 0.500000 0.500000 0.736842 0.736842
31 0.500000 0.500000 0.818182 0.803922
37 0.500000 0.500000 0.811321 0.807692
20 0.500000 0.511905 0.777778 0.738095
41 0.500000 0.500000 0.743590 0.756098
17 0.513514 0.486486 0.702703 0.702703
32 0.513158 0.500000 0.710526 0.722222
10 0.500000 0.500000 0.750000 0.761905
9 0.511905 0.488095 0.738095 0.738095
15 0.500000 0.500000 0.727273 0.810526
39 0.500000 0.500000 0.750000 0.756098
13 0.490566 0.490385 0.792453 0.788462
33 0.500000 0.500000 0.761905 0.767442
12 0.500000 0.511111 0.772727 0.755556
25 0.504717 0.505319 0.820755 0.819149
30 0.511364 0.500000 0.750000 0.743590
11 0.500000 0.506098 0.831325 0.817073
