4 0.510870 0.500000 0.760870 0.777778
3 0.500000 0.500000 0.687500 0.687500
31 0.500000 0.515625 0.705882 0.656250
5 0.518519 0.500000 0.592593 0.615385
9 0.481481 0.481481 0.592593 0.592593
34 0.500000 0.509434 0.777778 0.792453
35 0.517241 0.500000 0.620690 0.642857
41 0.500000 0.517857 0.629630 0.607143
1 0.500000 0.500000 0.772727 0.782609
20 0.500000 0.516129 0.666667 0.645161
10 0.500000 0.482143 0.629630 0.607143
13 0.500000 0.517857 0.677419 0.607143
14 0.512500 0.512195 0.725000 0.731707
19 0.500000 0.512821 0.756098 0.717949
32 0.500000 0.517241 0.629630 0.620690
7 0.515625 0.500000 0.656250 0.677419
6 0.516129 0.515625 0.645161 0.656250
39 0.517241 0.517241 0.620690 0.620690
38 0.500000 0.516129 0.655172 0.645161
25 0.487500 0.500000 0.725000 0.729730
33 0.500000 0.500000 0.655172 0.655172
28 0.500000 0.500000 0.696970 0.666667
0 0.500000 0.491803 0.824561 0.819672
26 0.500000 0.514286 0.743590 0.685714
16 0.500000 0.500000 0.629630 0.629630
29 0.512821 0.512821 0.717949 0.717949
8 0.500000 0.500000 0.642857 0.600000
40 0.512195 0.512195 0.731707 0.731707
42 0.500000 0.500000 0.696970 0.696970
24 0.500000 0.500000 0.677419 0.600000
17 0.500000 0.511111 0.750000 0.755556
18 0.500000 0.500000 0.841270 0.824561
27 0.500000 0.513158 0.750000 0.710526
36 0.483333 0.500000 0.633333 0.625000
12 0.516667 0.518519 0.633333 0.592593
22 0.516129 0.517857 0.645161 0.607143
11 0.500000 0.513514 0.684211 0.702703
