5 0.512500 0.512500 0.725000 0.725000
31 0.500000 0.500000 0.777778 0.761905
36 0.500000 0.515625 0.666667 0.656250
38 0.512195 0.512500 0.731707 0.725000
2 0.509804 0.500000 0.784314 0.795918
20 0.512500 0.512500 0.725000 0.725000
10 0.500000 0.512821 0.736842 0.717949
16 0.500000 0.500000 0.687500 0.696970
8 0.500000 0.513514 0.722222 0.702703
1 0.486111 0.500000 0.694444 0.666667
3 0.514286 0.500000 0.685714 0.705882
33 0.506098 0.500000 0.817073 0.831325
35 0.514286 0.513889 0.685714 0.694444
9 0.512821 0.500000 0.717949 0.707317
17 0.500000 0.500000 0.714286 0.736842
30 0.500000 0.510000 0.814815 0.780000
12 0.500000 0.486486 0.722222 0.702703
13 0.500000 0.500000 0.736842 0.692308
15 0.511111 0.500000 0.755556 0.772727
28 0.500000 0.500000 0.777778 0.767442
21 0.500000 0.500000 0.767442 0.761905
6 0.515152 0.514706 0.666667 0.676471
18 0.486111 0.500000 0.694444 0.647059
4 0.513514 0.500000 0.702703 0.722222
40 0.500000 0.484848 0.696970 0.666667
11 0.500000 0.489583 0.773585 0.770833
39 0.500000 0.500000 0.687500 0.705882
7 0.514706 0.513889 0.676471 0.694444
14 0.512821 0.512500 0.717949 0.725000
25 0.514706 0.514706 0.676471 0.676471
26 0.513514 0.513889 0.702703 0.694444
