8 0.500000 0.490385 0.803922 0.788462
5 0.500000 0.509091 0.807692 0.800000
38 0.507246 0.507143 0.811594 0.814286
34 0.508772 0.508772 0.807018 0.807018
40 0.500000 0.492188 0.830508 0.828125
20 0.500000 0.509091 0.824561 0.800000
28 0.500000 0.506173 0.808511 0.814815
9 0.500000 0.492063 0.841270 0.825397
32 0.510000 0.510000 0.780000 0.780000
23 0.500000 0.500000 0.843750 0.824561
36 0.513514 0.513158 0.702703 0.710526
24 0.505319 0.500000 0.819149 0.829268
10 0.500000 0.500000 0.830986 0.830986
30 0.500000 0.500000 0.827957 0.833333
22 0.504762 0.500000 0.819048 0.839080
3 0.509615 0.500000 0.788462 0.807692
13 0.507812 0.500000 0.828125 0.824561
4 0.500000 0.489362 0.777778 0.765957
41 0.509091 0.500000 0.800000 0.818182
42 0.509804 0.500000 0.784314 0.811321
29 0.507042 0.493151 0.816901 0.821918
16 0.500000 0.510638 0.782609 0.765957
25 0.500000 0.505376 0.813084 0.817204
21 0.500000 0.506579 0.833333 0.828947
11 0.500000 0.507143 0.840000 0.814286
26 0.510417 0.489130 0.770833 0.760870
27 0.507937 0.500000 0.825397 0.793103
15 0.500000 0.510870 0.756098 0.760870
33 0.495575 0.495798 0.831858 0.823529
12 0.507246 0.507692 0.811594 0.830769
31 0.508772 0.500000 0.807018 0.811321
39 0.505814 0.500000 0.825581 0.826087
