29 0.500000 0.513514 0.722222 0.702703
13 0.500000 0.486842 0.743590 0.710526
39 0.500000 0.508475 0.821429 0.813559
28 0.500000 0.490566 0.830508 0.792453
14 0.500000 0.513158 0.729730 0.710526
23 0.500000 0.500000 0.722222 0.696970
26 0.515152 0.500000 0.666667 0.655172
1 0.500000 0.500000 0.818182 0.785714
3 0.516667 0.516667 0.633333 0.633333
21 0.500000 0.513889 0.722222 0.694444
20 0.517857 0.517857 0.607143 0.607143
36 0.500000 0.515625 0.666667 0.656250
17 0.516667 0.515625 0.633333 0.656250
31 0.513889 0.515152 0.694444 0.666667
2 0.486486 0.500000 0.702703 0.714286
24 0.500000 0.500000 0.761905 0.736842
6 0.517857 0.517241 0.607143 0.620690
27 0.514286 0.500000 0.685714 0.636364
11 0.510204 0.488889 0.775510 0.755556
32 0.516667 0.500000 0.633333 0.655172
41 0.500000 0.500000 0.705882 0.705882
40 0.516667 0.516667 0.633333 0.633333
35 0.500000 0.500000 0.642857 0.655172
38 0.500000 0.500000 0.687500 0.657143
18 0.491667 0.490741 0.816667 0.796296
12 0.500000 0.500000 0.714286 0.722222
42 0.500000 0.515625 0.666667 0.656250
16 0.516667 0.500000 0.633333 0.625000
5 0.515625 0.500000 0.656250 0.677419
8 0.500000 0.515152 0.647059 0.666667
15 0.500000 0.500000 0.642857 0.666667
9 0.516129 0.516129 0.645161 0.645161
25 0.508475 0.500000 0.813559 0.807692
