30 0.506944 0.500000 0.819444 0.841270
4 0.500000 0.500000 0.714286 0.743590
25 0.488095 0.500000 0.738095 0.700000
14 0.510870 0.500000 0.760870 0.791667
5 0.510204 0.500000 0.775510 0.791667
16 0.500000 0.500000 0.729730 0.729730
1 0.511905 0.511905 0.738095 0.738095
22 0.500000 0.500000 0.807692 0.782609
10 0.512195 0.512195 0.731707 0.731707
18 0.487500 0.500000 0.725000 0.722222
36 0.500000 0.500000 0.729730 0.736842
20 0.511628 0.511628 0.744186 0.744186
17 0.500000 0.510638 0.727273 0.765957
12 0.489130 0.488889 0.760870 0.755556
21 0.509259 0.509804 0.796296 0.784314
39 0.512500 0.511628 0.725000 0.744186
15 0.500000 0.509615 0.803922 0.788462
26 0.488889 0.500000 0.755556 0.720930
40 0.500000 0.500000 0.761905 0.756098
13 0.510204 0.500000 0.775510 0.782609
38 0.511111 0.500000 0.755556 0.782609
31 0.509091 0.500000 0.800000 0.800000
34 0.511628 0.511628 0.744186 0.744186
2 0.500000 0.500000 0.843750 0.841270
11 0.508197 0.491071 0.819672 0.803571
23 0.500000 0.500000 0.814815 0.795918
8 0.500000 0.500000 0.750000 0.750000
9 0.510638 0.510638 0.765957 0.765957
7 0.513889 0.513514 0.694444 0.702703
