39 0.500000 0.500000 0.722222 0.684211
3 0.514286 0.514286 0.685714 0.685714
25 0.500000 0.500000 0.714286 0.705882
41 0.500000 0.500000 0.655172 0.655172
33 0.507143 0.500000 0.814286 0.823529
10 0.500000 0.514706 0.657143 0.676471
19 0.513514 0.500000 0.702703 0.696970
40 0.500000 0.508197 0.833333 0.819672
14 0.509259 0.509259 0.796296 0.796296
13 0.500000 0.500000 0.687500 0.696970
0 0.500000 0.484375 0.687500 0.656250
7 0.487179 0.500000 0.717949 0.736842
1 0.500000 0.500000 0.696970 0.657143
8 0.514706 0.514286 0.676471 0.685714
37 0.511111 0.500000 0.755556 0.777778
12 0.509615 0.509615 0.788462 0.788462
4 0.490000 0.490000 0.780000 0.780000
32 0.500000 0.500000 0.600000 0.625000
28 0.511364 0.500000 0.750000 0.777778
30 0.512195 0.513514 0.731707 0.702703
34 0.500000 0.514706 0.636364 0.676471
36 0.514286 0.500000 0.685714 0.705882
38 0.500000 0.485294 0.625000 0.676471
5 0.500000 0.500000 0.666667 0.666667
18 0.500000 0.506098 0.839080 0.817073
6 0.482759 0.500000 0.620690 0.625000
16 0.500000 0.500000 0.677419 0.677419
27 0.500000 0.500000 0.696970 0.677419
26 0.500000 0.513158 0.750000 0.710526
15 0.500000 0.516667 0.655172 0.633333
17 0.500000 0.500000 0.636364 0.636364
42 0.500000 0.500000 0.612903 0.612903
29 0.512821 0.500000 0.717949 0.714286
20 0.515152 0.500000 0.666667 0.666667
