23 0.500000 0.500000 0.827586 0.814815
25 0.500000 0.500000 0.756098 0.750000
20 0.500000 0.490385 0.800000 0.788462
8 0.500000 0.500000 0.787234 0.787234
11 0.509434 0.489362 0.792453 0.765957
31 0.500000 0.500000 0.833333 0.821429
2 0.500000 0.509804 0.795918 0.784314
34 0.513514 0.500000 0.702703 0.743590
30 0.509804 0.509804 0.784314 0.784314
9 0.500000 0.509615 0.807692 0.788462
33 0.506757 0.500000 0.824324 0.837838
39 0.512821 0.500000 0.717949 0.736842
19 0.500000 0.493056 0.825000 0.819444
3 0.506944 0.506250 0.819444 0.812500
1 0.500000 0.500000 0.831325 0.831579
38 0.506849 0.500000 0.821918 0.808511
17 0.500000 0.500000 0.807692 0.818182
4 0.500000 0.500000 0.843750 0.823529
28 0.506579 0.500000 0.828947 0.826087
21 0.500000 0.500000 0.836066 0.827586
15 0.509259 0.500000 0.796296 0.811321
36 0.500000 0.508475 0.827586 0.813559
12 0.507042 0.500000 0.816901 0.828571
16 0.500000 0.504202 0.830508 0.823529
13 0.508333 0.500000 0.816667 0.811321
42 0.500000 0.500000 0.782609 0.782609
35 0.491667 0.500000 0.816667 0.830508
10 0.509615 0.500000 0.788462 0.803922
41 0.500000 0.500000 0.821429 0.824561
26 0.500000 0.500000 0.838710 0.818182
24 0.505814 0.506494 0.825581 0.831169
32 0.510000 0.509615 0.780000 0.788462
14 0.506944 0.500000 0.819444 0.835616
