36 0.480769 0.519231 0.576923 0.576923
34 0.517241 0.500000 0.620690 0.629630
6 0.500000 0.500000 0.629630 0.655172
19 0.511364 0.512500 0.750000 0.725000
10 0.516129 0.516667 0.645161 0.633333
22 0.515625 0.516667 0.656250 0.633333
7 0.500000 0.500000 0.729730 0.750000
13 0.513158 0.500000 0.710526 0.722222
38 0.513514 0.500000 0.702703 0.722222
3 0.516667 0.500000 0.633333 0.655172
30 0.513514 0.514706 0.702703 0.676471
0 0.518519 0.500000 0.592593 0.615385
12 0.500000 0.500000 0.666667 0.677419
5 0.518519 0.500000 0.592593 0.615385
25 0.500000 0.519231 0.615385 0.576923
4 0.515152 0.500000 0.666667 0.687500
8 0.500000 0.519231 0.600000 0.576923
23 0.513514 0.514706 0.702703 0.676471
9 0.500000 0.500000 0.729730 0.722222
37 0.500000 0.500000 0.615385 0.615385
20 0.500000 0.500000 0.696970 0.687500
35 0.500000 0.516667 0.655172 0.633333
16 0.500000 0.518519 0.615385 0.592593
39 0.510417 0.509615 0.770833 0.788462
41 0.500000 0.515152 0.666667 0.666667
26 0.515152 0.516129 0.666667 0.645161
32 0.500000 0.517241 0.642857 0.620690
2 0.518519 0.517857 0.592593 0.607143
33 0.500000 0.500000 0.756098 0.750000
31 0.513514 0.500000 0.702703 0.705882
1 0.510870 0.510417 0.760870 0.770833
24 0.509259 0.509615 0.796296 0.788462
40 0.515152 0.500000 0.666667 0.687500
21 0.500000 0.500000 0.655172 0.655172
