35 0.515625 0.515152 0.656250 0.666667
36 0.515625 0.500000 0.656250 0.687500
13 0.512195 0.500000 0.731707 0.743590
40 0.516129 0.516129 0.645161 0.645161
12 0.500000 0.500000 0.705882 0.722222
2 0.512821 0.500000 0.717949 0.729730
32 0.500000 0.483871 0.625000 0.645161
6 0.500000 0.500000 0.586207 0.600000
21 0.500000 0.500000 0.756098 0.736842
29 0.500000 0.487500 0.736842 0.725000
38 0.500000 0.513158 0.714286 0.710526
4 0.515152 0.500000 0.666667 0.687500
25 0.500000 0.500000 0.843750 0.824561
5 0.500000 0.500000 0.647059 0.647059
15 0.500000 0.500000 0.666667 0.696970
8 0.514286 0.514286 0.685714 0.685714
31 0.513514 0.500000 0.702703 0.696970
16 0.516667 0.500000 0.633333 0.612903
9 0.500000 0.515625 0.677419 0.656250
22 0.511111 0.512500 0.755556 0.725000
14 0.511905 0.512195 0.738095 0.731707
26 0.500000 0.515625 0.696970 0.656250
24 0.500000 0.511905 0.777778 0.738095
39 0.491667 0.500000 0.816667 0.809524
34 0.500000 0.500000 0.677419 0.677419
1 0.500000 0.508621 0.827586 0.810345
7 0.513514 0.513514 0.702703 0.702703
30 0.500000 0.511364 0.772727 0.750000
3 0.516129 0.500000 0.645161 0.625000
27 0.513158 0.514706 0.710526 0.676471
10 0.500000 0.513158 0.722222 0.710526
41 0.500000 0.513514 0.722222 0.702703
28 0.491935 0.490909 0.822581 0.800000
