5 0.500000 0.500000 0.756098 0.756098
12 0.500000 0.511905 0.750000 0.738095
9 0.484375 0.500000 0.656250 0.636364
6 0.500000 0.514706 0.677419 0.676471
38 0.515625 0.484375 0.656250 0.656250
11 0.507937 0.508929 0.825397 0.803571
17 0.500000 0.500000 0.642857 0.666667
33 0.500000 0.508333 0.800000 0.816667
31 0.500000 0.500000 0.782609 0.772727
21 0.500000 0.500000 0.824561 0.791667
35 0.490741 0.500000 0.796296 0.807692
23 0.500000 0.500000 0.821429 0.807692
14 0.511628 0.500000 0.744186 0.760000
4 0.500000 0.500000 0.705882 0.684211
13 0.489796 0.508475 0.775510 0.813559
10 0.500000 0.500000 0.729730 0.729730
15 0.500000 0.510870 0.777778 0.760870
28 0.500000 0.493056 0.822785 0.819444
7 0.500000 0.513158 0.722222 0.710526
24 0.500000 0.500000 0.777778 0.791667
8 0.512821 0.500000 0.717949 0.736842
40 0.509615 0.509259 0.788462 0.796296
34 0.513158 0.500000 0.710526 0.729730
36 0.485714 0.514286 0.685714 0.685714
26 0.500000 0.487805 0.772727 0.731707
3 0.513158 0.500000 0.710526 0.736842
30 0.500000 0.500000 0.756098 0.722222
