36 0.500000 0.507143 0.826087 0.814286
19 0.505208 0.506667 0.822917 0.826667
23 0.500000 0.505882 0.831579 0.823529
5 0.487179 0.500000 0.717949 0.714286
28 0.504762 0.505618 0.819048 0.831461
3 0.500000 0.508772 0.811321 0.807018
2 0.500000 0.500000 0.739130 0.750000
8 0.508333 0.500000 0.816667 0.821429
29 0.507042 0.507937 0.816901 0.825397
39 0.506098 0.505814 0.817073 0.825581
16 0.500000 0.500000 0.795918 0.795918
20 0.500000 0.507692 0.823529 0.830769
40 0.500000 0.500000 0.837838 0.837838
34 0.508333 0.491525 0.816667 0.813559
35 0.510417 0.510204 0.770833 0.775510
32 0.508621 0.500000 0.810345 0.789474
18 0.507353 0.500000 0.808824 0.836066
1 0.500000 0.507812 0.841270 0.828125
31 0.500000 0.500000 0.826087 0.835294
25 0.505435 0.493976 0.815217 0.819277
15 0.500000 0.500000 0.823529 0.827160
33 0.500000 0.500000 0.842105 0.840000
13 0.500000 0.500000 0.833333 0.833333
27 0.505682 0.500000 0.829545 0.827160
42 0.500000 0.511628 0.750000 0.744186
9 0.507246 0.507042 0.811594 0.816901
10 0.500000 0.511905 0.772727 0.738095
26 0.500000 0.511628 0.777778 0.744186
6 0.500000 0.507042 0.838710 0.816901
24 0.500000 0.507812 0.828571 0.828125
0 0.507246 0.500000 0.811594 0.828571
38 0.507143 0.500000 0.814286 0.828571
22 0.506024 0.500000 0.819277 0.829268
