40 0.500000 0.509434 0.807692 0.792453
38 0.507692 0.506098 0.830769 0.817073
1 0.500000 0.500000 0.781818 0.841270
42 0.513514 0.513514 0.702703 0.702703
23 0.511364 0.500000 0.750000 0.750000
12 0.500000 0.500000 0.821429 0.821429
27 0.509804 0.500000 0.784314 0.787234
20 0.487179 0.486111 0.717949 0.694444
2 0.500000 0.500000 0.705882 0.714286
7 0.510870 0.500000 0.760870 0.777778
13 0.512195 0.513158 0.731707 0.710526
16 0.505376 0.505376 0.817204 0.817204
30 0.514286 0.500000 0.685714 0.705882
22 0.500000 0.512500 0.750000 0.725000
35 0.512821 0.500000 0.717949 0.707317
21 0.511364 0.500000 0.750000 0.750000
39 0.500000 0.514706 0.696970 0.676471
4 0.500000 0.500000 0.743590 0.750000
24 0.510204 0.511111 0.775510 0.755556
15 0.513158 0.500000 0.710526 0.729730
26 0.511905 0.512500 0.738095 0.725000
25 0.500000 0.500000 0.675676 0.666667
32 0.500000 0.500000 0.714286 0.714286
6 0.513514 0.500000 0.702703 0.729730
5 0.511111 0.500000 0.755556 0.772727
8 0.500000 0.513889 0.714286 0.694444
31 0.511628 0.512195 0.744186 0.731707
9 0.514706 0.500000 0.676471 0.696970
33 0.511905 0.511628 0.738095 0.744186
19 0.500000 0.500000 0.791667 0.777778
41 0.500000 0.500000 0.692308 0.729730
11 0.513889 0.514706 0.694444 0.676471
17 0.500000 0.487500 0.700000 0.725000
34 0.500000 0.514286 0.677419 0.685714
28 0.500000 0.500000 0.807692 0.787234
3 0.500000 0.508621 0.814815 0.810345
10 0.512821 0.512821 0.717949 0.717949
37 0.490741 0.500000 0.796296 0.824561
0 0.500000 0.509434 0.800000 0.792453
14 0.511111 0.500000 0.755556 0.739130
