4 0.500000 0.510638 0.782609 0.765957
2 0.515625 0.515625 0.656250 0.656250
34 0.516667 0.515625 0.633333 0.656250
23 0.500000 0.485294 0.705882 0.676471
39 0.485714 0.514286 0.685714 0.685714
14 0.509259 0.509259 0.796296 0.796296
41 0.517857 0.500000 0.607143 0.615385
13 0.483333 0.500000 0.633333 0.666667
20 0.515625 0.500000 0.656250 0.655172
24 0.500000 0.500000 0.571429 0.600000
15 0.516667 0.516667 0.633333 0.633333
21 0.514706 0.500000 0.676471 0.677419
7 0.486111 0.486111 0.694444 0.694444
8 0.500000 0.500000 0.677419 0.696970
0 0.500000 0.516667 0.677419 0.633333
5 0.500000 0.500000 0.655172 0.642857
22 0.513889 0.500000 0.694444 0.687500
19 0.513889 0.500000 0.694444 0.677419
27 0.500000 0.483333 0.636364 0.633333
18 0.505952 0.506579 0.821429 0.828947
11 0.510638 0.500000 0.765957 0.761905
10 0.500000 0.515152 0.687500 0.666667
42 0.500000 0.482143 0.586207 0.607143
17 0.500000 0.500000 0.655172 0.655172
37 0.500000 0.500000 0.756098 0.767442
3 0.515152 0.515152 0.666667 0.666667
12 0.510417 0.500000 0.770833 0.782609
26 0.512821 0.500000 0.717949 0.722222
29 0.513889 0.515152 0.694444 0.666667
38 0.516667 0.500000 0.633333 0.677419
32 0.518519 0.516667 0.592593 0.633333
35 0.500000 0.517241 0.642857 0.620690
31 0.513889 0.514286 0.694444 0.685714
1 0.515152 0.500000 0.666667 0.687500
33 0.492754 0.500000 0.811594 0.820896
