20 0.485714 0.515625 0.685714 0.656250
15 0.500000 0.514706 0.696970 0.676471
11 0.500000 0.516129 0.696970 0.645161
13 0.500000 0.484375 0.714286 0.656250
29 0.500000 0.513889 0.743590 0.694444
26 0.500000 0.514286 0.729730 0.685714
25 0.500000 0.515625 0.647059 0.656250
32 0.500000 0.484848 0.647059 0.666667
38 0.500000 0.500000 0.809524 0.842105
18 0.509615 0.500000 0.788462 0.782609
7 0.500000 0.500000 0.756098 0.756098
9 0.500000 0.500000 0.677419 0.677419
35 0.513889 0.500000 0.694444 0.722222
17 0.500000 0.500000 0.666667 0.675676
16 0.505882 0.505882 0.823529 0.823529
34 0.500000 0.515152 0.642857 0.666667
22 0.500000 0.500000 0.729730 0.696970
19 0.511111 0.512195 0.755556 0.731707
5 0.512500 0.512500 0.725000 0.725000
2 0.500000 0.515152 0.677419 0.666667
3 0.509615 0.509259 0.788462 0.796296
41 0.500000 0.514706 0.696970 0.676471
42 0.500000 0.500000 0.696970 0.696970
0 0.500000 0.488889 0.761905 0.755556
8 0.500000 0.514706 0.657143 0.676471
23 0.512500 0.513889 0.725000 0.694444
6 0.484375 0.515152 0.656250 0.666667
10 0.500000 0.500000 0.714286 0.675676
36 0.513889 0.513889 0.694444 0.694444
