41 0.500000 0.513514 0.722222 0.702703
9 0.515625 0.515625 0.656250 0.656250
4 0.486111 0.500000 0.694444 0.729730
20 0.486486 0.500000 0.702703 0.657143
39 0.500000 0.500000 0.677419 0.687500
1 0.490196 0.500000 0.784314 0.830508
40 0.489583 0.500000 0.770833 0.755102
32 0.514706 0.485294 0.676471 0.676471
11 0.484848 0.516129 0.666667 0.645161
24 0.500000 0.487805 0.733333 0.731707
22 0.513158 0.500000 0.710526 0.714286
8 0.514286 0.500000 0.685714 0.705882
15 0.513889 0.500000 0.694444 0.729730
42 0.500000 0.513514 0.722222 0.702703
33 0.486842 0.500000 0.710526 0.700000
34 0.500000 0.500000 0.655172 0.687500
31 0.500000 0.512500 0.743590 0.725000
26 0.500000 0.500000 0.743590 0.714286
7 0.500000 0.500000 0.767442 0.767442
2 0.515152 0.514706 0.666667 0.676471
16 0.505682 0.505682 0.829545 0.829545
30 0.500000 0.500000 0.687500 0.687500
37 0.509804 0.500000 0.784314 0.814815
35 0.513158 0.500000 0.710526 0.736842
29 0.487179 0.513889 0.717949 0.694444
14 0.511905 0.500000 0.738095 0.720930
17 0.513514 0.500000 0.702703 0.729730
25 0.514286 0.485294 0.685714 0.676471
5 0.511628 0.500000 0.744186 0.761905
18 0.509434 0.500000 0.792453 0.787234
28 0.500000 0.500000 0.764706 0.739130
19 0.510870 0.511628 0.760870 0.744186
12 0.500000 0.500000 0.769231 0.769231
23 0.500000 0.500000 0.761905 0.736842
27 0.500000 0.511364 0.800000 0.750000
0 0.500000 0.510204 0.782609 0.775510
6 0.514706 0.514286 0.676471 0.685714
38 0.500000 0.500000 0.843750 0.825000
