24 0.500000 0.504464 0.826772 0.830357
18 0.504762 0.500000 0.819048 0.831579
41 0.500000 0.500000 0.827586 0.836066
17 0.510204 0.510204 0.775510 0.775510
5 0.511111 0.500000 0.755556 0.777778
39 0.506757 0.500000 0.824324 0.835616
20 0.506024 0.506250 0.819277 0.812500
16 0.509804 0.509804 0.784314 0.784314
6 0.508475 0.508197 0.813559 0.819672
38 0.500000 0.508333 0.827586 0.816667
15 0.510870 0.510417 0.760870 0.770833
37 0.500000 0.500000 0.827586 0.824561
31 0.500000 0.500000 0.810811 0.802817
9 0.500000 0.500000 0.818182 0.818182
13 0.503817 0.504202 0.824427 0.823529
8 0.500000 0.508929 0.814815 0.803571
27 0.500000 0.508929 0.785714 0.803571
29 0.505435 0.505952 0.815217 0.821429
40 0.500000 0.505814 0.840909 0.825581
42 0.508929 0.500000 0.803571 0.821429
7 0.506250 0.500000 0.812500 0.831325
36 0.500000 0.500000 0.833333 0.815385
32 0.500000 0.491525 0.814815 0.813559
33 0.500000 0.500000 0.830986 0.842105
12 0.500000 0.500000 0.833333 0.835616
3 0.500000 0.500000 0.795918 0.764706
2 0.500000 0.500000 0.820896 0.823529
30 0.504274 0.500000 0.820513 0.836735
10 0.500000 0.510638 0.777778 0.765957
35 0.500000 0.500000 0.756098 0.777778
1 0.505814 0.500000 0.825581 0.837209
19 0.500000 0.500000 0.813953 0.810811
26 0.500000 0.500000 0.835052 0.829787
23 0.504310 0.504717 0.818966 0.820755
0 0.500000 0.500000 0.828571 0.797101
