23 0.511364 0.500000 0.750000 0.767442
4 0.500000 0.514706 0.696970 0.676471
8 0.514706 0.500000 0.676471 0.696970
13 0.484375 0.500000 0.656250 0.677419
21 0.512821 0.500000 0.717949 0.729730
11 0.500000 0.511364 0.755102 0.750000
36 0.517241 0.500000 0.620690 0.655172
18 0.500000 0.500000 0.687500 0.655172
30 0.500000 0.500000 0.791667 0.772727
1 0.515152 0.514706 0.666667 0.676471
38 0.513158 0.500000 0.710526 0.705882
20 0.500000 0.512500 0.743590 0.725000
9 0.515152 0.485714 0.666667 0.685714
28 0.500000 0.513158 0.736842 0.710526
34 0.500000 0.500000 0.696970 0.696970
12 0.514286 0.514286 0.685714 0.685714
15 0.512821 0.500000 0.717949 0.736842
31 0.500000 0.500000 0.743590 0.692308
22 0.513889 0.515152 0.694444 0.666667
14 0.500000 0.516129 0.655172 0.645161
5 0.514706 0.514706 0.676471 0.676471
25 0.500000 0.500000 0.666667 0.655172
39 0.516667 0.483871 0.633333 0.645161
17 0.514706 0.500000 0.676471 0.722222
10 0.500000 0.514706 0.696970 0.676471
35 0.516667 0.500000 0.633333 0.655172
