41 0.500000 0.500000 0.615385 0.642857
26 0.512195 0.500000 0.731707 0.736842
13 0.480769 0.517241 0.576923 0.620690
7 0.500000 0.500000 0.555556 0.615385
37 0.500000 0.500000 0.629630 0.629630
4 0.500000 0.512821 0.736842 0.717949
30 0.500000 0.500000 0.705882 0.687500
11 0.500000 0.500000 0.787234 0.791667
1 0.500000 0.500000 0.666667 0.687500
2 0.500000 0.500000 0.555556 0.555556
42 0.500000 0.517241 0.642857 0.620690
34 0.500000 0.500000 0.642857 0.629630
19 0.516129 0.500000 0.645161 0.642857
12 0.500000 0.500000 0.666667 0.615385
28 0.500000 0.514706 0.722222 0.676471
17 0.517241 0.517241 0.620690 0.620690
23 0.508065 0.508333 0.822581 0.816667
0 0.517241 0.516667 0.620690 0.633333
9 0.480769 0.500000 0.576923 0.555556
10 0.482759 0.500000 0.620690 0.555556
8 0.518519 0.500000 0.592593 0.629630
27 0.513514 0.500000 0.702703 0.705882
31 0.500000 0.514286 0.729730 0.685714
22 0.515625 0.500000 0.656250 0.629630
21 0.515625 0.516129 0.656250 0.645161
