25 0.502500 0.502747 0.825000 0.829670
24 0.506667 0.500000 0.826667 0.826087
37 0.503676 0.503731 0.830882 0.828358
28 0.503145 0.500000 0.830189 0.835821
19 0.496241 0.500000 0.827068 0.830189
42 0.509804 0.509615 0.784314 0.788462
9 0.505618 0.500000 0.831461 0.826087
20 0.504762 0.500000 0.819048 0.838384
27 0.500000 0.500000 0.832335 0.837838
2 0.506024 0.500000 0.819277 0.831325
4 0.500000 0.504950 0.840000 0.831683
32 0.505102 0.505618 0.826531 0.831461
30 0.500000 0.500000 0.830065 0.832061
39 0.504274 0.504202 0.820513 0.823529
7 0.500000 0.500000 0.832061 0.834483
22 0.503731 0.500000 0.828358 0.827338
16 0.500000 0.507353 0.823529 0.808824
15 0.496000 0.503676 0.832000 0.830882
40 0.496094 0.503817 0.820312 0.824427
0 0.504098 0.504032 0.827869 0.830645
21 0.505435 0.506579 0.815217 0.828947
13 0.506667 0.493750 0.826667 0.812500
12 0.502809 0.502703 0.825843 0.832432
33 0.503571 0.500000 0.821429 0.820896
18 0.500000 0.500000 0.835052 0.824176
14 0.506494 0.500000 0.831169 0.842105
23 0.502604 0.503185 0.828125 0.828025
35 0.500000 0.500000 0.833333 0.827586
38 0.500000 0.505435 0.822222 0.815217
29 0.505747 0.500000 0.827586 0.827160
10 0.500000 0.500000 0.795918 0.782609
11 0.513889 0.500000 0.851852 0.832512
5 0.500000 0.500000 0.795918 0.769231
34 0.493976 0.500000 0.819277 0.820225
