41 0.500000 0.500000 0.642857 0.642857
19 0.500000 0.513158 0.743590 0.710526
8 0.500000 0.500000 0.677419 0.677419
36 0.500000 0.514706 0.696970 0.676471
29 0.500000 0.483333 0.677419 0.633333
0 0.500000 0.512500 0.684211 0.725000
20 0.516667 0.517857 0.633333 0.607143
2 0.482143 0.482143 0.607143 0.607143
13 0.500000 0.483333 0.625000 0.633333
40 0.512500 0.500000 0.725000 0.743590
4 0.500000 0.515625 0.677419 0.656250
22 0.515152 0.516129 0.666667 0.645161
16 0.500000 0.506494 0.842105 0.831169
42 0.500000 0.516129 0.666667 0.645161
33 0.483333 0.500000 0.633333 0.666667
12 0.500000 0.514706 0.714286 0.676471
21 0.514286 0.500000 0.685714 0.696970
11 0.500000 0.500000 0.666667 0.629630
15 0.500000 0.516667 0.642857 0.633333
23 0.500000 0.500000 0.729730 0.687500
35 0.516129 0.500000 0.645161 0.677419
5 0.514286 0.500000 0.685714 0.705882
3 0.500000 0.500000 0.782609 0.791667
24 0.514286 0.515152 0.685714 0.666667
10 0.484848 0.484848 0.666667 0.666667
32 0.500000 0.516129 0.666667 0.645161
1 0.500000 0.500000 0.772727 0.803922
39 0.500000 0.516667 0.655172 0.633333
34 0.500000 0.500000 0.642857 0.666667
26 0.500000 0.515625 0.705882 0.656250
18 0.500000 0.500000 0.777778 0.750000
30 0.516129 0.516129 0.645161 0.645161
37 0.500000 0.511111 0.761905 0.755556
14 0.514706 0.485714 0.676471 0.685714
28 0.488636 0.512195 0.750000 0.731707
