3 0.500000 0.516129 0.642857 0.645161
39 0.481481 0.482759 0.592593 0.620690
21 0.514286 0.514286 0.685714 0.685714
4 0.500000 0.483871 0.625000 0.645161
36 0.500000 0.482143 0.600000 0.607143
2 0.500000 0.512821 0.743590 0.717949
1 0.516667 0.483333 0.633333 0.633333
22 0.514706 0.515625 0.676471 0.656250
10 0.500000 0.515152 0.687500 0.666667
20 0.500000 0.500000 0.722222 0.722222
18 0.500000 0.500000 0.666667 0.629630
26 0.516129 0.517241 0.645161 0.620690
25 0.500000 0.517857 0.629630 0.607143
11 0.500000 0.512195 0.772727 0.731707
5 0.515625 0.515625 0.656250 0.656250
8 0.484848 0.500000 0.666667 0.647059
14 0.500000 0.500000 0.642857 0.666667
13 0.500000 0.500000 0.687500 0.655172
17 0.483871 0.485294 0.645161 0.676471
12 0.514706 0.515152 0.676471 0.666667
34 0.515625 0.500000 0.656250 0.677419
40 0.481481 0.500000 0.592593 0.571429
6 0.518519 0.517241 0.592593 0.620690
33 0.500000 0.506757 0.833333 0.824324
31 0.486486 0.500000 0.702703 0.722222
9 0.516667 0.500000 0.633333 0.636364
15 0.500000 0.500000 0.714286 0.714286
