3 0.484848 0.515152 0.666667 0.666667
7 0.500000 0.515152 0.687500 0.666667
23 0.500000 0.509615 0.818182 0.788462
25 0.500000 0.508333 0.827586 0.816667
39 0.482759 0.517241 0.620690 0.620690
41 0.500000 0.500000 0.743590 0.750000
20 0.513158 0.513889 0.710526 0.694444
31 0.500000 0.513158 0.736842 0.710526
24 0.509434 0.500000 0.792453 0.800000
17 0.500000 0.500000 0.642857 0.655172
19 0.500000 0.484848 0.696970 0.666667
8 0.500000 0.500000 0.612903 0.655172
21 0.500000 0.515625 0.677419 0.656250
10 0.500000 0.515625 0.677419 0.656250
14 0.500000 0.500000 0.739130 0.772727
13 0.516667 0.500000 0.633333 0.666667
30 0.500000 0.512500 0.772727 0.725000
9 0.517241 0.517241 0.620690 0.620690
36 0.500000 0.517241 0.642857 0.620690
26 0.500000 0.500000 0.696970 0.642857
18 0.511364 0.500000 0.750000 0.756098
38 0.500000 0.500000 0.692308 0.700000
5 0.500000 0.517857 0.642857 0.607143
4 0.500000 0.500000 0.642857 0.642857
12 0.500000 0.500000 0.729730 0.736842
11 0.513514 0.500000 0.702703 0.705882
42 0.517241 0.518519 0.620690 0.592593
32 0.518519 0.517241 0.592593 0.620690
22 0.500000 0.513158 0.756098 0.710526
6 0.500000 0.500000 0.666667 0.687500
0 0.500000 0.516667 0.655172 0.633333
40 0.500000 0.500000 0.736842 0.736842
27 0.500000 0.511364 0.761905 0.750000
29 0.500000 0.513514 0.772727 0.702703
16 0.514286 0.500000 0.685714 0.714286
15 0.500000 0.500000 0.642857 0.677419
2 0.510000 0.510204 0.780000 0.775510
