21 0.511364 0.511905 0.750000 0.738095
41 0.500000 0.500000 0.777778 0.782609
5 0.500000 0.500000 0.714286 0.714286
2 0.500000 0.500000 0.696970 0.705882
42 0.513514 0.513514 0.702703 0.702703
6 0.511628 0.511111 0.744186 0.755556
28 0.508065 0.500000 0.822581 0.827586
36 0.509615 0.500000 0.788462 0.803922
4 0.511364 0.511111 0.750000 0.755556
9 0.500000 0.500000 0.777778 0.811321
39 0.508772 0.500000 0.807018 0.838710
10 0.512821 0.513514 0.717949 0.702703
30 0.500000 0.509434 0.824561 0.792453
0 0.511364 0.511364 0.750000 0.750000
17 0.516129 0.488889 0.645161 0.755556
23 0.508772 0.509804 0.807018 0.784314
1 0.500000 0.490909 0.773585 0.800000
29 0.500000 0.510638 0.803922 0.765957
20 0.510204 0.500000 0.775510 0.782609
22 0.500000 0.500000 0.807692 0.800000
24 0.500000 0.500000 0.812500 0.827586
40 0.500000 0.510417 0.787234 0.770833
26 0.500000 0.513514 0.729730 0.702703
7 0.500000 0.508621 0.781818 0.810345
34 0.500000 0.512500 0.750000 0.725000
11 0.500000 0.500000 0.839286 0.825243
27 0.509434 0.510417 0.792453 0.770833
18 0.510204 0.500000 0.775510 0.777778
15 0.500000 0.509804 0.756098 0.784314
19 0.507812 0.508929 0.828125 0.803571
