12 0.483871 0.480769 0.645161 0.576923
29 0.500000 0.500000 0.736842 0.736842
22 0.515625 0.517241 0.656250 0.620690
11 0.512195 0.500000 0.731707 0.743590
5 0.516667 0.500000 0.633333 0.666667
30 0.511628 0.512195 0.744186 0.731707
35 0.516667 0.516667 0.633333 0.633333
10 0.500000 0.482759 0.642857 0.620690
9 0.500000 0.500000 0.642857 0.642857
31 0.512821 0.500000 0.717949 0.722222
14 0.512195 0.500000 0.731707 0.761905
38 0.516129 0.514706 0.645161 0.676471
39 0.516129 0.516129 0.645161 0.645161
24 0.513889 0.516129 0.694444 0.645161
2 0.500000 0.515152 0.677419 0.666667
41 0.500000 0.500000 0.612903 0.666667
25 0.511905 0.512821 0.738095 0.717949
8 0.500000 0.515625 0.677419 0.656250
17 0.511628 0.510638 0.744186 0.765957
6 0.514706 0.500000 0.676471 0.705882
33 0.516129 0.500000 0.645161 0.677419
21 0.514706 0.500000 0.676471 0.677419
15 0.500000 0.515152 0.625000 0.666667
37 0.517241 0.500000 0.620690 0.642857
7 0.500000 0.514286 0.705882 0.685714
26 0.500000 0.500000 0.743590 0.714286
42 0.485294 0.500000 0.676471 0.696970
18 0.506579 0.500000 0.828947 0.823529
3 0.500000 0.500000 0.705882 0.696970
23 0.515625 0.500000 0.656250 0.666667
40 0.511364 0.500000 0.750000 0.767442
19 0.511628 0.512195 0.744186 0.731707
28 0.500000 0.500000 0.705882 0.677419
27 0.511628 0.500000 0.744186 0.750000
16 0.500000 0.516667 0.655172 0.633333
1 0.509434 0.500000 0.792453 0.807692
32 0.500000 0.500000 0.642857 0.625000
0 0.500000 0.500000 0.830508 0.818182
36 0.500000 0.515152 0.687500 0.666667
20 0.515152 0.500000 0.666667 0.687500
