35 0.500000 0.500000 0.795918 0.795918
36 0.500000 0.488372 0.720930 0.744186
22 0.508475 0.509615 0.813559 0.788462
8 0.511628 0.500000 0.744186 0.761905
13 0.509434 0.500000 0.792453 0.769231
28 0.508065 0.500000 0.822581 0.814815
15 0.500000 0.500000 0.821429 0.821429
38 0.500000 0.500000 0.791667 0.800000
9 0.510000 0.490000 0.780000 0.780000
39 0.511905 0.511111 0.738095 0.755556
5 0.509259 0.500000 0.796296 0.811321
3 0.511364 0.511111 0.750000 0.755556
31 0.500000 0.500000 0.827586 0.781818
25 0.500000 0.500000 0.782609 0.777778
30 0.500000 0.507353 0.837838 0.808824
34 0.500000 0.500000 0.787234 0.791667
2 0.506944 0.507042 0.819444 0.816901
11 0.500000 0.500000 0.820896 0.827586
7 0.513158 0.512821 0.710526 0.717949
21 0.508333 0.508929 0.816667 0.803571
26 0.510000 0.489130 0.780000 0.760870
4 0.500000 0.511111 0.772727 0.755556
12 0.510000 0.510204 0.780000 0.775510
33 0.505208 0.500000 0.822917 0.826087
1 0.500000 0.500000 0.777778 0.772727
23 0.508772 0.500000 0.807018 0.803922
