26 0.500000 0.500000 0.803922 0.777778
34 0.500000 0.500000 0.714286 0.777778
31 0.500000 0.510870 0.787234 0.760870
15 0.500000 0.500000 0.756098 0.756098
39 0.500000 0.509434 0.807692 0.792453
23 0.500000 0.500000 0.796610 0.814815
3 0.500000 0.488372 0.761905 0.744186
30 0.500000 0.500000 0.807692 0.795918
2 0.500000 0.500000 0.791667 0.795918
10 0.511364 0.511364 0.750000 0.750000
16 0.500000 0.500000 0.736842 0.736842
1 0.500000 0.500000 0.800000 0.795918
8 0.511111 0.510638 0.755556 0.765957
22 0.509804 0.510417 0.784314 0.770833
24 0.511905 0.500000 0.738095 0.720930
36 0.509804 0.500000 0.784314 0.800000
7 0.500000 0.500000 0.833333 0.833333
38 0.510638 0.500000 0.765957 0.782609
0 0.500000 0.500000 0.795918 0.787234
21 0.508621 0.509091 0.810345 0.800000
25 0.500000 0.509091 0.803279 0.800000
17 0.500000 0.488372 0.727273 0.744186
19 0.500000 0.500000 0.818182 0.764706
5 0.512500 0.512195 0.725000 0.731707
42 0.487179 0.486486 0.717949 0.702703
27 0.510000 0.510870 0.780000 0.760870
13 0.500000 0.509804 0.821429 0.784314
14 0.507937 0.500000 0.825397 0.838710
40 0.500000 0.505882 0.835294 0.823529
28 0.491935 0.500000 0.822581 0.838710
35 0.512821 0.500000 0.717949 0.700000
33 0.506944 0.507143 0.819444 0.814286
37 0.500000 0.500000 0.835616 0.840000
4 0.500000 0.500000 0.822785 0.820513
29 0.500000 0.509091 0.836066 0.800000
6 0.500000 0.500000 0.736842 0.756098
11 0.506494 0.500000 0.831169 0.828571
