7 0.500000 0.500000 0.615385 0.615385
37 0.500000 0.512821 0.736842 0.717949
29 0.518519 0.500000 0.592593 0.729730
16 0.500000 0.500000 0.811321 0.818182
41 0.517241 0.500000 0.620690 0.655172
36 0.500000 0.500000 0.586207 0.629630
14 0.510417 0.510870 0.770833 0.760870
1 0.500000 0.508772 0.818182 0.807018
17 0.500000 0.515152 0.571429 0.666667
27 0.510870 0.500000 0.760870 0.767442
19 0.507353 0.491228 0.808824 0.807018
33 0.500000 0.517857 0.629630 0.607143
6 0.516667 0.500000 0.633333 0.666667
39 0.500000 0.500000 0.827160 0.827160
11 0.516129 0.517857 0.645161 0.607143
24 0.517857 0.518519 0.607143 0.592593
12 0.518519 0.517241 0.592593 0.620690
2 0.500000 0.500000 0.714286 0.677419
35 0.500000 0.500000 0.692308 0.729730
30 0.515625 0.500000 0.656250 0.615385
21 0.500000 0.514286 0.705882 0.685714
5 0.500000 0.515625 0.666667 0.656250
25 0.500000 0.510870 0.795918 0.760870
22 0.514286 0.514286 0.685714 0.685714
34 0.500000 0.500000 0.615385 0.677419
20 0.500000 0.518519 0.642857 0.592593
32 0.517857 0.517857 0.607143 0.607143
10 0.500000 0.513514 0.714286 0.702703
15 0.513514 0.512500 0.702703 0.725000
3 0.500000 0.481481 0.615385 0.592593
8 0.500000 0.513514 0.714286 0.702703
28 0.500000 0.500000 0.722222 0.696970
23 0.500000 0.518519 0.615385 0.592593
38 0.518519 0.517857 0.592593 0.607143
4 0.500000 0.511364 0.767442 0.750000
31 0.500000 0.500000 0.700000 0.722222
40 0.514706 0.500000 0.676471 0.705882
