6 0.500000 0.513889 0.696970 0.694444
1 0.486486 0.500000 0.702703 0.684211
15 0.500000 0.513889 0.687500 0.694444
4 0.514286 0.485294 0.685714 0.676471
9 0.515152 0.500000 0.666667 0.687500
21 0.500000 0.512821 0.756098 0.717949
14 0.509091 0.509091 0.800000 0.800000
31 0.500000 0.500000 0.787234 0.761905
36 0.500000 0.514706 0.696970 0.676471
7 0.512500 0.500000 0.725000 0.743590
19 0.500000 0.500000 0.750000 0.743590
16 0.512821 0.512195 0.717949 0.731707
37 0.485714 0.500000 0.685714 0.666667
11 0.500000 0.511905 0.782609 0.738095
3 0.486486 0.500000 0.702703 0.729730
10 0.500000 0.500000 0.705882 0.714286
0 0.500000 0.500000 0.675676 0.675676
33 0.500000 0.511905 0.736842 0.738095
5 0.500000 0.516129 0.677419 0.645161
25 0.500000 0.506494 0.816092 0.831169
32 0.516129 0.500000 0.645161 0.625000
40 0.500000 0.489362 0.755102 0.765957
26 0.500000 0.513158 0.743590 0.710526
18 0.500000 0.509615 0.818182 0.788462
28 0.500000 0.500000 0.727273 0.700000
8 0.500000 0.500000 0.705882 0.705882
12 0.500000 0.500000 0.772727 0.767442
24 0.500000 0.500000 0.843750 0.821429
34 0.500000 0.500000 0.824561 0.830508
17 0.483871 0.500000 0.645161 0.677419
30 0.509804 0.500000 0.784314 0.772727
2 0.500000 0.500000 0.814815 0.811321
38 0.500000 0.500000 0.720930 0.733333
