19 0.493056 0.500000 0.819444 0.833333
16 0.508929 0.508475 0.803571 0.813559
27 0.500000 0.500000 0.769231 0.750000
22 0.500000 0.513158 0.729730 0.710526
23 0.517857 0.500000 0.607143 0.571429
26 0.515625 0.500000 0.656250 0.636364
4 0.500000 0.500000 0.772727 0.772727
28 0.486842 0.500000 0.710526 0.675676
37 0.512821 0.512821 0.717949 0.717949
32 0.500000 0.517241 0.642857 0.620690
11 0.500000 0.500000 0.642857 0.615385
25 0.510204 0.510638 0.775510 0.765957
8 0.500000 0.500000 0.736842 0.729730
39 0.505814 0.500000 0.825581 0.835294
5 0.500000 0.500000 0.696970 0.696970
10 0.500000 0.512821 0.736842 0.717949
15 0.511905 0.500000 0.738095 0.772727
30 0.500000 0.500000 0.687500 0.642857
29 0.515625 0.500000 0.656250 0.761905
14 0.509615 0.509804 0.788462 0.784314
18 0.500000 0.518519 0.629630 0.592593
41 0.500000 0.500000 0.666667 0.677419
21 0.512821 0.513158 0.717949 0.710526
13 0.500000 0.500000 0.655172 0.655172
34 0.517241 0.500000 0.620690 0.722222
0 0.516129 0.516129 0.645161 0.645161
24 0.500000 0.500000 0.642857 0.629630
1 0.500000 0.508475 0.824561 0.813559
2 0.513514 0.515152 0.702703 0.666667
7 0.517241 0.500000 0.620690 0.642857
42 0.483333 0.483333 0.633333 0.633333
38 0.517241 0.516667 0.620690 0.633333
12 0.500000 0.500000 0.612903 0.677419
6 0.500000 0.500000 0.687500 0.696970
