6 0.500000 0.486486 0.657143 0.702703
19 0.510870 0.500000 0.760870 0.756098
1 0.511628 0.511628 0.744186 0.744186
13 0.511111 0.511628 0.755556 0.744186
14 0.500000 0.508621 0.824561 0.810345
0 0.500000 0.500000 0.714286 0.743590
40 0.500000 0.500000 0.837838 0.833333
21 0.500000 0.511364 0.777778 0.750000
34 0.486111 0.487179 0.694444 0.717949
17 0.513158 0.513158 0.710526 0.710526
25 0.510638 0.511364 0.765957 0.750000
35 0.514286 0.514286 0.685714 0.685714
26 0.510638 0.511905 0.765957 0.738095
9 0.513514 0.500000 0.702703 0.684211
8 0.500000 0.512195 0.736842 0.731707
20 0.487500 0.513514 0.725000 0.702703
4 0.508065 0.508197 0.822581 0.819672
42 0.514706 0.500000 0.676471 0.677419
27 0.487179 0.513514 0.717949 0.702703
10 0.500000 0.486486 0.722222 0.702703
30 0.510417 0.510870 0.770833 0.760870
29 0.500000 0.500000 0.791667 0.767442
15 0.513889 0.500000 0.694444 0.714286
28 0.500000 0.500000 0.777778 0.814815
24 0.500000 0.500000 0.705882 0.687500
38 0.500000 0.500000 0.736842 0.743590
2 0.512195 0.512195 0.731707 0.731707
33 0.500000 0.500000 0.826087 0.826087
11 0.500000 0.500000 0.843750 0.824561
39 0.510870 0.510870 0.760870 0.760870
23 0.510417 0.500000 0.770833 0.767442
41 0.500000 0.486111 0.696970 0.694444
