41 0.500000 0.500000 0.756098 0.727273
20 0.511111 0.511364 0.755556 0.750000
13 0.511111 0.500000 0.755556 0.772727
30 0.500000 0.500000 0.807692 0.787234
40 0.500000 0.500000 0.767442 0.733333
10 0.500000 0.500000 0.729730 0.714286
38 0.509804 0.509615 0.784314 0.788462
29 0.510204 0.500000 0.775510 0.772727
27 0.500000 0.511364 0.791667 0.750000
15 0.500000 0.500000 0.729730 0.791667
17 0.500000 0.500000 0.655172 0.772727
6 0.500000 0.512195 0.736842 0.731707
23 0.500000 0.500000 0.803922 0.755102
34 0.512821 0.500000 0.717949 0.729730
4 0.488095 0.488372 0.738095 0.744186
39 0.500000 0.508333 0.818182 0.816667
5 0.514286 0.500000 0.685714 0.705882
19 0.508197 0.500000 0.819672 0.811321
0 0.512500 0.500000 0.725000 0.743590
36 0.500000 0.510417 0.787234 0.770833
12 0.510870 0.500000 0.760870 0.795918
42 0.500000 0.485714 0.705882 0.685714
35 0.500000 0.500000 0.714286 0.722222
37 0.510000 0.500000 0.780000 0.791667
24 0.508065 0.500000 0.822581 0.824561
21 0.512500 0.512500 0.725000 0.725000
8 0.513889 0.500000 0.694444 0.714286
1 0.509259 0.508929 0.796296 0.803571
11 0.504808 0.505263 0.817308 0.821053
22 0.510417 0.510638 0.770833 0.765957
3 0.500000 0.500000 0.736842 0.743590
32 0.500000 0.500000 0.736842 0.700000
7 0.500000 0.500000 0.795918 0.811321
16 0.513889 0.513889 0.694444 0.694444
28 0.508475 0.500000 0.813559 0.818182
14 0.511364 0.511364 0.750000 0.750000
18 0.500000 0.500000 0.744681 0.727273
33 0.510870 0.511111 0.760870 0.755556
