17 0.500000 0.500000 0.696970 0.684211
4 0.500000 0.485714 0.705882 0.685714
16 0.515152 0.500000 0.666667 0.687500
2 0.500000 0.510870 0.782609 0.760870
5 0.513889 0.513889 0.694444 0.694444
36 0.516667 0.500000 0.633333 0.655172
26 0.514286 0.500000 0.685714 0.647059
31 0.500000 0.500000 0.750000 0.736842
25 0.515625 0.500000 0.656250 0.666667
13 0.500000 0.500000 0.705882 0.696970
21 0.500000 0.512500 0.750000 0.725000
35 0.500000 0.483871 0.612903 0.645161
23 0.511111 0.500000 0.755556 0.756098
38 0.512821 0.513514 0.717949 0.702703
11 0.500000 0.500000 0.769231 0.744681
33 0.500000 0.506098 0.825000 0.817073
14 0.514706 0.500000 0.676471 0.714286
10 0.500000 0.500000 0.714286 0.714286
8 0.500000 0.500000 0.714286 0.714286
9 0.500000 0.486486 0.675676 0.702703
7 0.500000 0.514706 0.677419 0.676471
12 0.500000 0.514286 0.705882 0.685714
15 0.500000 0.511628 0.761905 0.744186
18 0.500000 0.500000 0.696970 0.625000
3 0.514286 0.500000 0.685714 0.705882
34 0.513889 0.513889 0.694444 0.694444
22 0.500000 0.500000 0.743590 0.722222
28 0.500000 0.511905 0.761905 0.738095
