21 0.508772 0.510000 0.807018 0.780000
23 0.500000 0.500000 0.830508 0.827586
33 0.507692 0.500000 0.830769 0.823529
18 0.500000 0.503846 0.820690 0.823077
15 0.500000 0.491379 0.821429 0.810345
1 0.510638 0.500000 0.765957 0.782609
2 0.508929 0.500000 0.803571 0.818182
6 0.500000 0.500000 0.821429 0.814815
10 0.500000 0.510000 0.795918 0.780000
0 0.505882 0.505618 0.823529 0.831461
8 0.509434 0.500000 0.792453 0.803922
3 0.490741 0.490909 0.796296 0.800000
36 0.510870 0.510417 0.760870 0.770833
39 0.492958 0.493151 0.816901 0.821918
34 0.493976 0.493976 0.819277 0.819277
28 0.500000 0.508772 0.809524 0.807018
5 0.500000 0.500000 0.814815 0.793103
29 0.506667 0.500000 0.826667 0.828571
7 0.500000 0.507937 0.838710 0.825397
38 0.509804 0.500000 0.784314 0.814815
25 0.508065 0.508929 0.822581 0.803571
12 0.500000 0.517241 0.687500 0.620690
4 0.500000 0.500000 0.826923 0.840000
26 0.500000 0.506849 0.827160 0.821918
13 0.506667 0.492063 0.826667 0.825397
9 0.509615 0.509615 0.788462 0.788462
19 0.500000 0.500000 0.822785 0.835616
16 0.508475 0.500000 0.813559 0.827586
14 0.504762 0.504717 0.819048 0.820755
40 0.500000 0.505376 0.827957 0.817204
32 0.508333 0.508065 0.816667 0.822581
17 0.500000 0.500000 0.666667 0.666667
11 0.500000 0.500000 0.838384 0.836735
41 0.500000 0.509615 0.800000 0.788462
