22 0.500000 0.486842 0.700000 0.710526
2 0.500000 0.500000 0.692308 0.736842
26 0.500000 0.500000 0.800000 0.777778
8 0.513158 0.513158 0.710526 0.710526
41 0.500000 0.500000 0.722222 0.729730
20 0.513514 0.513514 0.702703 0.702703
4 0.507937 0.491935 0.825397 0.822581
23 0.511628 0.513158 0.744186 0.710526
16 0.500000 0.513889 0.714286 0.694444
24 0.489583 0.488889 0.770833 0.755556
9 0.500000 0.513158 0.729730 0.710526
1 0.515152 0.500000 0.666667 0.687500
30 0.508621 0.500000 0.810345 0.807692
27 0.509804 0.500000 0.784314 0.791667
11 0.509259 0.509434 0.796296 0.792453
37 0.500000 0.512821 0.729730 0.717949
10 0.500000 0.500000 0.705882 0.705882
31 0.510417 0.511364 0.770833 0.750000
39 0.500000 0.500000 0.761905 0.772727
25 0.510204 0.500000 0.775510 0.777778
19 0.500000 0.500000 0.814815 0.803922
42 0.500000 0.500000 0.756098 0.756098
0 0.500000 0.493333 0.805556 0.826667
29 0.500000 0.500000 0.807692 0.791667
15 0.512500 0.512500 0.725000 0.725000
21 0.512500 0.500000 0.725000 0.722222
6 0.500000 0.511628 0.767442 0.744186
32 0.513158 0.512821 0.710526 0.717949
7 0.511364 0.511364 0.750000 0.750000
40 0.508621 0.500000 0.810345 0.824561
28 0.510638 0.500000 0.765957 0.761905
35 0.500000 0.513158 0.722222 0.710526
33 0.511905 0.500000 0.738095 0.761905
3 0.487179 0.500000 0.717949 0.700000
5 0.486486 0.512821 0.702703 0.717949
17 0.508475 0.500000 0.813559 0.830508
