17 0.512500 0.500000 0.725000 0.707317
37 0.500000 0.500000 0.838710 0.841270
34 0.486842 0.500000 0.710526 0.720930
42 0.485714 0.485294 0.685714 0.676471
9 0.500000 0.500000 0.707317 0.707317
14 0.500000 0.500000 0.800000 0.800000
1 0.489362 0.489130 0.765957 0.760870
27 0.500000 0.500000 0.761905 0.700000
8 0.512195 0.500000 0.731707 0.761905
13 0.500000 0.500000 0.782609 0.772727
32 0.500000 0.514286 0.687500 0.685714
22 0.500000 0.511111 0.767442 0.755556
7 0.500000 0.500000 0.807692 0.807692
41 0.487179 0.500000 0.717949 0.736842
15 0.513514 0.500000 0.702703 0.722222
33 0.507042 0.507143 0.816901 0.814286
20 0.511628 0.512500 0.744186 0.725000
5 0.500000 0.500000 0.722222 0.729730
35 0.500000 0.500000 0.714286 0.675676
38 0.512500 0.488095 0.725000 0.738095
2 0.511628 0.500000 0.744186 0.761905
26 0.500000 0.500000 0.791667 0.767442
28 0.508929 0.508621 0.803571 0.810345
25 0.500000 0.510417 0.803922 0.770833
40 0.506579 0.500000 0.828947 0.840000
30 0.510204 0.510638 0.775510 0.765957
16 0.500000 0.500000 0.714286 0.714286
29 0.509259 0.510204 0.796296 0.775510
4 0.500000 0.500000 0.823529 0.820896
3 0.500000 0.500000 0.750000 0.750000
0 0.500000 0.500000 0.767442 0.720930
24 0.513889 0.500000 0.694444 0.657143
10 0.500000 0.500000 0.736842 0.736842
23 0.509615 0.489583 0.788462 0.770833
36 0.500000 0.500000 0.777778 0.777778
