10 0.513514 0.500000 0.702703 0.692308
38 0.488889 0.500000 0.755556 0.750000
11 0.500000 0.500000 0.814815 0.800000
39 0.511905 0.511905 0.738095 0.738095
22 0.500000 0.510000 0.814815 0.780000
40 0.500000 0.508929 0.824561 0.803571
23 0.506579 0.507353 0.828947 0.808824
32 0.513514 0.500000 0.702703 0.736842
30 0.507812 0.508772 0.828125 0.807018
26 0.510000 0.500000 0.780000 0.787234
9 0.500000 0.513514 0.722222 0.702703
16 0.500000 0.500000 0.756098 0.761905
29 0.500000 0.500000 0.803279 0.789474
4 0.486842 0.513158 0.710526 0.710526
0 0.511628 0.500000 0.744186 0.727273
25 0.500000 0.500000 0.831776 0.833333
33 0.511111 0.500000 0.755556 0.787234
5 0.513889 0.514286 0.694444 0.685714
21 0.500000 0.510638 0.795918 0.765957
14 0.500000 0.492647 0.841270 0.808824
24 0.500000 0.506944 0.842105 0.819444
31 0.509615 0.500000 0.788462 0.787234
41 0.509804 0.509434 0.784314 0.792453
3 0.500000 0.512500 0.707317 0.725000
7 0.500000 0.510638 0.782609 0.765957
19 0.500000 0.500000 0.739130 0.767442
34 0.507353 0.500000 0.808824 0.830986
1 0.500000 0.511628 0.761905 0.744186
8 0.512500 0.511905 0.725000 0.738095
35 0.515152 0.500000 0.666667 0.687500
6 0.500000 0.500000 0.750000 0.761905
42 0.513158 0.513158 0.710526 0.710526
2 0.491228 0.491228 0.807018 0.807018
