15 0.510870 0.510417 0.760870 0.770833
26 0.513158 0.513158 0.710526 0.710526
30 0.511364 0.500000 0.750000 0.743590
3 0.515152 0.500000 0.666667 0.687500
17 0.518519 0.515625 0.592593 0.656250
16 0.500000 0.500000 0.820896 0.820896
38 0.514286 0.514286 0.685714 0.685714
5 0.500000 0.500000 0.714286 0.736842
36 0.500000 0.511364 0.767442 0.750000
42 0.486111 0.513514 0.694444 0.702703
2 0.500000 0.500000 0.767442 0.743590
10 0.500000 0.511628 0.761905 0.744186
20 0.500000 0.514706 0.729730 0.676471
0 0.513514 0.513158 0.702703 0.710526
12 0.484848 0.486486 0.666667 0.702703
23 0.500000 0.514706 0.705882 0.676471
14 0.508333 0.508333 0.816667 0.816667
40 0.500000 0.511905 0.777778 0.738095
25 0.500000 0.500000 0.814815 0.811321
41 0.514286 0.513889 0.685714 0.694444
13 0.500000 0.500000 0.684211 0.675676
29 0.500000 0.510638 0.696970 0.765957
27 0.508197 0.500000 0.819672 0.793103
4 0.509259 0.509259 0.796296 0.796296
34 0.512821 0.500000 0.717949 0.777778
28 0.512195 0.512500 0.731707 0.725000
11 0.513889 0.500000 0.694444 0.642857
6 0.500000 0.500000 0.722222 0.729730
33 0.500000 0.517241 0.629630 0.620690
21 0.500000 0.488636 0.782609 0.750000
18 0.500000 0.518519 0.642857 0.592593
35 0.500000 0.510417 0.782609 0.770833
19 0.506024 0.500000 0.819277 0.800000
31 0.509804 0.500000 0.784314 0.772727
39 0.500000 0.505102 0.831579 0.826531
37 0.500000 0.500000 0.750000 0.750000
32 0.500000 0.515152 0.687500 0.666667
