21 0.500000 0.500000 0.830189 0.833333
14 0.502809 0.500000 0.825843 0.836257
29 0.503650 0.495968 0.832117 0.830645
13 0.504167 0.495370 0.825000 0.824074
20 0.500000 0.508929 0.815385 0.803571
35 0.492647 0.507143 0.808824 0.814286
39 0.500000 0.491228 0.818182 0.807018
6 0.500000 0.507143 0.820896 0.814286
41 0.500000 0.506494 0.837838 0.831169
33 0.505051 0.504808 0.828283 0.817308
25 0.500000 0.500000 0.836257 0.833333
17 0.510000 0.509804 0.780000 0.784314
19 0.503817 0.500000 0.824427 0.829060
22 0.500000 0.506849 0.842105 0.821918
3 0.509434 0.490566 0.792453 0.792453
8 0.500000 0.500000 0.824176 0.835294
34 0.510204 0.510870 0.775510 0.760870
28 0.500000 0.505814 0.838384 0.825581
5 0.511364 0.500000 0.750000 0.767442
16 0.503378 0.500000 0.831081 0.834483
38 0.500000 0.500000 0.826087 0.826087
9 0.494949 0.494898 0.828283 0.826531
4 0.500000 0.500000 0.823529 0.828571
42 0.504762 0.505051 0.819048 0.828283
7 0.500000 0.500000 0.772727 0.761905
40 0.500000 0.500000 0.837209 0.837209
1 0.507353 0.500000 0.808824 0.836066
12 0.500000 0.500000 0.835294 0.840909
37 0.505102 0.505102 0.826531 0.826531
2 0.500000 0.500000 0.826087 0.827586
32 0.508475 0.508772 0.813559 0.807018
36 0.500000 0.500000 0.825000 0.829268
31 0.493902 0.500000 0.817073 0.815789
