18 0.500000 0.510638 0.773585 0.765957
8 0.485294 0.500000 0.676471 0.657143
33 0.513514 0.500000 0.702703 0.729730
14 0.500000 0.500000 0.743590 0.750000
31 0.500000 0.512821 0.736842 0.717949
11 0.514286 0.515625 0.685714 0.656250
27 0.500000 0.500000 0.791667 0.761905
29 0.512500 0.486111 0.725000 0.694444
20 0.500000 0.500000 0.714286 0.647059
17 0.500000 0.513514 0.675676 0.702703
24 0.511364 0.500000 0.750000 0.750000
23 0.500000 0.513158 0.756098 0.710526
6 0.500000 0.500000 0.687500 0.696970
21 0.512500 0.513514 0.725000 0.702703
13 0.500000 0.515152 0.722222 0.666667
32 0.500000 0.500000 0.696970 0.696970
5 0.512195 0.512195 0.731707 0.731707
16 0.505747 0.500000 0.827586 0.837209
12 0.510000 0.510000 0.780000 0.780000
41 0.500000 0.513889 0.714286 0.694444
40 0.489362 0.500000 0.765957 0.782609
28 0.500000 0.500000 0.760000 0.772727
26 0.500000 0.513889 0.736842 0.694444
39 0.515625 0.515152 0.656250 0.666667
15 0.500000 0.514706 0.696970 0.676471
2 0.500000 0.515152 0.677419 0.666667
34 0.500000 0.515625 0.642857 0.656250
9 0.515625 0.500000 0.656250 0.677419
4 0.513889 0.513158 0.694444 0.710526
37 0.500000 0.500000 0.795918 0.781818
35 0.513514 0.486842 0.702703 0.710526
22 0.512821 0.513889 0.717949 0.694444
25 0.514706 0.500000 0.676471 0.687500
19 0.511111 0.500000 0.755556 0.720930
38 0.492063 0.493506 0.825397 0.831169
36 0.500000 0.500000 0.722222 0.722222
