32 0.500000 0.500000 0.795918 0.811321
12 0.500000 0.500000 0.841270 0.841270
15 0.500000 0.510870 0.761905 0.760870
37 0.490196 0.500000 0.784314 0.773585
24 0.500000 0.500000 0.834862 0.833333
8 0.500000 0.500000 0.814815 0.814815
42 0.509804 0.490196 0.784314 0.784314
18 0.500000 0.500000 0.824176 0.835294
10 0.500000 0.500000 0.767442 0.772727
7 0.507812 0.500000 0.828125 0.823529
28 0.507042 0.500000 0.816901 0.841270
14 0.505051 0.500000 0.828283 0.836735
6 0.509434 0.500000 0.792453 0.814815
17 0.500000 0.488889 0.767442 0.755556
25 0.500000 0.500000 0.832258 0.827338
0 0.491935 0.508333 0.822581 0.816667
11 0.500000 0.500000 0.839080 0.802469
20 0.500000 0.500000 0.835616 0.830986
38 0.500000 0.508772 0.814815 0.807018
1 0.500000 0.506944 0.828571 0.819444
36 0.509259 0.500000 0.796296 0.811321
23 0.500000 0.500000 0.840000 0.824176
30 0.500000 0.505952 0.835052 0.821429
39 0.500000 0.508333 0.827586 0.816667
41 0.508772 0.500000 0.807018 0.827586
21 0.506579 0.500000 0.828947 0.823529
40 0.506173 0.500000 0.814815 0.818182
19 0.507143 0.492063 0.814286 0.825397
2 0.500000 0.492188 0.812500 0.828125
27 0.500000 0.490741 0.814815 0.796296
22 0.506849 0.507937 0.821918 0.825397
4 0.509804 0.509615 0.784314 0.788462
