36 0.500000 0.514286 0.696970 0.685714
29 0.510204 0.500000 0.775510 0.773585
12 0.510417 0.510417 0.770833 0.770833
16 0.513514 0.500000 0.702703 0.729730
38 0.500000 0.510638 0.782609 0.765957
32 0.486111 0.500000 0.694444 0.675676
9 0.500000 0.500000 0.743590 0.714286
23 0.500000 0.511111 0.800000 0.755556
4 0.486486 0.513514 0.702703 0.702703
13 0.510000 0.500000 0.780000 0.777778
21 0.500000 0.500000 0.807692 0.791667
30 0.500000 0.509259 0.796610 0.796296
24 0.508772 0.500000 0.807018 0.803922
41 0.488095 0.511628 0.738095 0.744186
40 0.500000 0.487805 0.743590 0.731707
1 0.500000 0.492754 0.830986 0.811594
31 0.488636 0.512195 0.750000 0.731707
33 0.500000 0.506757 0.830986 0.824324
35 0.512500 0.500000 0.725000 0.756098
25 0.493827 0.506849 0.814815 0.821918
18 0.506098 0.493056 0.817073 0.819444
7 0.500000 0.500000 0.795918 0.795918
6 0.515152 0.500000 0.666667 0.687500
11 0.491803 0.500000 0.819672 0.821429
5 0.512195 0.512195 0.731707 0.731707
34 0.500000 0.512500 0.743590 0.725000
27 0.510638 0.511628 0.765957 0.744186
14 0.500000 0.508621 0.827586 0.810345
26 0.500000 0.500000 0.743590 0.722222
8 0.512195 0.500000 0.731707 0.750000
17 0.500000 0.513514 0.705882 0.702703
10 0.510638 0.510638 0.765957 0.765957
