21 0.500000 0.500000 0.795918 0.767442
39 0.512821 0.512500 0.717949 0.725000
35 0.513158 0.500000 0.710526 0.736842
0 0.500000 0.500000 0.743590 0.707317
29 0.508065 0.508772 0.822581 0.807018
10 0.500000 0.511905 0.777778 0.738095
19 0.509615 0.489130 0.788462 0.760870
15 0.512500 0.505682 0.725000 0.829545
1 0.500000 0.500000 0.772727 0.739130
37 0.509804 0.510000 0.784314 0.780000
7 0.514286 0.513889 0.685714 0.694444
18 0.500000 0.508929 0.836066 0.803571
12 0.500000 0.500000 0.761905 0.767442
24 0.507692 0.507246 0.830769 0.811594
36 0.511364 0.488889 0.750000 0.755556
8 0.512195 0.500000 0.731707 0.720930
25 0.495050 0.494382 0.831683 0.831461
13 0.500000 0.510000 0.800000 0.780000
5 0.513889 0.513889 0.694444 0.694444
26 0.508929 0.500000 0.803571 0.811321
41 0.500000 0.512821 0.722222 0.717949
31 0.509259 0.509804 0.796296 0.784314
28 0.500000 0.510000 0.781818 0.780000
6 0.511628 0.500000 0.744186 0.767442
2 0.500000 0.500000 0.720930 0.720930
20 0.500000 0.511905 0.772727 0.738095
30 0.511364 0.500000 0.750000 0.743590
40 0.490000 0.510000 0.780000 0.780000
9 0.512500 0.487500 0.725000 0.725000
42 0.511905 0.500000 0.738095 0.756098
17 0.513514 0.500000 0.702703 0.722222
