34 0.500000 0.500000 0.802817 0.837838
18 0.500000 0.508475 0.843750 0.813559
1 0.489130 0.500000 0.760870 0.777778
35 0.484848 0.514706 0.666667 0.676471
9 0.513514 0.500000 0.702703 0.722222
15 0.500000 0.500000 0.729730 0.750000
37 0.488095 0.488095 0.738095 0.738095
17 0.500000 0.486486 0.714286 0.702703
13 0.500000 0.507246 0.837838 0.811594
7 0.510204 0.510204 0.775510 0.775510
39 0.511628 0.511628 0.744186 0.744186
36 0.512500 0.500000 0.725000 0.707317
32 0.486842 0.500000 0.710526 0.736842
11 0.500000 0.500000 0.793103 0.777778
42 0.500000 0.500000 0.700000 0.700000
14 0.507143 0.506944 0.814286 0.819444
38 0.500000 0.510417 0.744681 0.770833
21 0.509434 0.500000 0.792453 0.791667
10 0.500000 0.500000 0.729730 0.700000
19 0.510417 0.489130 0.770833 0.760870
12 0.500000 0.510204 0.795918 0.775510
23 0.500000 0.500000 0.802469 0.802817
3 0.487805 0.500000 0.731707 0.750000
30 0.507246 0.508475 0.811594 0.813559
41 0.500000 0.500000 0.800000 0.807692
8 0.512500 0.500000 0.725000 0.756098
26 0.490385 0.500000 0.788462 0.764706
6 0.511905 0.511364 0.738095 0.750000
2 0.508621 0.491379 0.810345 0.810345
22 0.508929 0.500000 0.803571 0.800000
29 0.507812 0.508333 0.828125 0.816667
16 0.511364 0.511111 0.750000 0.755556
27 0.500000 0.510204 0.791667 0.775510
4 0.500000 0.500000 0.743590 0.729730
5 0.513889 0.500000 0.694444 0.666667
40 0.508333 0.508621 0.816667 0.810345
31 0.509615 0.510204 0.788462 0.775510
25 0.504545 0.500000 0.827273 0.820000
