32 0.500000 0.500000 0.767442 0.761905
24 0.507812 0.500000 0.828125 0.830508
30 0.500000 0.509091 0.833333 0.800000
16 0.500000 0.512500 0.736842 0.725000
35 0.486842 0.487179 0.710526 0.717949
36 0.500000 0.500000 0.785714 0.814815
15 0.500000 0.509434 0.733333 0.792453
6 0.511364 0.500000 0.750000 0.777778
13 0.489583 0.500000 0.770833 0.760000
11 0.495726 0.500000 0.820513 0.828571
19 0.500000 0.500000 0.820896 0.793103
42 0.513514 0.500000 0.702703 0.722222
21 0.510870 0.511905 0.760870 0.738095
41 0.500000 0.510204 0.787234 0.775510
31 0.500000 0.500000 0.830508 0.818182
12 0.500000 0.508772 0.807692 0.807018
34 0.500000 0.500000 0.761905 0.750000
3 0.511905 0.500000 0.738095 0.767442
5 0.513889 0.500000 0.694444 0.714286
28 0.500000 0.500000 0.843750 0.833333
37 0.508333 0.500000 0.816667 0.821429
26 0.512500 0.500000 0.725000 0.722222
27 0.500000 0.500000 0.785714 0.795918
7 0.500000 0.500000 0.821429 0.803279
38 0.500000 0.490909 0.785714 0.800000
1 0.500000 0.500000 0.777778 0.785714
33 0.500000 0.500000 0.795918 0.791667
8 0.500000 0.500000 0.743590 0.700000
23 0.500000 0.509434 0.796610 0.792453
39 0.508333 0.492188 0.816667 0.828125
0 0.510870 0.500000 0.760870 0.777778
14 0.510417 0.510417 0.770833 0.770833
29 0.500000 0.510204 0.807692 0.775510
18 0.500000 0.500000 0.800000 0.787234
40 0.510000 0.500000 0.780000 0.795918
17 0.500000 0.488889 0.677419 0.755556
