40 0.500000 0.500000 0.767442 0.733333
23 0.500000 0.500000 0.743590 0.714286
18 0.500000 0.511111 0.791667 0.755556
38 0.500000 0.500000 0.806452 0.818182
41 0.500000 0.484375 0.636364 0.656250
26 0.500000 0.500000 0.722222 0.696970
3 0.509804 0.490385 0.784314 0.788462
15 0.500000 0.500000 0.696970 0.647059
31 0.513514 0.500000 0.702703 0.722222
5 0.500000 0.500000 0.736842 0.736842
19 0.500000 0.500000 0.761905 0.736842
27 0.510417 0.500000 0.770833 0.756098
9 0.500000 0.516129 0.666667 0.645161
24 0.512500 0.513889 0.725000 0.694444
16 0.505952 0.500000 0.821429 0.831325
12 0.500000 0.500000 0.772727 0.772727
10 0.485714 0.500000 0.685714 0.666667
8 0.514706 0.514706 0.676471 0.676471
22 0.500000 0.515152 0.714286 0.666667
7 0.511905 0.511905 0.738095 0.738095
37 0.500000 0.500000 0.782609 0.769231
28 0.500000 0.511364 0.782609 0.750000
14 0.500000 0.486842 0.736842 0.710526
4 0.514706 0.514286 0.676471 0.685714
20 0.500000 0.483871 0.657143 0.645161
33 0.500000 0.485294 0.687500 0.676471
39 0.500000 0.516129 0.677419 0.645161
25 0.484375 0.483871 0.656250 0.645161
32 0.500000 0.515152 0.687500 0.666667
36 0.514286 0.514286 0.685714 0.685714
34 0.500000 0.515152 0.642857 0.666667
21 0.500000 0.513158 0.736842 0.710526
6 0.500000 0.500000 0.677419 0.687500
29 0.513514 0.485294 0.702703 0.676471
