25 0.500000 0.500000 0.826772 0.830508
38 0.514706 0.485294 0.676471 0.676471
10 0.510204 0.510204 0.775510 0.775510
21 0.500000 0.500000 0.822785 0.820896
1 0.509259 0.500000 0.796296 0.827586
15 0.509804 0.509804 0.784314 0.784314
5 0.509259 0.500000 0.796296 0.811321
9 0.512821 0.500000 0.717949 0.736842
30 0.500000 0.511628 0.791667 0.744186
18 0.500000 0.500000 0.820513 0.826087
14 0.500000 0.500000 0.800000 0.833333
4 0.500000 0.500000 0.772727 0.777778
22 0.500000 0.500000 0.800000 0.750000
3 0.500000 0.500000 0.787234 0.787234
26 0.500000 0.509804 0.811321 0.784314
6 0.500000 0.500000 0.722222 0.750000
2 0.500000 0.500000 0.750000 0.756098
28 0.505102 0.500000 0.826531 0.818182
11 0.506250 0.500000 0.812500 0.830986
17 0.516667 0.500000 0.633333 0.677419
20 0.512195 0.500000 0.731707 0.750000
31 0.500000 0.509434 0.821429 0.792453
13 0.508772 0.500000 0.807018 0.823529
36 0.510870 0.500000 0.760870 0.777778
40 0.506579 0.506494 0.828947 0.831169
29 0.493056 0.507937 0.819444 0.825397
23 0.500000 0.500000 0.840000 0.828571
7 0.511111 0.500000 0.755556 0.777778
8 0.511364 0.511364 0.750000 0.750000
24 0.510000 0.500000 0.780000 0.807692
