16 0.500000 0.486111 0.666667 0.694444
29 0.510870 0.510204 0.760870 0.775510
11 0.491379 0.509259 0.810345 0.796296
33 0.507812 0.507353 0.828125 0.808824
8 0.500000 0.500000 0.743590 0.743590
25 0.493333 0.492857 0.826667 0.814286
32 0.485714 0.486486 0.685714 0.702703
14 0.500000 0.500000 0.807692 0.807692
34 0.500000 0.512821 0.736842 0.717949
4 0.513889 0.500000 0.694444 0.714286
31 0.500000 0.513158 0.743590 0.710526
10 0.511364 0.511364 0.750000 0.750000
15 0.500000 0.486486 0.666667 0.702703
30 0.500000 0.500000 0.814815 0.800000
5 0.500000 0.512821 0.736842 0.717949
3 0.513889 0.513889 0.694444 0.694444
1 0.500000 0.500000 0.797101 0.843750
22 0.509434 0.510000 0.792453 0.780000
38 0.488372 0.511111 0.744186 0.755556
28 0.507042 0.508333 0.816901 0.816667
24 0.500000 0.500000 0.814815 0.795918
9 0.513158 0.500000 0.710526 0.722222
2 0.500000 0.500000 0.761905 0.756098
27 0.511364 0.500000 0.750000 0.707317
35 0.500000 0.500000 0.736842 0.736842
21 0.489583 0.511111 0.770833 0.755556
39 0.500000 0.500000 0.823529 0.828571
7 0.512195 0.512195 0.731707 0.731707
