8 0.506494 0.500000 0.831169 0.835616
18 0.500000 0.500000 0.822222 0.804878
27 0.495902 0.504545 0.827869 0.827273
22 0.506944 0.507812 0.819444 0.828125
13 0.495283 0.494898 0.820755 0.826531
31 0.506494 0.500000 0.831169 0.830986
41 0.507353 0.507042 0.808824 0.816901
17 0.489362 0.500000 0.765957 0.755102
3 0.500000 0.509804 0.800000 0.784314
29 0.504032 0.504464 0.830645 0.830357
21 0.500000 0.506579 0.827957 0.828947
11 0.495868 0.504310 0.826446 0.818966
34 0.510870 0.510870 0.760870 0.760870
1 0.500000 0.491667 0.841270 0.816667
15 0.500000 0.503571 0.835616 0.821429
42 0.500000 0.505882 0.839080 0.823529
38 0.506098 0.504762 0.817073 0.819048
23 0.502577 0.500000 0.829897 0.832402
32 0.500000 0.500000 0.821429 0.814815
7 0.511364 0.500000 0.750000 0.756098
12 0.506173 0.500000 0.814815 0.827160
2 0.505000 0.505000 0.830000 0.830000
25 0.503125 0.500000 0.831250 0.823129
9 0.505952 0.506098 0.821429 0.817073
10 0.505882 0.507143 0.823529 0.814286
30 0.500000 0.511111 0.807692 0.755556
33 0.505814 0.505618 0.825581 0.831461
36 0.500000 0.500000 0.835616 0.835616
16 0.500000 0.503759 0.833333 0.827068
39 0.500000 0.500000 0.811321 0.785714
37 0.505376 0.505376 0.817204 0.817204
