0 0.500000 0.517857 0.629630 0.607143
40 0.514706 0.500000 0.676471 0.696970
24 0.500000 0.490566 0.814815 0.792453
5 0.500000 0.518519 0.642857 0.592593
21 0.515625 0.516667 0.656250 0.633333
2 0.518519 0.518519 0.592593 0.592593
13 0.500000 0.500000 0.692308 0.722222
3 0.483871 0.516129 0.645161 0.645161
30 0.512821 0.500000 0.717949 0.722222
41 0.500000 0.500000 0.677419 0.696970
34 0.483333 0.500000 0.633333 0.642857
31 0.513514 0.514286 0.702703 0.685714
23 0.500000 0.485714 0.729730 0.685714
28 0.511905 0.513514 0.738095 0.702703
22 0.500000 0.500000 0.714286 0.687500
14 0.500000 0.484848 0.636364 0.666667
25 0.516667 0.517241 0.633333 0.620690
33 0.500000 0.500000 0.761905 0.750000
29 0.500000 0.500000 0.722222 0.705882
11 0.506944 0.500000 0.819444 0.818182
39 0.510417 0.500000 0.770833 0.807692
12 0.515152 0.514706 0.666667 0.676471
42 0.517241 0.517241 0.620690 0.620690
4 0.500000 0.514706 0.696970 0.676471
37 0.517857 0.500000 0.607143 0.629630
9 0.512821 0.513158 0.717949 0.710526
1 0.510870 0.510417 0.760870 0.770833
19 0.488636 0.487500 0.750000 0.725000
16 0.500000 0.500000 0.615385 0.615385
27 0.514706 0.500000 0.676471 0.625000
7 0.487179 0.511905 0.717949 0.738095
18 0.486111 0.500000 0.694444 0.657143
20 0.514286 0.500000 0.685714 0.657143
35 0.500000 0.500000 0.625000 0.625000
6 0.500000 0.516129 0.642857 0.645161
38 0.500000 0.500000 0.729730 0.729730
32 0.516667 0.500000 0.633333 0.612903
10 0.500000 0.500000 0.636364 0.666667
