0 0.510417 0.500000 0.770833 0.787234
13 0.500000 0.500000 0.795918 0.764706
33 0.509615 0.509804 0.788462 0.784314
22 0.500000 0.500000 0.824561 0.814815
25 0.508929 0.509804 0.803571 0.784314
17 0.514706 0.500000 0.676471 0.777778
9 0.500000 0.500000 0.785714 0.793103
6 0.511111 0.500000 0.755556 0.782609
37 0.500000 0.500000 0.841270 0.833333
16 0.500000 0.512195 0.743590 0.731707
35 0.487179 0.487500 0.717949 0.725000
40 0.509615 0.500000 0.788462 0.803922
20 0.500000 0.509804 0.807692 0.784314
24 0.500000 0.500000 0.815385 0.803279
36 0.500000 0.491228 0.796610 0.807018
7 0.508333 0.500000 0.816667 0.838710
31 0.507937 0.508772 0.825397 0.807018
11 0.504065 0.500000 0.829268 0.836364
26 0.512500 0.513514 0.725000 0.702703
38 0.508475 0.500000 0.813559 0.821429
1 0.500000 0.508772 0.785714 0.807018
3 0.500000 0.500000 0.761905 0.772727
32 0.500000 0.511364 0.772727 0.750000
21 0.500000 0.511364 0.787234 0.750000
15 0.489362 0.508772 0.765957 0.807018
14 0.510417 0.510417 0.770833 0.770833
41 0.500000 0.490385 0.800000 0.788462
8 0.500000 0.500000 0.756098 0.750000
10 0.500000 0.486842 0.743590 0.710526
34 0.510870 0.500000 0.760870 0.727273
19 0.500000 0.491525 0.802817 0.813559
27 0.508621 0.509434 0.810345 0.792453
