20 0.500000 0.500000 0.743590 0.705882
37 0.500000 0.511905 0.756098 0.738095
10 0.500000 0.500000 0.767442 0.767442
23 0.487179 0.513158 0.717949 0.710526
13 0.487500 0.512500 0.725000 0.725000
16 0.500000 0.506757 0.835616 0.824324
15 0.500000 0.510000 0.787234 0.780000
33 0.483333 0.515625 0.633333 0.656250
28 0.500000 0.487179 0.720930 0.717949
1 0.507353 0.507246 0.808824 0.811594
30 0.500000 0.500000 0.795918 0.750000
11 0.500000 0.513889 0.729730 0.694444
31 0.509091 0.500000 0.800000 0.791667
32 0.500000 0.500000 0.714286 0.714286
22 0.509804 0.510638 0.784314 0.765957
19 0.505814 0.500000 0.825581 0.810811
18 0.500000 0.518519 0.655172 0.592593
5 0.500000 0.512195 0.743590 0.731707
38 0.487500 0.512195 0.725000 0.731707
9 0.500000 0.500000 0.767442 0.761905
41 0.512500 0.512500 0.725000 0.725000
7 0.513514 0.500000 0.702703 0.684211
17 0.517857 0.516129 0.607143 0.645161
36 0.500000 0.489583 0.755102 0.770833
2 0.510417 0.500000 0.770833 0.761905
3 0.513158 0.500000 0.710526 0.729730
39 0.500000 0.504717 0.825243 0.820755
34 0.500000 0.500000 0.782609 0.803922
29 0.512821 0.508929 0.717949 0.803571
14 0.507246 0.500000 0.811594 0.823529
42 0.487179 0.500000 0.717949 0.743590
35 0.500000 0.500000 0.791667 0.795918
6 0.512195 0.511905 0.731707 0.738095
