24 0.500000 0.500000 0.736842 0.750000
17 0.500000 0.517241 0.615385 0.620690
38 0.500000 0.516667 0.655172 0.633333
30 0.514706 0.500000 0.676471 0.666667
3 0.500000 0.500000 0.666667 0.666667
25 0.500000 0.507042 0.833333 0.816901
23 0.510870 0.511628 0.760870 0.744186
15 0.513158 0.513158 0.710526 0.710526
16 0.508475 0.508621 0.813559 0.810345
18 0.490909 0.500000 0.800000 0.755102
34 0.515625 0.515152 0.656250 0.666667
40 0.516667 0.500000 0.633333 0.696970
20 0.500000 0.500000 0.677419 0.677419
31 0.513158 0.513514 0.710526 0.702703
29 0.512195 0.500000 0.731707 0.736842
26 0.513514 0.500000 0.702703 0.687500
28 0.508197 0.500000 0.819672 0.811321
7 0.516129 0.500000 0.645161 0.666667
1 0.500000 0.500000 0.767442 0.787234
35 0.511628 0.500000 0.744186 0.761905
9 0.500000 0.500000 0.642857 0.642857
22 0.500000 0.519231 0.642857 0.576923
21 0.500000 0.510638 0.787234 0.765957
11 0.500000 0.500000 0.795918 0.777778
14 0.500000 0.513158 0.657143 0.710526
2 0.500000 0.516667 0.642857 0.633333
5 0.500000 0.500000 0.687500 0.687500
33 0.510000 0.500000 0.780000 0.800000
36 0.517857 0.500000 0.607143 0.642857
12 0.515152 0.500000 0.666667 0.687500
6 0.500000 0.482759 0.571429 0.620690
8 0.515152 0.515152 0.666667 0.666667
