8 0.507937 0.500000 0.825397 0.836066
31 0.500000 0.506944 0.839080 0.819444
4 0.500000 0.500000 0.816794 0.838710
9 0.500000 0.507692 0.843750 0.830769
36 0.500000 0.509091 0.803922 0.800000
38 0.500000 0.507246 0.838710 0.811594
12 0.485294 0.500000 0.676471 0.612903
20 0.500000 0.509434 0.807692 0.792453
40 0.500000 0.500000 0.829060 0.818182
14 0.503401 0.503401 0.829932 0.829932
39 0.500000 0.500000 0.828571 0.830189
32 0.506024 0.505952 0.819277 0.821429
11 0.503676 0.503704 0.830882 0.829630
42 0.507042 0.500000 0.816901 0.826087
19 0.500000 0.500000 0.831579 0.824176
37 0.491228 0.500000 0.807018 0.830508
7 0.505952 0.500000 0.821429 0.831325
30 0.500000 0.504425 0.833333 0.831858
3 0.508197 0.500000 0.819672 0.841270
22 0.493750 0.506849 0.812500 0.821918
21 0.507937 0.509259 0.825397 0.796296
35 0.492308 0.492647 0.830769 0.808824
34 0.494318 0.500000 0.829545 0.839080
28 0.500000 0.500000 0.835616 0.797101
25 0.493056 0.507937 0.819444 0.825397
1 0.509091 0.509091 0.800000 0.800000
15 0.507143 0.500000 0.814286 0.826087
29 0.504950 0.500000 0.831683 0.814433
5 0.500000 0.493421 0.830986 0.828947
33 0.500000 0.500000 0.831325 0.839080
18 0.500000 0.503268 0.833333 0.823529
6 0.500000 0.500000 0.841270 0.836066
26 0.500000 0.500000 0.826087 0.833333
10 0.500000 0.508772 0.818182 0.807018
41 0.507812 0.507812 0.828125 0.828125
16 0.505747 0.505747 0.827586 0.827586
13 0.504310 0.500000 0.818966 0.833333
0 0.505263 0.505000 0.821053 0.830000
17 0.514706 0.514286 0.676471 0.685714
24 0.500000 0.500000 0.829457 0.831933
