31 0.500000 0.500000 0.837838 0.826087
4 0.506849 0.506944 0.821918 0.819444
13 0.507812 0.500000 0.828125 0.826087
33 0.506173 0.506024 0.814815 0.819277
12 0.500000 0.494565 0.822222 0.815217
10 0.500000 0.500000 0.841270 0.841270
24 0.509804 0.508929 0.784314 0.803571
5 0.506757 0.500000 0.824324 0.835616
22 0.500000 0.500000 0.809524 0.820513
35 0.505682 0.505882 0.829545 0.823529
38 0.512821 0.512821 0.717949 0.717949
2 0.500000 0.508333 0.824561 0.816667
21 0.504237 0.505155 0.822034 0.824742
28 0.500000 0.495726 0.818182 0.820513
1 0.508333 0.500000 0.816667 0.843750
7 0.500000 0.500000 0.827586 0.833333
3 0.500000 0.506494 0.835616 0.831169
29 0.504717 0.500000 0.820755 0.810526
14 0.507246 0.493976 0.811594 0.819277
18 0.494792 0.494048 0.822917 0.821429
30 0.506944 0.500000 0.819444 0.836066
17 0.500000 0.500000 0.666667 0.705882
34 0.500000 0.500000 0.827586 0.833333
8 0.509434 0.509434 0.792453 0.792453
9 0.509615 0.500000 0.788462 0.803922
25 0.502825 0.500000 0.824859 0.819277
11 0.500000 0.505102 0.833333 0.826531
36 0.500000 0.507143 0.826087 0.814286
