15 0.514286 0.513889 0.685714 0.694444
2 0.500000 0.514706 0.696970 0.676471
41 0.515152 0.515152 0.666667 0.666667
35 0.500000 0.514706 0.696970 0.676471
19 0.500000 0.500000 0.791667 0.777778
40 0.510000 0.500000 0.780000 0.800000
3 0.513514 0.500000 0.702703 0.722222
13 0.500000 0.514706 0.722222 0.676471
37 0.516129 0.500000 0.645161 0.636364
23 0.513889 0.514706 0.694444 0.676471
1 0.506024 0.500000 0.819277 0.825000
28 0.512500 0.513158 0.725000 0.710526
27 0.510638 0.511111 0.765957 0.755556
42 0.513514 0.513514 0.702703 0.702703
16 0.514286 0.500000 0.685714 0.705882
17 0.500000 0.500000 0.800000 0.803922
36 0.500000 0.513514 0.722222 0.702703
7 0.500000 0.500000 0.729730 0.729730
29 0.487805 0.500000 0.731707 0.750000
25 0.500000 0.500000 0.767442 0.750000
10 0.500000 0.500000 0.677419 0.677419
39 0.500000 0.500000 0.714286 0.714286
26 0.511111 0.500000 0.755556 0.743590
30 0.509615 0.500000 0.788462 0.782609
20 0.500000 0.514706 0.696970 0.676471
9 0.500000 0.515152 0.687500 0.666667
22 0.485294 0.483871 0.676471 0.645161
34 0.500000 0.508475 0.827586 0.813559
4 0.500000 0.500000 0.811321 0.811321
18 0.505882 0.506757 0.823529 0.824324
