18 0.500000 0.517241 0.666667 0.620690
40 0.500000 0.508929 0.818182 0.803571
24 0.500000 0.492188 0.828571 0.828125
27 0.495413 0.500000 0.825688 0.836735
33 0.492857 0.506667 0.814286 0.826667
20 0.500000 0.500000 0.828571 0.836066
12 0.500000 0.500000 0.795918 0.818182
11 0.500000 0.508333 0.841270 0.816667
26 0.506494 0.507042 0.831169 0.816901
3 0.509615 0.509615 0.788462 0.788462
30 0.500000 0.500000 0.835294 0.837838
34 0.500000 0.500000 0.830508 0.828571
29 0.509259 0.494792 0.796296 0.822917
2 0.500000 0.507937 0.843750 0.825397
7 0.508197 0.508475 0.819672 0.813559
6 0.500000 0.500000 0.811321 0.814815
1 0.505618 0.500000 0.831461 0.840909
13 0.508621 0.491071 0.810345 0.803571
22 0.500000 0.507042 0.825000 0.816901
23 0.508197 0.500000 0.819672 0.800000
36 0.500000 0.509259 0.781818 0.796296
9 0.509434 0.500000 0.792453 0.800000
38 0.500000 0.500000 0.830508 0.833333
21 0.505882 0.506250 0.823529 0.812500
14 0.504587 0.504630 0.825688 0.824074
15 0.509091 0.500000 0.800000 0.814815
39 0.503650 0.496429 0.832117 0.821429
0 0.507143 0.507143 0.814286 0.814286
4 0.506944 0.500000 0.819444 0.830986
25 0.506098 0.506250 0.817073 0.812500
32 0.508621 0.508929 0.810345 0.803571
5 0.509091 0.508772 0.800000 0.807018
35 0.506667 0.500000 0.826667 0.842105
37 0.500000 0.500000 0.760000 0.787234
16 0.504237 0.500000 0.822034 0.827586
