30 0.500000 0.500000 0.803922 0.791667
11 0.500000 0.500000 0.810811 0.843750
1 0.489796 0.500000 0.775510 0.787234
22 0.500000 0.511364 0.782609 0.750000
14 0.500000 0.491667 0.803279 0.816667
9 0.487805 0.500000 0.731707 0.714286
42 0.500000 0.500000 0.675676 0.666667
31 0.511111 0.511364 0.755556 0.750000
36 0.500000 0.500000 0.787234 0.787234
24 0.500000 0.513889 0.722222 0.694444
25 0.500000 0.510000 0.811321 0.780000
41 0.487179 0.500000 0.717949 0.736842
2 0.511111 0.500000 0.755556 0.777778
6 0.486486 0.487500 0.702703 0.725000
35 0.486486 0.500000 0.702703 0.722222
8 0.500000 0.500000 0.756098 0.767442
19 0.500000 0.510638 0.803922 0.765957
33 0.500000 0.507143 0.828571 0.814286
3 0.487805 0.487805 0.731707 0.731707
26 0.500000 0.511111 0.800000 0.755556
20 0.511364 0.500000 0.750000 0.714286
12 0.500000 0.507143 0.830986 0.814286
27 0.500000 0.500000 0.777778 0.756098
39 0.510000 0.490000 0.780000 0.780000
0 0.500000 0.511364 0.777778 0.750000
23 0.500000 0.500000 0.814815 0.800000
32 0.515152 0.500000 0.666667 0.705882
38 0.511905 0.500000 0.738095 0.767442
29 0.500000 0.500000 0.818182 0.800000
37 0.500000 0.507143 0.823529 0.814286
13 0.509615 0.500000 0.788462 0.782609
4 0.500000 0.500000 0.828571 0.826087
