26 0.490909 0.489796 0.800000 0.775510
28 0.500000 0.500000 0.820896 0.824561
18 0.511111 0.500000 0.755556 0.714286
21 0.500000 0.508197 0.843750 0.819672
17 0.500000 0.510204 0.739130 0.775510
3 0.500000 0.500000 0.787234 0.791667
9 0.500000 0.491071 0.789474 0.803571
33 0.500000 0.500000 0.833333 0.812500
6 0.500000 0.511905 0.750000 0.738095
13 0.500000 0.500000 0.833333 0.818182
30 0.500000 0.506250 0.839080 0.812500
38 0.509434 0.509091 0.792453 0.800000
34 0.509804 0.509615 0.784314 0.788462
2 0.506024 0.506494 0.819277 0.831169
36 0.489130 0.500000 0.760870 0.750000
16 0.512195 0.500000 0.731707 0.761905
1 0.500000 0.489362 0.787234 0.765957
8 0.500000 0.500000 0.772727 0.772727
15 0.500000 0.500000 0.830508 0.830508
10 0.510638 0.500000 0.765957 0.782609
25 0.500000 0.509615 0.814815 0.788462
39 0.500000 0.510417 0.767442 0.770833
7 0.512500 0.512195 0.725000 0.731707
11 0.500000 0.500000 0.830986 0.838710
5 0.500000 0.500000 0.833333 0.833333
14 0.500000 0.508065 0.833333 0.822581
35 0.490909 0.500000 0.800000 0.785714
4 0.500000 0.510417 0.782609 0.770833
