24 0.500000 0.519231 0.615385 0.576923
32 0.500000 0.500000 0.600000 0.615385
13 0.517241 0.500000 0.620690 0.655172
41 0.500000 0.480769 0.571429 0.576923
12 0.500000 0.500000 0.777778 0.761905
21 0.500000 0.516129 0.687500 0.645161
6 0.519231 0.517857 0.576923 0.607143
8 0.516667 0.500000 0.633333 0.677419
15 0.517857 0.500000 0.607143 0.629630
18 0.506757 0.500000 0.824324 0.828571
33 0.500000 0.507692 0.843750 0.830769
3 0.516667 0.516667 0.633333 0.633333
40 0.500000 0.500000 0.803922 0.803922
25 0.514286 0.484848 0.685714 0.666667
20 0.482143 0.480769 0.607143 0.576923
42 0.481481 0.500000 0.592593 0.600000
31 0.500000 0.500000 0.677419 0.666667
23 0.516667 0.500000 0.633333 0.666667
29 0.485294 0.500000 0.676471 0.625000
1 0.500000 0.500000 0.655172 0.666667
2 0.516667 0.516667 0.633333 0.633333
38 0.500000 0.500000 0.615385 0.629630
26 0.500000 0.514286 0.729730 0.685714
5 0.518519 0.480769 0.592593 0.576923
9 0.518519 0.500000 0.592593 0.615385
10 0.515625 0.500000 0.656250 0.677419
4 0.500000 0.500000 0.727273 0.761905
17 0.517241 0.500000 0.620690 0.642857
11 0.512500 0.500000 0.725000 0.722222
16 0.517857 0.500000 0.607143 0.629630
39 0.484375 0.500000 0.656250 0.636364
34 0.500000 0.500000 0.571429 0.655172
35 0.500000 0.517241 0.642857 0.620690
7 0.484848 0.500000 0.666667 0.647059
14 0.500000 0.509434 0.807692 0.792453
