17 0.500000 0.500000 0.677419 0.666667
7 0.516667 0.516667 0.633333 0.633333
25 0.500000 0.500000 0.586207 0.629630
14 0.500000 0.500000 0.642857 0.677419
9 0.500000 0.500000 0.666667 0.687500
2 0.500000 0.512500 0.750000 0.725000
5 0.515152 0.500000 0.666667 0.687500
12 0.514706 0.500000 0.676471 0.687500
20 0.513514 0.500000 0.702703 0.722222
26 0.500000 0.517241 0.677419 0.620690
3 0.516667 0.500000 0.633333 0.655172
31 0.500000 0.513158 0.729730 0.710526
11 0.500000 0.500000 0.739130 0.714286
8 0.500000 0.484848 0.647059 0.666667
23 0.512500 0.512500 0.725000 0.725000
10 0.500000 0.515152 0.687500 0.666667
6 0.518519 0.482759 0.592593 0.620690
22 0.514286 0.500000 0.685714 0.687500
33 0.506667 0.506667 0.826667 0.826667
15 0.500000 0.513514 0.722222 0.702703
1 0.500000 0.516129 0.666667 0.645161
36 0.518519 0.517241 0.592593 0.620690
35 0.517857 0.517857 0.607143 0.607143
21 0.500000 0.500000 0.714286 0.705882
34 0.515625 0.500000 0.656250 0.677419
40 0.517857 0.500000 0.607143 0.629630
39 0.500000 0.516667 0.586207 0.633333
30 0.511628 0.500000 0.744186 0.761905
38 0.514286 0.500000 0.685714 0.705882
