31 0.513889 0.500000 0.694444 0.722222
10 0.500000 0.485294 0.657143 0.676471
7 0.512500 0.500000 0.725000 0.707317
26 0.511905 0.500000 0.738095 0.736842
39 0.500000 0.500000 0.729730 0.729730
23 0.500000 0.500000 0.729730 0.722222
12 0.500000 0.500000 0.800000 0.807692
42 0.483333 0.516667 0.633333 0.633333
9 0.500000 0.500000 0.677419 0.677419
38 0.500000 0.485714 0.696970 0.685714
3 0.514286 0.485714 0.685714 0.685714
8 0.514286 0.513889 0.685714 0.694444
21 0.513158 0.500000 0.710526 0.714286
29 0.512500 0.513514 0.725000 0.702703
40 0.500000 0.500000 0.838710 0.838710
6 0.482759 0.500000 0.620690 0.677419
34 0.515152 0.514286 0.666667 0.685714
4 0.500000 0.509615 0.803922 0.788462
11 0.500000 0.510000 0.814815 0.780000
13 0.500000 0.514706 0.687500 0.676471
41 0.500000 0.500000 0.655172 0.655172
16 0.500000 0.500000 0.687500 0.687500
33 0.500000 0.500000 0.826087 0.823529
20 0.484848 0.483871 0.666667 0.645161
36 0.500000 0.513889 0.714286 0.694444
28 0.511111 0.500000 0.755556 0.782609
37 0.510417 0.500000 0.770833 0.791667
35 0.500000 0.500000 0.677419 0.677419
22 0.513158 0.500000 0.710526 0.705882
0 0.514706 0.515152 0.676471 0.666667
14 0.509091 0.509091 0.800000 0.800000
2 0.500000 0.514286 0.705882 0.685714
25 0.513158 0.513514 0.710526 0.702703
5 0.516129 0.515625 0.645161 0.656250
15 0.483333 0.516667 0.633333 0.633333
