31 0.512500 0.500000 0.725000 0.736842
42 0.500000 0.517857 0.655172 0.607143
1 0.500000 0.500000 0.629630 0.600000
6 0.500000 0.500000 0.677419 0.696970
9 0.517241 0.517241 0.620690 0.620690
21 0.500000 0.515625 0.696970 0.656250
37 0.516129 0.516129 0.645161 0.645161
3 0.484848 0.484848 0.666667 0.666667
4 0.500000 0.516667 0.612903 0.633333
16 0.514286 0.500000 0.685714 0.714286
20 0.513158 0.500000 0.710526 0.675676
17 0.500000 0.516667 0.642857 0.633333
15 0.500000 0.500000 0.600000 0.636364
30 0.510638 0.500000 0.765957 0.750000
23 0.508929 0.500000 0.803571 0.803922
8 0.500000 0.516129 0.666667 0.645161
12 0.513514 0.513158 0.702703 0.710526
14 0.500000 0.489130 0.744681 0.760870
41 0.512195 0.500000 0.731707 0.756098
5 0.517241 0.500000 0.620690 0.629630
13 0.516667 0.500000 0.633333 0.666667
34 0.510638 0.510417 0.765957 0.770833
32 0.517857 0.500000 0.607143 0.642857
11 0.500000 0.513514 0.736842 0.702703
27 0.488095 0.511364 0.738095 0.750000
38 0.486842 0.487500 0.710526 0.725000
22 0.511905 0.512821 0.738095 0.717949
28 0.486486 0.500000 0.702703 0.696970
40 0.487179 0.500000 0.717949 0.736842
18 0.500000 0.500000 0.767442 0.761905
39 0.500000 0.500000 0.655172 0.655172
26 0.500000 0.483333 0.696970 0.633333
7 0.500000 0.500000 0.687500 0.687500
29 0.500000 0.512821 0.772727 0.717949
35 0.518519 0.518519 0.592593 0.592593
2 0.510000 0.510204 0.780000 0.775510
0 0.500000 0.516667 0.642857 0.633333
