29 0.500000 0.500000 0.666667 0.677419
33 0.500000 0.492308 0.820896 0.830769
20 0.500000 0.517241 0.666667 0.620690
22 0.514286 0.500000 0.685714 0.714286
16 0.500000 0.517857 0.629630 0.607143
3 0.515625 0.515625 0.656250 0.656250
36 0.515625 0.500000 0.656250 0.677419
25 0.513889 0.500000 0.694444 0.705882
21 0.500000 0.516129 0.687500 0.645161
13 0.500000 0.500000 0.655172 0.666667
17 0.500000 0.516667 0.655172 0.633333
8 0.500000 0.515152 0.666667 0.666667
6 0.518519 0.500000 0.592593 0.642857
14 0.509434 0.509434 0.792453 0.792453
2 0.516129 0.500000 0.645161 0.666667
34 0.500000 0.500000 0.600000 0.625000
38 0.517857 0.500000 0.607143 0.655172
35 0.500000 0.517857 0.586207 0.607143
9 0.500000 0.500000 0.642857 0.642857
19 0.500000 0.500000 0.657143 0.677419
42 0.500000 0.500000 0.629630 0.615385
11 0.511905 0.500000 0.738095 0.729730
0 0.500000 0.500000 0.666667 0.642857
23 0.515625 0.500000 0.656250 0.625000
12 0.500000 0.511111 0.787234 0.755556
7 0.500000 0.500000 0.705882 0.705882
27 0.500000 0.482143 0.612903 0.607143
39 0.514706 0.514706 0.676471 0.676471
37 0.487500 0.500000 0.725000 0.707317
31 0.514706 0.515152 0.676471 0.666667
5 0.517241 0.517857 0.620690 0.607143
24 0.500000 0.500000 0.586207 0.600000
