38 0.500000 0.500000 0.696970 0.696970
35 0.517857 0.500000 0.607143 0.629630
20 0.513158 0.513158 0.710526 0.710526
40 0.500000 0.517241 0.629630 0.620690
30 0.510638 0.500000 0.765957 0.761905
18 0.515625 0.500000 0.656250 0.642857
2 0.500000 0.512195 0.756098 0.731707
5 0.500000 0.500000 0.687500 0.687500
10 0.500000 0.515152 0.687500 0.666667
11 0.489130 0.511905 0.760870 0.738095
9 0.515625 0.500000 0.656250 0.696970
31 0.486842 0.500000 0.710526 0.729730
26 0.515625 0.516667 0.656250 0.633333
33 0.500000 0.506494 0.840000 0.831169
15 0.500000 0.513514 0.722222 0.702703
36 0.500000 0.516667 0.642857 0.633333
17 0.484375 0.500000 0.656250 0.666667
6 0.517857 0.500000 0.607143 0.655172
1 0.483871 0.483871 0.645161 0.645161
16 0.500000 0.516129 0.655172 0.645161
21 0.513514 0.514286 0.702703 0.685714
28 0.500000 0.500000 0.705882 0.696970
22 0.500000 0.500000 0.714286 0.696970
14 0.500000 0.500000 0.642857 0.636364
4 0.500000 0.515152 0.687500 0.666667
23 0.500000 0.500000 0.750000 0.750000
13 0.500000 0.516667 0.666667 0.633333
39 0.500000 0.483333 0.586207 0.633333
3 0.500000 0.516129 0.655172 0.645161
25 0.482759 0.500000 0.620690 0.642857
