30 0.500000 0.510417 0.807692 0.770833
13 0.500000 0.514706 0.666667 0.676471
7 0.515152 0.500000 0.666667 0.705882
39 0.500000 0.500000 0.677419 0.647059
21 0.500000 0.512195 0.756098 0.731707
36 0.500000 0.483871 0.612903 0.645161
40 0.500000 0.500000 0.677419 0.666667
35 0.500000 0.500000 0.677419 0.687500
18 0.485714 0.500000 0.685714 0.636364
3 0.514286 0.500000 0.685714 0.705882
12 0.500000 0.500000 0.714286 0.714286
22 0.500000 0.513514 0.750000 0.702703
34 0.513889 0.513889 0.694444 0.694444
28 0.511364 0.511628 0.750000 0.744186
20 0.512500 0.512500 0.725000 0.725000
4 0.513889 0.513889 0.694444 0.694444
14 0.500000 0.500000 0.714286 0.729730
11 0.509615 0.510638 0.788462 0.765957
16 0.515152 0.515152 0.666667 0.666667
5 0.500000 0.500000 0.722222 0.722222
6 0.500000 0.515152 0.677419 0.666667
23 0.500000 0.500000 0.772727 0.756098
2 0.500000 0.489362 0.755102 0.765957
1 0.500000 0.514706 0.705882 0.676471
25 0.500000 0.500000 0.677419 0.666667
33 0.506098 0.500000 0.817073 0.827160
38 0.500000 0.513889 0.736842 0.694444
8 0.513889 0.513889 0.694444 0.694444
10 0.513158 0.513514 0.710526 0.702703
