6 0.500000 0.486111 0.647059 0.694444
37 0.508621 0.508621 0.810345 0.810345
15 0.514286 0.500000 0.685714 0.705882
28 0.509615 0.500000 0.788462 0.811321
3 0.500000 0.500000 0.743590 0.743590
23 0.500000 0.511628 0.782609 0.744186
39 0.511364 0.500000 0.750000 0.767442
26 0.500000 0.500000 0.777778 0.750000
31 0.500000 0.512195 0.756098 0.731707
16 0.514706 0.500000 0.676471 0.696970
36 0.500000 0.512195 0.750000 0.731707
1 0.500000 0.512500 0.761905 0.725000
17 0.500000 0.486486 0.722222 0.702703
33 0.500000 0.500000 0.826087 0.826087
0 0.500000 0.500000 0.736842 0.729730
12 0.500000 0.508333 0.800000 0.816667
30 0.510638 0.511111 0.765957 0.755556
13 0.500000 0.512821 0.756098 0.717949
25 0.500000 0.488095 0.739130 0.738095
40 0.507042 0.500000 0.816901 0.830986
10 0.500000 0.500000 0.714286 0.714286
21 0.500000 0.511905 0.767442 0.738095
42 0.500000 0.484848 0.687500 0.666667
7 0.510638 0.510638 0.765957 0.765957
18 0.504950 0.505263 0.831683 0.821053
27 0.512821 0.513514 0.717949 0.702703
20 0.500000 0.500000 0.700000 0.675676
5 0.500000 0.514286 0.696970 0.685714
