38 0.500000 0.500000 0.705882 0.761905
20 0.500000 0.513889 0.736842 0.694444
17 0.516129 0.500000 0.645161 0.666667
4 0.500000 0.510870 0.767442 0.760870
8 0.500000 0.500000 0.677419 0.687500
35 0.500000 0.515625 0.677419 0.656250
42 0.516129 0.500000 0.645161 0.666667
12 0.500000 0.500000 0.687500 0.677419
23 0.493506 0.506667 0.831169 0.826667
22 0.500000 0.500000 0.675676 0.677419
40 0.513889 0.513889 0.694444 0.694444
27 0.511628 0.500000 0.744186 0.707317
31 0.511364 0.500000 0.750000 0.707317
39 0.483333 0.500000 0.633333 0.666667
34 0.514706 0.500000 0.676471 0.677419
13 0.515152 0.500000 0.666667 0.696970
10 0.500000 0.483871 0.647059 0.645161
6 0.500000 0.513514 0.714286 0.702703
32 0.500000 0.500000 0.625000 0.666667
26 0.500000 0.488636 0.744681 0.750000
37 0.500000 0.500000 0.666667 0.705882
28 0.500000 0.500000 0.720930 0.729730
9 0.516129 0.516129 0.645161 0.645161
16 0.500000 0.500000 0.772727 0.791667
14 0.500000 0.487500 0.743590 0.725000
15 0.516129 0.500000 0.645161 0.841270
5 0.500000 0.500000 0.642857 0.655172
36 0.486111 0.514706 0.694444 0.676471
41 0.500000 0.500000 0.642857 0.666667
25 0.500000 0.507143 0.837838 0.814286
0 0.500000 0.500000 0.696970 0.696970
19 0.513514 0.485294 0.702703 0.676471
18 0.500000 0.500000 0.800000 0.750000
33 0.483871 0.500000 0.645161 0.666667
7 0.500000 0.483333 0.600000 0.633333
30 0.500000 0.500000 0.692308 0.714286
24 0.508475 0.500000 0.813559 0.838710
29 0.511111 0.500000 0.755556 0.756098
