12 0.500000 0.511905 0.756098 0.738095
2 0.508772 0.500000 0.807018 0.818182
34 0.500000 0.500000 0.750000 0.750000
1 0.512500 0.512500 0.725000 0.725000
11 0.508475 0.509091 0.813559 0.800000
26 0.500000 0.487179 0.720930 0.717949
31 0.500000 0.489583 0.769231 0.770833
4 0.500000 0.500000 0.700000 0.736842
22 0.510204 0.511628 0.775510 0.744186
35 0.500000 0.500000 0.714286 0.756098
21 0.500000 0.489362 0.795918 0.765957
3 0.512821 0.512500 0.717949 0.725000
17 0.500000 0.500000 0.743590 0.767442
33 0.505618 0.505747 0.831461 0.827586
38 0.511111 0.510638 0.755556 0.765957
28 0.510000 0.500000 0.780000 0.777778
14 0.488372 0.500000 0.744186 0.782609
6 0.500000 0.500000 0.666667 0.675676
16 0.500000 0.500000 0.714286 0.722222
8 0.500000 0.500000 0.743590 0.743590
23 0.509615 0.500000 0.788462 0.787234
30 0.507812 0.500000 0.828125 0.824561
9 0.500000 0.488372 0.756098 0.744186
18 0.512821 0.513889 0.717949 0.694444
39 0.513158 0.500000 0.710526 0.743590
15 0.509615 0.509615 0.788462 0.788462
