20 0.507812 0.500000 0.828125 0.824561
31 0.506024 0.500000 0.819277 0.840000
5 0.500000 0.500000 0.803922 0.807692
39 0.503731 0.500000 0.828358 0.835821
8 0.500000 0.509615 0.791667 0.788462
14 0.500000 0.500000 0.840000 0.838384
11 0.508475 0.500000 0.813559 0.830508
12 0.510204 0.509091 0.775510 0.800000
36 0.509259 0.500000 0.796296 0.811321
30 0.506579 0.507812 0.828947 0.828125
40 0.500000 0.500000 0.781818 0.781818
13 0.508929 0.509434 0.803571 0.792453
41 0.500000 0.508929 0.811321 0.803571
17 0.516667 0.500000 0.633333 0.696970
37 0.500000 0.510638 0.787234 0.765957
24 0.500000 0.500000 0.843750 0.803279
34 0.500000 0.500000 0.793103 0.823529
23 0.500000 0.500000 0.821429 0.814815
16 0.504545 0.504587 0.827273 0.825688
15 0.509259 0.500000 0.796296 0.781818
4 0.500000 0.500000 0.823529 0.823529
0 0.500000 0.500000 0.809524 0.836066
32 0.500000 0.500000 0.807692 0.800000
26 0.506849 0.500000 0.821918 0.843750
29 0.509804 0.500000 0.784314 0.835294
3 0.500000 0.500000 0.795918 0.803922
6 0.500000 0.509259 0.807692 0.796296
35 0.500000 0.506944 0.823529 0.819444
28 0.500000 0.510870 0.755102 0.760870
9 0.509434 0.510000 0.792453 0.780000
21 0.506494 0.506849 0.831169 0.821918
