27 0.500000 0.500000 0.821429 0.821429
39 0.506024 0.505952 0.819277 0.821429
24 0.500000 0.504132 0.837037 0.826446
7 0.505814 0.505435 0.825581 0.815217
30 0.500000 0.504762 0.829060 0.819048
35 0.500000 0.500000 0.761905 0.791667
4 0.507812 0.500000 0.828125 0.841270
21 0.500000 0.500000 0.833333 0.833333
40 0.494624 0.494318 0.817204 0.829545
37 0.508065 0.508197 0.822581 0.819672
14 0.500000 0.500000 0.829457 0.824000
13 0.500000 0.500000 0.833333 0.829457
3 0.509804 0.509804 0.784314 0.784314
12 0.506494 0.506250 0.831169 0.812500
32 0.500000 0.500000 0.800000 0.843750
42 0.500000 0.500000 0.827586 0.830508
33 0.500000 0.505952 0.822785 0.821429
36 0.507353 0.500000 0.808824 0.808219
28 0.500000 0.506098 0.837209 0.817073
6 0.500000 0.507246 0.841270 0.811594
31 0.493421 0.500000 0.828947 0.810811
34 0.504464 0.500000 0.830357 0.834711
17 0.500000 0.500000 0.791667 0.800000
8 0.508621 0.500000 0.810345 0.827586
22 0.500000 0.506944 0.829268 0.819444
2 0.500000 0.500000 0.826087 0.828571
16 0.500000 0.509434 0.807692 0.792453
26 0.495413 0.500000 0.825688 0.830189
38 0.508197 0.500000 0.819672 0.838710
29 0.500000 0.505814 0.827957 0.825581
41 0.500000 0.500000 0.838710 0.838710
18 0.504425 0.500000 0.831858 0.825243
15 0.510638 0.500000 0.765957 0.791667
