21 0.505208 0.505814 0.822917 0.825581
15 0.500000 0.500000 0.789474 0.818182
20 0.509091 0.500000 0.800000 0.803922
41 0.500000 0.500000 0.781818 0.781818
34 0.500000 0.500000 0.807692 0.800000
33 0.493056 0.500000 0.819444 0.802817
16 0.500000 0.500000 0.772727 0.782609
7 0.504762 0.504762 0.819048 0.819048
29 0.504717 0.500000 0.820755 0.824176
10 0.508929 0.500000 0.803571 0.818182
26 0.500000 0.500000 0.841270 0.821429
40 0.500000 0.504630 0.837838 0.824074
24 0.492958 0.500000 0.816901 0.843750
19 0.500000 0.506579 0.833333 0.828947
35 0.508333 0.500000 0.816667 0.830508
22 0.508475 0.500000 0.813559 0.824561
6 0.500000 0.500000 0.795918 0.807692
25 0.500000 0.505682 0.833333 0.829545
12 0.505435 0.500000 0.815217 0.840909
5 0.488889 0.489583 0.755556 0.770833
28 0.500000 0.506024 0.839080 0.819277
36 0.500000 0.492188 0.818182 0.828125
38 0.500000 0.500000 0.809524 0.820896
3 0.509804 0.509804 0.784314 0.784314
39 0.500000 0.500000 0.842105 0.825000
27 0.493333 0.500000 0.826667 0.800000
0 0.506579 0.500000 0.828947 0.833333
42 0.500000 0.500000 0.773585 0.803922
8 0.500000 0.508475 0.821429 0.813559
9 0.500000 0.500000 0.838710 0.841270
4 0.500000 0.495283 0.836364 0.820755
23 0.500000 0.505618 0.838384 0.831461
