13 0.510204 0.500000 0.775510 0.767442
23 0.509804 0.510870 0.784314 0.760870
32 0.500000 0.512195 0.750000 0.731707
11 0.512195 0.500000 0.731707 0.729730
37 0.507937 0.500000 0.825397 0.820896
38 0.507042 0.505882 0.816901 0.823529
1 0.500000 0.500000 0.838710 0.815789
14 0.500000 0.490566 0.769231 0.792453
9 0.500000 0.500000 0.743590 0.743590
29 0.510417 0.500000 0.770833 0.777778
30 0.512195 0.512195 0.731707 0.731707
15 0.511628 0.500000 0.744186 0.756098
8 0.512821 0.512821 0.717949 0.717949
3 0.508197 0.507812 0.819672 0.828125
6 0.511628 0.500000 0.744186 0.733333
42 0.500000 0.500000 0.736842 0.736842
41 0.500000 0.489130 0.772727 0.760870
19 0.508475 0.509259 0.813559 0.796296
0 0.500000 0.500000 0.821429 0.803279
33 0.489796 0.500000 0.775510 0.795918
25 0.513158 0.500000 0.710526 0.722222
35 0.500000 0.500000 0.791667 0.760000
17 0.488636 0.510870 0.750000 0.760870
39 0.485714 0.513889 0.685714 0.694444
5 0.509434 0.500000 0.792453 0.807692
24 0.500000 0.500000 0.827586 0.807692
28 0.508197 0.500000 0.819672 0.818182
20 0.500000 0.500000 0.777778 0.714286
27 0.500000 0.510000 0.811321 0.780000
31 0.500000 0.510870 0.791667 0.760870
26 0.510204 0.510870 0.775510 0.760870
7 0.510417 0.510417 0.770833 0.770833
34 0.514286 0.513158 0.685714 0.710526
36 0.500000 0.510638 0.782609 0.765957
