39 0.486842 0.500000 0.710526 0.692308
36 0.513514 0.500000 0.702703 0.729730
29 0.508772 0.509434 0.807018 0.792453
17 0.500000 0.500000 0.696970 0.705882
0 0.512500 0.500000 0.725000 0.743590
11 0.500000 0.511111 0.764706 0.755556
13 0.500000 0.509259 0.824561 0.796296
5 0.500000 0.515152 0.696970 0.666667
40 0.500000 0.500000 0.811321 0.807692
19 0.500000 0.500000 0.727273 0.756098
22 0.509615 0.510638 0.788462 0.765957
1 0.512821 0.512821 0.717949 0.717949
3 0.500000 0.512821 0.700000 0.717949
34 0.492063 0.500000 0.825397 0.797101
41 0.510417 0.500000 0.770833 0.791667
18 0.500000 0.508929 0.800000 0.803571
7 0.511628 0.511628 0.744186 0.744186
4 0.500000 0.513889 0.714286 0.694444
42 0.513889 0.500000 0.694444 0.722222
28 0.500000 0.500000 0.787234 0.767442
37 0.500000 0.500000 0.700000 0.692308
9 0.500000 0.500000 0.714286 0.714286
38 0.500000 0.488636 0.761905 0.750000
15 0.500000 0.513158 0.705882 0.710526
16 0.500000 0.500000 0.750000 0.756098
12 0.500000 0.500000 0.777778 0.761905
30 0.508772 0.509804 0.807018 0.784314
