4 0.500000 0.500000 0.666667 0.625000
28 0.511905 0.512821 0.738095 0.717949
21 0.514286 0.500000 0.685714 0.696970
25 0.482759 0.482143 0.620690 0.607143
13 0.500000 0.516667 0.666667 0.633333
9 0.500000 0.500000 0.642857 0.642857
1 0.500000 0.490196 0.767442 0.784314
26 0.515152 0.516129 0.666667 0.645161
5 0.500000 0.515152 0.687500 0.666667
8 0.515625 0.500000 0.656250 0.677419
38 0.491803 0.500000 0.819672 0.813333
35 0.500000 0.483333 0.586207 0.633333
29 0.500000 0.516667 0.677419 0.633333
24 0.514286 0.515625 0.685714 0.656250
36 0.515152 0.500000 0.666667 0.687500
34 0.500000 0.516129 0.642857 0.645161
33 0.500000 0.516667 0.642857 0.633333
30 0.500000 0.517241 0.642857 0.620690
0 0.500000 0.500000 0.729730 0.743590
18 0.500000 0.512195 0.739130 0.731707
32 0.500000 0.516667 0.655172 0.633333
39 0.516667 0.500000 0.633333 0.655172
7 0.500000 0.513158 0.729730 0.710526
2 0.500000 0.500000 0.629630 0.629630
22 0.500000 0.500000 0.687500 0.655172
42 0.516667 0.500000 0.633333 0.655172
19 0.512500 0.513158 0.725000 0.710526
12 0.500000 0.484375 0.696970 0.656250
20 0.516667 0.482143 0.633333 0.607143
14 0.500000 0.500000 0.696970 0.705882
6 0.517857 0.482759 0.607143 0.620690
41 0.500000 0.517241 0.642857 0.620690
27 0.511628 0.512500 0.744186 0.725000
17 0.516667 0.516129 0.633333 0.645161
