26 0.500000 0.516667 0.677419 0.633333
5 0.515625 0.500000 0.656250 0.687500
4 0.500000 0.500000 0.642857 0.600000
14 0.516129 0.484848 0.645161 0.666667
2 0.500000 0.518519 0.615385 0.592593
28 0.512195 0.500000 0.731707 0.729730
8 0.483333 0.500000 0.633333 0.655172
20 0.518519 0.500000 0.592593 0.555556
33 0.517857 0.517241 0.607143 0.620690
22 0.500000 0.517241 0.666667 0.620690
31 0.515625 0.500000 0.656250 0.677419
18 0.511905 0.512821 0.738095 0.717949
1 0.500000 0.500000 0.767442 0.795918
21 0.515152 0.500000 0.666667 0.625000
41 0.500000 0.500000 0.571429 0.629630
29 0.500000 0.500000 0.655172 0.642857
6 0.500000 0.500000 0.615385 0.629630
30 0.518519 0.518519 0.592593 0.592593
10 0.500000 0.500000 0.655172 0.655172
38 0.508197 0.500000 0.819672 0.835616
23 0.513514 0.515152 0.702703 0.666667
0 0.500000 0.513514 0.666667 0.702703
25 0.517857 0.518519 0.607143 0.592593
12 0.500000 0.480769 0.586207 0.576923
39 0.500000 0.500000 0.629630 0.629630
13 0.517857 0.519231 0.607143 0.576923
17 0.500000 0.500000 0.655172 0.655172
3 0.511364 0.500000 0.750000 0.744681
9 0.500000 0.500000 0.642857 0.642857
42 0.500000 0.516129 0.666667 0.645161
24 0.515152 0.516667 0.666667 0.633333
36 0.500000 0.516667 0.655172 0.633333
7 0.513158 0.513158 0.710526 0.710526
34 0.500000 0.500000 0.629630 0.655172
27 0.500000 0.512821 0.750000 0.717949
32 0.482143 0.482143 0.607143 0.607143
37 0.500000 0.500000 0.743590 0.756098
40 0.514286 0.485714 0.685714 0.685714
