13 0.500000 0.500000 0.828571 0.835616
36 0.500000 0.506849 0.828571 0.821918
23 0.503125 0.500000 0.831250 0.835821
26 0.510000 0.511364 0.780000 0.750000
22 0.500000 0.500000 0.831933 0.836066
8 0.505435 0.500000 0.815217 0.827160
32 0.500000 0.506757 0.822785 0.824324
39 0.504630 0.500000 0.824074 0.836364
29 0.500000 0.500000 0.833333 0.822785
3 0.500000 0.506757 0.826087 0.824324
5 0.510638 0.510204 0.765957 0.775510
21 0.500000 0.500000 0.825000 0.826087
6 0.505952 0.500000 0.821429 0.827957
25 0.496988 0.503448 0.825301 0.827586
41 0.500000 0.500000 0.829060 0.828125
31 0.500000 0.503546 0.835616 0.822695
19 0.504065 0.505102 0.829268 0.826531
24 0.500000 0.492754 0.813333 0.811594
12 0.500000 0.500000 0.833333 0.836735
33 0.495902 0.500000 0.827869 0.816667
42 0.510204 0.500000 0.775510 0.795918
30 0.500000 0.500000 0.830986 0.836066
16 0.508333 0.508333 0.816667 0.816667
37 0.500000 0.503906 0.829457 0.820312
1 0.500000 0.500000 0.833333 0.826087
11 0.500000 0.500000 0.830846 0.831461
34 0.493750 0.505882 0.812500 0.823529
2 0.506849 0.493243 0.821918 0.824324
28 0.503401 0.500000 0.829932 0.826772
9 0.505814 0.500000 0.825581 0.839080
10 0.500000 0.500000 0.755102 0.777778
38 0.505882 0.500000 0.823529 0.816092
