20 0.500000 0.500000 0.820225 0.840000
28 0.504505 0.500000 0.828829 0.836735
34 0.500000 0.510204 0.791667 0.775510
32 0.500000 0.500000 0.842105 0.840000
33 0.500000 0.503125 0.826087 0.831250
36 0.504545 0.500000 0.827273 0.836364
29 0.500000 0.500000 0.811966 0.811321
9 0.493506 0.500000 0.831169 0.840000
10 0.500000 0.500000 0.843750 0.843750
15 0.500000 0.500000 0.831579 0.829787
23 0.506024 0.500000 0.819277 0.833333
0 0.504464 0.504237 0.830357 0.822034
25 0.509615 0.500000 0.788462 0.800000
39 0.510638 0.500000 0.765957 0.772727
3 0.505435 0.500000 0.815217 0.840000
16 0.496622 0.500000 0.831081 0.826667
19 0.502959 0.500000 0.828402 0.836735
21 0.503546 0.500000 0.822695 0.838710
5 0.504032 0.503704 0.830645 0.829630
17 0.500000 0.494382 0.809524 0.831461
18 0.504098 0.504630 0.827869 0.824074
37 0.505882 0.500000 0.823529 0.824176
4 0.500000 0.503650 0.837037 0.832117
40 0.503472 0.500000 0.826389 0.829787
41 0.500000 0.500000 0.833333 0.816327
22 0.500000 0.505376 0.838384 0.817204
27 0.507246 0.500000 0.811594 0.820896
24 0.502618 0.500000 0.827225 0.833333
1 0.503571 0.503378 0.821429 0.831081
7 0.504630 0.500000 0.824074 0.831776
2 0.500000 0.494048 0.825000 0.821429
42 0.500000 0.500000 0.830508 0.838710
12 0.505102 0.494845 0.826531 0.824742
26 0.504717 0.505000 0.820755 0.830000
