13 0.505747 0.506024 0.827586 0.819277
12 0.493056 0.500000 0.819444 0.802469
25 0.504505 0.500000 0.828829 0.825243
0 0.495968 0.500000 0.830645 0.826772
37 0.500000 0.500000 0.818182 0.814815
29 0.500000 0.500000 0.826087 0.834395
15 0.500000 0.500000 0.803279 0.809524
38 0.504717 0.500000 0.820755 0.821782
18 0.516129 0.482759 0.645161 0.620690
7 0.504464 0.500000 0.830357 0.826923
41 0.500000 0.500000 0.838384 0.838384
21 0.500000 0.500000 0.829787 0.826772
20 0.503817 0.504202 0.824427 0.823529
14 0.503049 0.503145 0.823171 0.830189
6 0.500000 0.500000 0.823529 0.833333
27 0.497006 0.500000 0.826347 0.827815
2 0.505000 0.500000 0.830000 0.835052
34 0.500000 0.500000 0.828571 0.809524
42 0.507812 0.500000 0.828125 0.843750
40 0.500000 0.500000 0.800000 0.823529
16 0.502778 0.500000 0.827778 0.828571
24 0.503906 0.504202 0.820312 0.823529
10 0.508621 0.508065 0.810345 0.822581
23 0.504545 0.500000 0.827273 0.825243
4 0.500000 0.506024 0.835294 0.819277
22 0.500000 0.504310 0.829457 0.818966
28 0.500000 0.509804 0.811321 0.784314
35 0.500000 0.504202 0.834862 0.823529
3 0.500000 0.505682 0.835294 0.829545
32 0.500000 0.504587 0.839286 0.825688
17 0.500000 0.500000 0.612903 0.729730
26 0.500000 0.500000 0.819277 0.827815
8 0.508772 0.500000 0.807018 0.830508
