21 0.485714 0.500000 0.685714 0.696970
39 0.500000 0.508772 0.814815 0.807018
26 0.500000 0.500000 0.677419 0.642857
16 0.517241 0.500000 0.620690 0.666667
11 0.500000 0.500000 0.767442 0.756098
12 0.500000 0.515152 0.677419 0.666667
23 0.500000 0.500000 0.714286 0.687500
13 0.513158 0.500000 0.710526 0.714286
31 0.500000 0.500000 0.677419 0.666667
4 0.516667 0.500000 0.633333 0.655172
20 0.500000 0.518519 0.615385 0.592593
29 0.514706 0.485294 0.676471 0.676471
30 0.513514 0.513158 0.702703 0.710526
22 0.513158 0.514706 0.710526 0.676471
40 0.517857 0.517857 0.607143 0.607143
3 0.500000 0.482143 0.586207 0.607143
35 0.500000 0.482143 0.615385 0.607143
5 0.500000 0.483871 0.625000 0.645161
27 0.500000 0.515625 0.705882 0.656250
14 0.500000 0.500000 0.714286 0.714286
1 0.500000 0.490385 0.807692 0.788462
17 0.500000 0.516667 0.642857 0.633333
33 0.511628 0.511628 0.744186 0.744186
8 0.516129 0.500000 0.645161 0.666667
28 0.508621 0.500000 0.810345 0.803922
15 0.517857 0.516667 0.607143 0.633333
18 0.508621 0.509615 0.810345 0.788462
25 0.508772 0.510204 0.807018 0.775510
42 0.500000 0.500000 0.642857 0.655172
41 0.500000 0.514706 0.696970 0.676471
