3 0.500000 0.500000 0.684211 0.684211
29 0.500000 0.500000 0.827586 0.811321
8 0.500000 0.512195 0.743590 0.731707
36 0.511905 0.511628 0.738095 0.744186
38 0.500000 0.509091 0.756098 0.800000
19 0.510000 0.500000 0.780000 0.767442
2 0.512195 0.500000 0.731707 0.750000
26 0.490741 0.500000 0.796296 0.773585
0 0.500000 0.512821 0.736842 0.717949
21 0.510870 0.500000 0.760870 0.767442
37 0.510000 0.500000 0.780000 0.787234
30 0.500000 0.500000 0.767442 0.743590
34 0.513889 0.500000 0.694444 0.722222
41 0.500000 0.512821 0.714286 0.717949
40 0.500000 0.500000 0.755102 0.787234
32 0.513514 0.500000 0.702703 0.714286
24 0.507692 0.507246 0.830769 0.811594
13 0.510204 0.489583 0.775510 0.770833
39 0.500000 0.500000 0.729730 0.700000
23 0.504717 0.500000 0.820755 0.827957
15 0.500000 0.500000 0.692308 0.835294
9 0.500000 0.500000 0.729730 0.736842
11 0.506250 0.506667 0.812500 0.826667
35 0.500000 0.486486 0.714286 0.702703
20 0.510638 0.512195 0.765957 0.731707
22 0.511111 0.500000 0.755556 0.707317
12 0.511111 0.500000 0.755556 0.761905
18 0.500000 0.508772 0.833333 0.807018
4 0.500000 0.510000 0.795918 0.780000
17 0.500000 0.500000 0.714286 0.714286
42 0.500000 0.500000 0.750000 0.750000
6 0.500000 0.500000 0.750000 0.756098
10 0.500000 0.512821 0.761905 0.717949
