19 0.500000 0.513514 0.743590 0.702703
13 0.518519 0.500000 0.592593 0.600000
12 0.516667 0.500000 0.633333 0.600000
32 0.500000 0.518519 0.615385 0.592593
31 0.514286 0.500000 0.685714 0.666667
20 0.517241 0.517241 0.620690 0.620690
8 0.500000 0.500000 0.642857 0.642857
24 0.516129 0.516667 0.645161 0.633333
22 0.500000 0.519231 0.642857 0.576923
34 0.510000 0.500000 0.780000 0.795918
2 0.517241 0.500000 0.620690 0.655172
16 0.517857 0.517857 0.607143 0.607143
15 0.500000 0.516129 0.655172 0.645161
33 0.500000 0.500000 0.629630 0.642857
21 0.516129 0.500000 0.645161 0.629630
25 0.513158 0.514706 0.710526 0.676471
23 0.516667 0.517241 0.633333 0.620690
42 0.500000 0.500000 0.677419 0.677419
30 0.500000 0.513158 0.736842 0.710526
0 0.509091 0.508475 0.800000 0.813559
38 0.517241 0.500000 0.620690 0.642857
18 0.500000 0.500000 0.833333 0.814815
10 0.500000 0.500000 0.629630 0.629630
27 0.512500 0.500000 0.725000 0.722222
41 0.519231 0.500000 0.576923 0.600000
4 0.511364 0.500000 0.750000 0.767442
17 0.486111 0.512195 0.750000 0.731707
6 0.500000 0.500000 0.655172 0.655172
36 0.517857 0.500000 0.607143 0.642857
3 0.500000 0.516129 0.666667 0.645161
26 0.514286 0.500000 0.685714 0.677419
9 0.500000 0.519231 0.555556 0.576923
14 0.513514 0.513158 0.702703 0.710526
1 0.512500 0.500000 0.725000 0.750000
11 0.500000 0.500000 0.696970 0.696970
37 0.519231 0.480769 0.576923 0.576923
