3 0.500000 0.491525 0.789474 0.813559
37 0.508929 0.500000 0.803571 0.827586
31 0.500000 0.500000 0.761905 0.756098
12 0.500000 0.500000 0.827586 0.830508
4 0.500000 0.500000 0.756098 0.727273
19 0.500000 0.500000 0.803922 0.787234
5 0.500000 0.511111 0.772727 0.755556
35 0.487805 0.500000 0.731707 0.756098
21 0.511364 0.512195 0.750000 0.731707
28 0.509091 0.510000 0.800000 0.780000
24 0.500000 0.500000 0.803922 0.782609
29 0.511628 0.500000 0.744186 0.756098
18 0.500000 0.509259 0.827586 0.796296
15 0.513158 0.500000 0.710526 0.692308
10 0.500000 0.500000 0.736842 0.736842
0 0.509434 0.509091 0.792453 0.800000
8 0.500000 0.513514 0.722222 0.702703
13 0.500000 0.500000 0.761905 0.736842
40 0.500000 0.500000 0.814815 0.814815
11 0.500000 0.485294 0.729730 0.676471
1 0.500000 0.500000 0.818182 0.820896
6 0.512821 0.512500 0.717949 0.725000
22 0.500000 0.500000 0.761905 0.736842
14 0.510870 0.500000 0.760870 0.782609
38 0.507692 0.500000 0.830769 0.827160
7 0.500000 0.500000 0.777778 0.777778
34 0.500000 0.500000 0.677419 0.705882
27 0.500000 0.510638 0.800000 0.765957
17 0.512500 0.511905 0.725000 0.738095
39 0.500000 0.514706 0.696970 0.676471
36 0.500000 0.512195 0.750000 0.731707
41 0.500000 0.513158 0.692308 0.710526
33 0.500000 0.488636 0.727273 0.750000
30 0.514286 0.514286 0.685714 0.685714
32 0.513158 0.500000 0.710526 0.729730
