39 0.515152 0.500000 0.666667 0.687500
31 0.512500 0.514286 0.725000 0.685714
24 0.500000 0.484375 0.684211 0.656250
20 0.515152 0.515152 0.666667 0.666667
3 0.500000 0.500000 0.705882 0.705882
14 0.500000 0.500000 0.756098 0.720930
18 0.500000 0.507143 0.822785 0.814286
42 0.500000 0.500000 0.705882 0.705882
35 0.516129 0.500000 0.645161 0.666667
16 0.500000 0.500000 0.677419 0.677419
0 0.500000 0.500000 0.809524 0.823529
4 0.500000 0.490000 0.764706 0.780000
8 0.515625 0.500000 0.656250 0.677419
22 0.515625 0.500000 0.656250 0.642857
37 0.516129 0.516667 0.645161 0.633333
5 0.516129 0.500000 0.645161 0.677419
26 0.500000 0.500000 0.756098 0.729730
7 0.500000 0.500000 0.714286 0.714286
6 0.514286 0.513889 0.685714 0.694444
41 0.500000 0.500000 0.666667 0.666667
33 0.500000 0.500000 0.696970 0.696970
32 0.500000 0.515625 0.655172 0.656250
21 0.514286 0.500000 0.685714 0.687500
10 0.516667 0.500000 0.633333 0.655172
40 0.510870 0.510870 0.760870 0.760870
15 0.484375 0.514706 0.656250 0.676471
11 0.500000 0.512821 0.750000 0.717949
2 0.500000 0.484848 0.647059 0.666667
9 0.516667 0.516667 0.633333 0.633333
