29 0.511111 0.510870 0.755556 0.760870
41 0.512821 0.500000 0.717949 0.743590
25 0.506494 0.500000 0.831169 0.835616
40 0.513889 0.486111 0.694444 0.694444
26 0.500000 0.500000 0.684211 0.705882
13 0.500000 0.500000 0.772727 0.756098
23 0.500000 0.500000 0.767442 0.743590
12 0.512821 0.500000 0.717949 0.750000
7 0.500000 0.500000 0.736842 0.736842
34 0.513158 0.500000 0.710526 0.729730
31 0.513158 0.513889 0.710526 0.694444
24 0.510000 0.500000 0.780000 0.777778
2 0.512195 0.500000 0.731707 0.743590
35 0.513889 0.513889 0.694444 0.694444
42 0.500000 0.514706 0.687500 0.676471
22 0.509804 0.500000 0.784314 0.787234
32 0.500000 0.500000 0.687500 0.696970
3 0.500000 0.500000 0.696970 0.705882
21 0.511111 0.500000 0.755556 0.761905
10 0.512195 0.512195 0.731707 0.731707
1 0.500000 0.500000 0.838710 0.809524
8 0.512821 0.512821 0.717949 0.717949
5 0.513158 0.513158 0.710526 0.710526
30 0.500000 0.500000 0.800000 0.787234
27 0.500000 0.486842 0.714286 0.710526
16 0.500000 0.500000 0.696970 0.705882
33 0.491379 0.500000 0.810345 0.803279
14 0.500000 0.510417 0.791667 0.770833
18 0.493151 0.500000 0.821918 0.841270
15 0.500000 0.513514 0.687500 0.702703
38 0.512500 0.500000 0.725000 0.707317
17 0.514706 0.514286 0.676471 0.685714
9 0.513889 0.514286 0.694444 0.685714
20 0.500000 0.500000 0.642857 0.642857
4 0.500000 0.514286 0.705882 0.685714
36 0.515625 0.515152 0.656250 0.666667
