25 0.504808 0.500000 0.817308 0.824176
38 0.488636 0.488889 0.750000 0.755556
29 0.500000 0.500000 0.827586 0.814815
35 0.484375 0.500000 0.656250 0.647059
20 0.509804 0.510204 0.784314 0.775510
39 0.500000 0.500000 0.736842 0.700000
32 0.500000 0.500000 0.714286 0.729730
28 0.510204 0.500000 0.775510 0.777778
23 0.500000 0.500000 0.830986 0.843750
4 0.500000 0.500000 0.684211 0.722222
33 0.511628 0.500000 0.744186 0.772727
2 0.500000 0.500000 0.821429 0.821429
40 0.491228 0.500000 0.807018 0.785714
36 0.500000 0.512821 0.729730 0.717949
27 0.500000 0.510204 0.791667 0.775510
18 0.500000 0.500000 0.833333 0.796610
0 0.512195 0.500000 0.731707 0.750000
24 0.506849 0.507353 0.821918 0.808824
19 0.500000 0.500000 0.767442 0.761905
1 0.512195 0.512195 0.731707 0.731707
22 0.509434 0.500000 0.792453 0.787234
9 0.500000 0.500000 0.722222 0.722222
14 0.507937 0.500000 0.825397 0.843750
12 0.510638 0.510870 0.765957 0.760870
17 0.500000 0.500000 0.696970 0.705882
13 0.500000 0.508621 0.833333 0.810345
34 0.507246 0.500000 0.811594 0.830986
31 0.500000 0.510417 0.769231 0.770833
16 0.512195 0.511628 0.731707 0.744186
6 0.500000 0.500000 0.736842 0.750000
8 0.500000 0.512500 0.729730 0.725000
11 0.500000 0.500000 0.807692 0.787234
10 0.500000 0.500000 0.722222 0.729730
21 0.500000 0.511111 0.787234 0.755556
