31 0.500000 0.500000 0.722222 0.687500
42 0.514706 0.514706 0.676471 0.676471
5 0.518519 0.481481 0.592593 0.592593
17 0.512195 0.511111 0.731707 0.755556
41 0.482759 0.500000 0.620690 0.586207
23 0.516129 0.516129 0.645161 0.645161
40 0.511905 0.500000 0.738095 0.756098
25 0.500000 0.500000 0.707317 0.722222
28 0.513889 0.515625 0.694444 0.656250
29 0.500000 0.500000 0.736842 0.736842
8 0.500000 0.500000 0.666667 0.666667
22 0.500000 0.500000 0.625000 0.642857
9 0.517241 0.517241 0.620690 0.620690
16 0.517241 0.517241 0.620690 0.620690
26 0.500000 0.500000 0.743590 0.705882
21 0.515152 0.516129 0.666667 0.645161
34 0.500000 0.500000 0.777778 0.777778
37 0.500000 0.518519 0.571429 0.592593
10 0.500000 0.500000 0.642857 0.642857
2 0.516129 0.515625 0.645161 0.656250
1 0.510204 0.500000 0.775510 0.787234
3 0.515152 0.500000 0.666667 0.687500
33 0.500000 0.483333 0.655172 0.633333
14 0.500000 0.500000 0.700000 0.714286
38 0.500000 0.484375 0.612903 0.656250
36 0.516129 0.500000 0.645161 0.677419
4 0.500000 0.500000 0.782609 0.782609
6 0.515625 0.515152 0.656250 0.666667
0 0.508475 0.500000 0.813559 0.838710
7 0.500000 0.515152 0.687500 0.666667
20 0.500000 0.515152 0.687500 0.666667
11 0.486842 0.513158 0.710526 0.710526
15 0.516129 0.500000 0.645161 0.677419
13 0.515152 0.481481 0.666667 0.592593
24 0.484848 0.500000 0.666667 0.612903
30 0.511905 0.500000 0.738095 0.743590
18 0.500000 0.508333 0.823529 0.816667
