39 0.500000 0.500000 0.666667 0.666667
7 0.500000 0.500000 0.696970 0.696970
18 0.500000 0.500000 0.833333 0.841270
8 0.500000 0.500000 0.677419 0.677419
31 0.500000 0.500000 0.729730 0.714286
4 0.510417 0.510417 0.770833 0.770833
16 0.500000 0.516667 0.655172 0.633333
42 0.514706 0.500000 0.676471 0.696970
38 0.500000 0.500000 0.666667 0.647059
37 0.500000 0.517857 0.629630 0.607143
24 0.513889 0.516129 0.694444 0.645161
21 0.514706 0.515152 0.676471 0.666667
12 0.500000 0.500000 0.625000 0.600000
6 0.515152 0.514706 0.666667 0.676471
35 0.500000 0.500000 0.642857 0.642857
14 0.500000 0.500000 0.743590 0.743590
22 0.500000 0.500000 0.677419 0.642857
15 0.516129 0.500000 0.645161 0.636364
33 0.500000 0.516129 0.666667 0.645161
11 0.512500 0.500000 0.725000 0.736842
29 0.500000 0.500000 0.736842 0.736842
0 0.500000 0.500000 0.830508 0.841270
41 0.516667 0.500000 0.633333 0.642857
40 0.511628 0.511628 0.744186 0.744186
27 0.511905 0.512821 0.738095 0.717949
30 0.500000 0.500000 0.756098 0.707317
2 0.483871 0.484375 0.645161 0.656250
26 0.500000 0.500000 0.743590 0.705882
9 0.517241 0.500000 0.620690 0.642857
19 0.500000 0.500000 0.756098 0.743590
3 0.515152 0.500000 0.666667 0.687500
10 0.500000 0.482759 0.642857 0.620690
13 0.514286 0.500000 0.685714 0.642857
1 0.509615 0.500000 0.788462 0.803922
32 0.500000 0.500000 0.642857 0.666667
