25 0.500000 0.500000 0.825243 0.831579
11 0.503012 0.500000 0.825301 0.835616
13 0.500000 0.500000 0.838710 0.841270
40 0.500000 0.500000 0.831325 0.831325
8 0.500000 0.508197 0.843750 0.819672
0 0.500000 0.500000 0.837838 0.840000
34 0.500000 0.500000 0.815385 0.841270
17 0.514286 0.510204 0.685714 0.775510
32 0.507812 0.500000 0.828125 0.833333
33 0.505882 0.505952 0.823529 0.821429
37 0.500000 0.500000 0.834862 0.831776
16 0.509615 0.500000 0.788462 0.803922
15 0.500000 0.505747 0.810811 0.827586
21 0.500000 0.500000 0.841270 0.824561
3 0.508621 0.500000 0.810345 0.806452
30 0.504950 0.500000 0.831683 0.840909
4 0.500000 0.507042 0.828571 0.816901
5 0.512195 0.511628 0.731707 0.744186
1 0.500000 0.507812 0.841270 0.828125
29 0.500000 0.500000 0.830986 0.841270
2 0.510417 0.510204 0.770833 0.775510
31 0.500000 0.505155 0.826923 0.824742
41 0.500000 0.505747 0.825000 0.827586
10 0.510870 0.511628 0.760870 0.744186
19 0.505000 0.506173 0.830000 0.814815
35 0.500000 0.500000 0.787234 0.760000
14 0.508065 0.491803 0.822581 0.819672
24 0.506944 0.507692 0.819444 0.830769
9 0.500000 0.500000 0.828571 0.833333
18 0.500000 0.500000 0.830986 0.820896
23 0.500000 0.500000 0.830189 0.827957
20 0.506944 0.500000 0.819444 0.802817
38 0.500000 0.493056 0.830986 0.819444
27 0.500000 0.500000 0.816327 0.839080
7 0.500000 0.500000 0.829787 0.828571
26 0.510417 0.511628 0.770833 0.744186
28 0.504464 0.500000 0.830357 0.835052
22 0.505682 0.500000 0.829545 0.839080
