42 0.487500 0.500000 0.725000 0.743590
28 0.511364 0.500000 0.750000 0.750000
23 0.500000 0.500000 0.756098 0.722222
29 0.509434 0.510204 0.792453 0.775510
30 0.508929 0.509804 0.803571 0.784314
8 0.513889 0.513889 0.694444 0.694444
19 0.509259 0.500000 0.796296 0.800000
25 0.489130 0.500000 0.760870 0.727273
18 0.500000 0.505682 0.836735 0.829545
31 0.510638 0.511905 0.765957 0.738095
21 0.512821 0.500000 0.717949 0.714286
41 0.513889 0.500000 0.694444 0.722222
7 0.511628 0.511628 0.744186 0.744186
33 0.500000 0.511905 0.750000 0.738095
22 0.513158 0.486486 0.710526 0.702703
32 0.500000 0.486486 0.722222 0.702703
17 0.500000 0.491228 0.821429 0.807018
2 0.500000 0.500000 0.684211 0.692308
1 0.500000 0.515625 0.677419 0.656250
13 0.500000 0.500000 0.743590 0.729730
5 0.500000 0.486842 0.714286 0.710526
4 0.508475 0.491379 0.813559 0.810345
11 0.500000 0.500000 0.803922 0.764706
26 0.500000 0.500000 0.791667 0.767442
10 0.500000 0.514706 0.696970 0.676471
12 0.500000 0.481481 0.625000 0.592593
9 0.486486 0.500000 0.702703 0.722222
15 0.512821 0.500000 0.717949 0.736842
36 0.500000 0.500000 0.736842 0.714286
14 0.500000 0.509434 0.807692 0.792453
40 0.491071 0.500000 0.803571 0.821429
37 0.513514 0.486111 0.702703 0.694444
3 0.500000 0.500000 0.729730 0.729730
