24 0.500000 0.500000 0.830986 0.836066
41 0.510417 0.510417 0.770833 0.770833
4 0.512195 0.487805 0.731707 0.731707
9 0.510000 0.510000 0.780000 0.780000
1 0.506098 0.506494 0.817073 0.831169
16 0.512195 0.500000 0.731707 0.750000
2 0.500000 0.500000 0.764706 0.795918
28 0.500000 0.507042 0.829268 0.816901
32 0.488095 0.511905 0.738095 0.738095
21 0.508065 0.500000 0.822581 0.824561
40 0.500000 0.500000 0.787234 0.791667
18 0.505208 0.500000 0.822917 0.807229
10 0.508929 0.500000 0.803571 0.818182
39 0.500000 0.505952 0.802469 0.821429
29 0.500000 0.491525 0.833333 0.813559
3 0.500000 0.511364 0.761905 0.750000
11 0.500000 0.500000 0.800000 0.806452
22 0.500000 0.507692 0.826087 0.830769
23 0.500000 0.500000 0.821429 0.800000
20 0.500000 0.500000 0.756098 0.707317
27 0.509434 0.510204 0.792453 0.775510
13 0.508929 0.500000 0.803571 0.800000
17 0.500000 0.512500 0.729730 0.725000
42 0.511364 0.510870 0.750000 0.760870
31 0.500000 0.500000 0.795918 0.744681
7 0.500000 0.500000 0.824561 0.824561
25 0.505319 0.500000 0.819149 0.822785
26 0.511111 0.500000 0.755556 0.756098
