6 0.500000 0.500000 0.736842 0.743590
23 0.505376 0.494048 0.817204 0.821429
5 0.515625 0.484848 0.656250 0.666667
41 0.515152 0.514286 0.666667 0.685714
3 0.500000 0.514706 0.657143 0.676471
28 0.489583 0.500000 0.770833 0.767442
11 0.507042 0.500000 0.816901 0.800000
22 0.512500 0.513514 0.725000 0.702703
14 0.509804 0.509804 0.784314 0.784314
36 0.500000 0.500000 0.692308 0.700000
38 0.513158 0.510204 0.710526 0.775510
31 0.510204 0.488889 0.775510 0.755556
26 0.500000 0.489583 0.764706 0.770833
4 0.500000 0.500000 0.787234 0.791667
1 0.500000 0.500000 0.743590 0.707317
42 0.513158 0.500000 0.710526 0.736842
40 0.500000 0.500000 0.761905 0.727273
25 0.500000 0.500000 0.811765 0.820513
21 0.511628 0.500000 0.744186 0.743590
30 0.500000 0.500000 0.743590 0.722222
10 0.500000 0.500000 0.750000 0.722222
35 0.485294 0.484848 0.676471 0.666667
18 0.508772 0.509259 0.807018 0.796296
0 0.500000 0.513889 0.722222 0.694444
2 0.513514 0.500000 0.702703 0.729730
37 0.500000 0.511628 0.761905 0.744186
17 0.500000 0.514706 0.696970 0.676471
