7 0.508475 0.500000 0.813559 0.827586
33 0.492958 0.507143 0.816901 0.814286
40 0.500000 0.500000 0.829268 0.827160
21 0.500000 0.500000 0.814815 0.803922
14 0.508065 0.500000 0.822581 0.836066
2 0.500000 0.510638 0.777778 0.765957
20 0.510870 0.500000 0.760870 0.761905
6 0.500000 0.512195 0.729730 0.731707
28 0.508333 0.500000 0.816667 0.806452
5 0.512821 0.500000 0.717949 0.743590
23 0.508929 0.490385 0.803571 0.788462
39 0.500000 0.500000 0.803922 0.803922
31 0.500000 0.500000 0.782609 0.772727
18 0.504237 0.500000 0.822034 0.828571
30 0.509434 0.500000 0.792453 0.791667
38 0.511628 0.500000 0.744186 0.761905
24 0.500000 0.513514 0.700000 0.702703
9 0.488372 0.500000 0.744186 0.727273
35 0.500000 0.486842 0.729730 0.710526
11 0.506757 0.500000 0.824324 0.820896
22 0.510204 0.500000 0.775510 0.777778
12 0.500000 0.500000 0.805556 0.802817
10 0.500000 0.511905 0.756098 0.738095
32 0.500000 0.514286 0.687500 0.685714
26 0.500000 0.500000 0.800000 0.772727
16 0.513158 0.513158 0.710526 0.710526
36 0.500000 0.510000 0.795918 0.780000
17 0.511628 0.511628 0.744186 0.744186
8 0.511628 0.511111 0.744186 0.755556
37 0.507042 0.493056 0.816901 0.819444
13 0.500000 0.510204 0.814815 0.775510
25 0.500000 0.500000 0.824561 0.811321
29 0.508475 0.509434 0.813559 0.792453
4 0.493243 0.493151 0.824324 0.821918
