23 0.500000 0.500000 0.829268 0.815789
33 0.505376 0.505208 0.817204 0.822917
16 0.500000 0.500000 0.829787 0.829787
7 0.500000 0.500000 0.827957 0.827957
40 0.495935 0.504310 0.829268 0.818966
36 0.509259 0.500000 0.796296 0.827586
26 0.503906 0.504464 0.820312 0.830357
4 0.500000 0.500000 0.834586 0.829457
19 0.504808 0.505155 0.817308 0.824742
10 0.508475 0.508333 0.813559 0.816667
34 0.494737 0.500000 0.821053 0.829787
24 0.503401 0.500000 0.829932 0.827338
5 0.506667 0.500000 0.826667 0.827160
31 0.500000 0.506667 0.827957 0.826667
6 0.500000 0.507143 0.830986 0.814286
42 0.506667 0.506757 0.826667 0.824324
15 0.500000 0.500000 0.835616 0.835616
32 0.505319 0.505319 0.819149 0.819149
0 0.500000 0.504717 0.836735 0.820755
39 0.500000 0.504132 0.831933 0.826446
18 0.500000 0.503125 0.832402 0.831250
13 0.500000 0.504274 0.830769 0.820513
38 0.507246 0.500000 0.811594 0.833333
28 0.500000 0.506849 0.825000 0.821918
17 0.500000 0.514286 0.714286 0.685714
20 0.500000 0.509091 0.814815 0.800000
1 0.508475 0.508475 0.813559 0.813559
14 0.502976 0.500000 0.827381 0.832335
12 0.500000 0.516129 0.666667 0.645161
25 0.506667 0.507246 0.826667 0.811594
22 0.494382 0.506024 0.831461 0.819277
2 0.505952 0.500000 0.821429 0.839080
3 0.507143 0.507042 0.814286 0.816901
9 0.506849 0.500000 0.821918 0.833333
21 0.507042 0.508621 0.816901 0.810345
