35 0.500000 0.500000 0.769231 0.803922
13 0.500000 0.500000 0.843750 0.797101
4 0.506579 0.500000 0.828947 0.842105
37 0.500000 0.504310 0.829060 0.818966
6 0.500000 0.500000 0.833333 0.833333
20 0.506173 0.506494 0.814815 0.831169
9 0.506667 0.500000 0.826667 0.842105
17 0.500000 0.500000 0.666667 0.760000
19 0.500000 0.500000 0.831776 0.813953
14 0.500000 0.500000 0.843750 0.843750
1 0.500000 0.507812 0.843750 0.828125
11 0.500000 0.500000 0.833333 0.836478
36 0.500000 0.500000 0.826087 0.828571
39 0.505376 0.505155 0.817204 0.824742
41 0.505435 0.494898 0.815217 0.826531
3 0.500000 0.500000 0.830508 0.812500
10 0.500000 0.511364 0.782609 0.750000
23 0.504237 0.500000 0.822034 0.840000
15 0.500000 0.505155 0.829268 0.824742
31 0.500000 0.500000 0.836364 0.828571
5 0.511905 0.511364 0.738095 0.750000
16 0.500000 0.509259 0.811321 0.796296
34 0.506944 0.500000 0.819444 0.830986
8 0.506667 0.500000 0.826667 0.823529
30 0.500000 0.500000 0.826087 0.840000
0 0.500000 0.505882 0.831325 0.823529
28 0.504202 0.500000 0.823529 0.826923
25 0.500000 0.495413 0.816667 0.825688
26 0.510204 0.511364 0.775510 0.750000
42 0.511111 0.510638 0.755556 0.765957
27 0.500000 0.505051 0.833333 0.828283
22 0.500000 0.500000 0.833333 0.833333
