6 0.500000 0.509804 0.803922 0.784314
1 0.512195 0.512195 0.731707 0.731707
15 0.500000 0.500000 0.803922 0.807692
8 0.500000 0.500000 0.800000 0.795918
30 0.500000 0.506757 0.829268 0.824324
36 0.511364 0.489130 0.750000 0.760870
0 0.500000 0.500000 0.827160 0.818182
24 0.507042 0.500000 0.816901 0.843750
2 0.500000 0.510204 0.791667 0.775510
29 0.500000 0.491667 0.841270 0.816667
35 0.510000 0.509804 0.780000 0.784314
33 0.508772 0.500000 0.807018 0.830508
31 0.508065 0.500000 0.822581 0.814815
23 0.500000 0.500000 0.811321 0.803922
11 0.506024 0.500000 0.819277 0.825000
21 0.509615 0.500000 0.788462 0.777778
12 0.515152 0.500000 0.666667 0.629630
27 0.507937 0.508475 0.825397 0.813559
13 0.500000 0.509091 0.836066 0.800000
19 0.507042 0.500000 0.816901 0.820896
39 0.508333 0.508065 0.816667 0.822581
38 0.500000 0.500000 0.782609 0.795918
22 0.490385 0.489796 0.788462 0.775510
3 0.490196 0.509804 0.784314 0.784314
5 0.510000 0.500000 0.780000 0.803922
7 0.508621 0.508621 0.810345 0.810345
40 0.505952 0.500000 0.821429 0.829268
26 0.500000 0.507353 0.837838 0.808824
17 0.517241 0.517241 0.620690 0.620690
9 0.500000 0.510417 0.787234 0.770833
25 0.500000 0.500000 0.821429 0.795918
18 0.503731 0.504202 0.828358 0.823529
34 0.500000 0.500000 0.822785 0.822785
14 0.500000 0.500000 0.839080 0.840909
37 0.500000 0.510638 0.744681 0.765957
