30 0.500000 0.514706 0.722222 0.676471
2 0.517241 0.500000 0.620690 0.655172
17 0.500000 0.500000 0.629630 0.655172
6 0.517857 0.500000 0.607143 0.655172
10 0.500000 0.500000 0.647059 0.687500
33 0.500000 0.500000 0.800000 0.803922
12 0.514286 0.500000 0.685714 0.705882
23 0.510870 0.511628 0.760870 0.744186
13 0.511364 0.510204 0.750000 0.775510
9 0.500000 0.517241 0.642857 0.620690
25 0.506494 0.500000 0.831169 0.813333
29 0.511364 0.512195 0.750000 0.731707
38 0.500000 0.500000 0.655172 0.655172
7 0.500000 0.514286 0.696970 0.685714
34 0.500000 0.500000 0.687500 0.696970
21 0.509434 0.500000 0.792453 0.782609
28 0.507937 0.500000 0.825397 0.824561
16 0.508197 0.500000 0.819672 0.833333
40 0.485294 0.500000 0.676471 0.692308
5 0.500000 0.514706 0.696970 0.676471
14 0.500000 0.500000 0.714286 0.750000
35 0.500000 0.500000 0.772727 0.739130
18 0.500000 0.490000 0.793103 0.780000
11 0.490385 0.500000 0.788462 0.750000
31 0.500000 0.500000 0.736842 0.722222
15 0.512821 0.512821 0.717949 0.717949
8 0.514706 0.500000 0.676471 0.696970
