28 0.506024 0.500000 0.819277 0.837838
35 0.511628 0.488636 0.744186 0.750000
3 0.500000 0.510000 0.787234 0.780000
4 0.500000 0.509091 0.811321 0.800000
30 0.500000 0.507353 0.837838 0.808824
6 0.509259 0.500000 0.796296 0.824561
2 0.512821 0.512195 0.717949 0.731707
1 0.508621 0.508621 0.810345 0.810345
13 0.490741 0.500000 0.796296 0.814815
15 0.509091 0.507353 0.800000 0.808824
40 0.500000 0.500000 0.827586 0.827586
24 0.500000 0.491935 0.823529 0.822581
11 0.503546 0.500000 0.822695 0.825397
38 0.491935 0.500000 0.822581 0.833333
34 0.500000 0.500000 0.807692 0.795918
39 0.492754 0.500000 0.811594 0.815789
42 0.512500 0.512500 0.725000 0.725000
5 0.513158 0.500000 0.710526 0.736842
8 0.510204 0.500000 0.775510 0.782609
0 0.509091 0.509091 0.800000 0.800000
14 0.509259 0.500000 0.796296 0.811321
19 0.500000 0.507812 0.822785 0.828125
12 0.500000 0.507246 0.843750 0.811594
20 0.500000 0.508772 0.827586 0.807018
21 0.509259 0.500000 0.796296 0.787234
7 0.500000 0.500000 0.826087 0.835616
23 0.500000 0.500000 0.833333 0.820896
31 0.500000 0.500000 0.835616 0.826087
41 0.500000 0.507937 0.830508 0.825397
29 0.508333 0.508929 0.816667 0.803571
37 0.500000 0.500000 0.827160 0.822785
26 0.500000 0.512500 0.756098 0.725000
16 0.511905 0.500000 0.738095 0.761905
27 0.500000 0.500000 0.826087 0.809524
18 0.500000 0.509434 0.821429 0.792453
