18 0.500000 0.511111 0.755102 0.755556
27 0.509804 0.510870 0.784314 0.760870
42 0.513889 0.500000 0.694444 0.675676
29 0.500000 0.510870 0.800000 0.760870
17 0.500000 0.511111 0.655172 0.755556
4 0.500000 0.500000 0.720930 0.761905
11 0.500000 0.500000 0.834862 0.820000
25 0.489583 0.500000 0.770833 0.782609
37 0.509804 0.500000 0.784314 0.795918
35 0.486486 0.486842 0.702703 0.710526
41 0.500000 0.500000 0.767442 0.772727
14 0.511111 0.510870 0.755556 0.760870
34 0.500000 0.512821 0.743590 0.717949
16 0.500000 0.513889 0.722222 0.694444
12 0.510417 0.509804 0.770833 0.784314
20 0.500000 0.510870 0.787234 0.760870
24 0.491935 0.508475 0.822581 0.813559
26 0.513514 0.500000 0.702703 0.714286
7 0.509804 0.500000 0.784314 0.814815
15 0.487500 0.500000 0.725000 0.764706
28 0.508333 0.500000 0.816667 0.821429
10 0.500000 0.486111 0.692308 0.694444
30 0.500000 0.500000 0.814815 0.800000
3 0.487179 0.487500 0.717949 0.725000
0 0.512195 0.512195 0.731707 0.731707
2 0.500000 0.514706 0.687500 0.676471
21 0.500000 0.512195 0.756098 0.731707
19 0.508065 0.500000 0.822581 0.814815
6 0.500000 0.500000 0.750000 0.761905
36 0.510204 0.500000 0.775510 0.755102
39 0.508772 0.500000 0.807018 0.838710
38 0.500000 0.500000 0.803922 0.777778
32 0.512500 0.512500 0.725000 0.725000
33 0.500000 0.500000 0.787234 0.782609
