36 0.500000 0.518519 0.615385 0.592593
2 0.517241 0.517857 0.620690 0.607143
34 0.500000 0.500000 0.666667 0.655172
19 0.500000 0.512195 0.782609 0.731707
39 0.500000 0.490566 0.755102 0.792453
37 0.500000 0.500000 0.629630 0.629630
28 0.511628 0.512821 0.744186 0.717949
22 0.500000 0.515625 0.696970 0.656250
17 0.518519 0.512195 0.592593 0.731707
26 0.514706 0.516667 0.676471 0.633333
7 0.500000 0.500000 0.700000 0.720930
14 0.514706 0.500000 0.676471 0.705882
6 0.516667 0.515625 0.633333 0.656250
35 0.500000 0.500000 0.677419 0.677419
11 0.500000 0.492647 0.833333 0.808824
32 0.500000 0.500000 0.666667 0.666667
38 0.500000 0.486842 0.729730 0.710526
8 0.500000 0.500000 0.629630 0.586207
1 0.510870 0.500000 0.760870 0.787234
18 0.486486 0.514286 0.702703 0.685714
24 0.508929 0.509259 0.803571 0.796296
21 0.516129 0.500000 0.645161 0.642857
3 0.500000 0.500000 0.677419 0.677419
15 0.516129 0.500000 0.645161 0.714286
23 0.487179 0.500000 0.717949 0.714286
27 0.514286 0.515625 0.685714 0.656250
20 0.500000 0.514286 0.714286 0.685714
41 0.500000 0.500000 0.677419 0.696970
29 0.500000 0.500000 0.736842 0.722222
33 0.500000 0.500000 0.727273 0.743590
16 0.500000 0.500000 0.629630 0.629630
