4 0.500000 0.505000 0.836735 0.830000
28 0.500000 0.493333 0.822785 0.826667
12 0.505882 0.506098 0.823529 0.817073
31 0.509091 0.509434 0.800000 0.792453
37 0.500000 0.505435 0.824176 0.815217
29 0.506024 0.500000 0.819277 0.833333
36 0.500000 0.508333 0.836066 0.816667
15 0.500000 0.500000 0.791667 0.791667
23 0.500000 0.506757 0.833333 0.824324
5 0.500000 0.500000 0.756098 0.772727
42 0.500000 0.500000 0.755102 0.739130
7 0.500000 0.506024 0.829268 0.819277
41 0.510204 0.510000 0.775510 0.780000
10 0.500000 0.500000 0.800000 0.800000
22 0.508772 0.508929 0.807018 0.803571
39 0.500000 0.507246 0.820896 0.811594
6 0.500000 0.510204 0.744681 0.775510
3 0.500000 0.500000 0.795918 0.787234
25 0.500000 0.507143 0.802469 0.814286
38 0.500000 0.500000 0.821429 0.827586
40 0.500000 0.505102 0.840000 0.826531
24 0.508772 0.490741 0.807018 0.796296
13 0.506494 0.500000 0.831169 0.823529
34 0.510417 0.509259 0.770833 0.796296
14 0.500000 0.506944 0.830986 0.819444
18 0.500000 0.500000 0.834586 0.837398
2 0.509091 0.500000 0.800000 0.821429
35 0.508772 0.508621 0.807018 0.810345
11 0.505000 0.505682 0.830000 0.829545
1 0.508621 0.500000 0.810345 0.824561
17 0.500000 0.500000 0.803922 0.773585
