18 0.500000 0.506494 0.835294 0.831169
40 0.500000 0.508772 0.824561 0.807018
19 0.486111 0.500000 0.694444 0.636364
7 0.486486 0.500000 0.702703 0.684211
34 0.483871 0.515152 0.645161 0.666667
37 0.511905 0.488636 0.738095 0.750000
12 0.500000 0.500000 0.795918 0.791667
31 0.500000 0.513889 0.714286 0.694444
4 0.510417 0.500000 0.770833 0.787234
5 0.500000 0.500000 0.612903 0.600000
36 0.485294 0.500000 0.676471 0.657143
13 0.500000 0.500000 0.677419 0.687500
39 0.500000 0.513889 0.714286 0.694444
35 0.500000 0.500000 0.655172 0.655172
25 0.486111 0.514286 0.694444 0.685714
8 0.515152 0.500000 0.666667 0.696970
3 0.500000 0.500000 0.696970 0.696970
2 0.500000 0.515152 0.647059 0.666667
24 0.517857 0.500000 0.607143 0.615385
6 0.500000 0.500000 0.629630 0.655172
1 0.500000 0.514706 0.687500 0.676471
27 0.500000 0.516129 0.647059 0.645161
23 0.513889 0.514286 0.694444 0.685714
30 0.500000 0.514706 0.714286 0.676471
38 0.500000 0.515625 0.655172 0.656250
17 0.483871 0.483871 0.645161 0.645161
26 0.500000 0.500000 0.750000 0.729730
11 0.500000 0.511364 0.760000 0.750000
33 0.507246 0.500000 0.811594 0.797101
15 0.516667 0.516667 0.633333 0.633333
14 0.500000 0.509259 0.811321 0.796296
9 0.516129 0.516129 0.645161 0.645161
21 0.500000 0.500000 0.705882 0.696970
32 0.500000 0.516667 0.642857 0.633333
0 0.515625 0.500000 0.656250 0.655172
16 0.500000 0.516667 0.655172 0.633333
