42 0.500000 0.510870 0.782609 0.760870
35 0.500000 0.488372 0.756098 0.744186
18 0.504274 0.504950 0.820513 0.831683
31 0.500000 0.500000 0.811321 0.787234
11 0.507812 0.500000 0.828125 0.836066
8 0.511364 0.500000 0.750000 0.761905
26 0.500000 0.509434 0.824561 0.792453
25 0.500000 0.500000 0.803922 0.755102
20 0.512195 0.500000 0.731707 0.750000
33 0.510417 0.500000 0.770833 0.787234
1 0.500000 0.513889 0.705882 0.694444
36 0.512195 0.500000 0.731707 0.727273
34 0.500000 0.500000 0.808219 0.830986
27 0.508929 0.509434 0.803571 0.792453
7 0.510204 0.510204 0.775510 0.775510
39 0.500000 0.500000 0.787234 0.795918
4 0.500000 0.493056 0.833333 0.819444
0 0.500000 0.493750 0.815789 0.812500
14 0.507937 0.492188 0.825397 0.828125
16 0.511905 0.500000 0.738095 0.756098
12 0.515625 0.517857 0.656250 0.607143
30 0.500000 0.500000 0.820896 0.827586
22 0.500000 0.500000 0.733333 0.720930
32 0.488095 0.500000 0.738095 0.761905
37 0.500000 0.512195 0.707317 0.731707
41 0.500000 0.500000 0.736842 0.707317
17 0.500000 0.500000 0.615385 0.615385
2 0.500000 0.511628 0.756098 0.744186
15 0.500000 0.500000 0.761905 0.772727
6 0.500000 0.500000 0.787234 0.782609
23 0.500000 0.500000 0.755102 0.756098
29 0.500000 0.510000 0.811321 0.780000
24 0.490741 0.490196 0.796296 0.784314
10 0.512821 0.512821 0.717949 0.717949
21 0.511364 0.500000 0.750000 0.743590
3 0.511364 0.511364 0.750000 0.750000
9 0.512195 0.512195 0.731707 0.731707
28 0.509804 0.510870 0.784314 0.760870
