6 0.517241 0.517857 0.620690 0.607143
30 0.511905 0.500000 0.738095 0.729730
40 0.513514 0.513514 0.702703 0.702703
22 0.512500 0.500000 0.725000 0.722222
38 0.513514 0.500000 0.702703 0.729730
35 0.500000 0.500000 0.555556 0.600000
27 0.500000 0.511905 0.750000 0.738095
17 0.517857 0.517857 0.607143 0.607143
18 0.565789 0.500000 0.815789 0.750000
34 0.500000 0.511111 0.750000 0.755556
5 0.518519 0.519231 0.592593 0.576923
20 0.500000 0.514706 0.705882 0.676471
42 0.500000 0.519231 0.615385 0.576923
41 0.500000 0.513158 0.722222 0.710526
0 0.500000 0.517857 0.629630 0.607143
3 0.500000 0.516129 0.666667 0.645161
25 0.500000 0.508475 0.814815 0.813559
4 0.517241 0.500000 0.620690 0.629630
10 0.516129 0.516129 0.645161 0.645161
7 0.500000 0.516129 0.666667 0.645161
29 0.511628 0.513514 0.744186 0.702703
14 0.500000 0.511628 0.756098 0.744186
16 0.515152 0.515152 0.666667 0.666667
11 0.500000 0.500000 0.666667 0.647059
21 0.500000 0.515625 0.666667 0.656250
8 0.517241 0.500000 0.620690 0.642857
12 0.513514 0.512821 0.702703 0.717949
15 0.500000 0.500000 0.642857 0.666667
13 0.519231 0.500000 0.576923 0.615385
36 0.500000 0.500000 0.600000 0.600000
23 0.500000 0.510000 0.803922 0.780000
2 0.510204 0.510204 0.775510 0.775510
28 0.500000 0.515152 0.705882 0.666667
