41 0.500000 0.500000 0.777778 0.791667
8 0.490196 0.500000 0.784314 0.764706
4 0.508929 0.508621 0.803571 0.810345
30 0.510638 0.511905 0.765957 0.738095
29 0.500000 0.506849 0.827160 0.821918
25 0.500000 0.500000 0.815385 0.837838
24 0.507042 0.492958 0.816901 0.816901
2 0.500000 0.508772 0.814815 0.807018
17 0.500000 0.500000 0.750000 0.750000
42 0.508929 0.508929 0.803571 0.803571
18 0.500000 0.492308 0.833333 0.830769
28 0.500000 0.500000 0.797101 0.833333
5 0.512500 0.500000 0.725000 0.743590
23 0.500000 0.503788 0.829787 0.825758
20 0.500000 0.510870 0.777778 0.760870
33 0.509259 0.500000 0.796296 0.814815
13 0.500000 0.500000 0.823529 0.843750
1 0.509434 0.509434 0.792453 0.792453
31 0.500000 0.508929 0.830508 0.803571
40 0.508333 0.500000 0.816667 0.803279
12 0.500000 0.500000 0.793103 0.814815
15 0.509804 0.504630 0.784314 0.824074
27 0.500000 0.500000 0.840000 0.823529
16 0.500000 0.500000 0.833333 0.837209
22 0.500000 0.510204 0.814815 0.775510
7 0.513158 0.512821 0.710526 0.717949
36 0.509259 0.500000 0.796296 0.777778
19 0.507143 0.500000 0.814286 0.803279
10 0.491803 0.490566 0.819672 0.792453
14 0.505208 0.505051 0.822917 0.828283
11 0.500000 0.500000 0.836735 0.827957
