1 0.500000 0.512821 0.736842 0.717949
13 0.513889 0.513514 0.694444 0.702703
0 0.500000 0.485714 0.666667 0.685714
18 0.509434 0.500000 0.792453 0.760000
17 0.500000 0.515152 0.687500 0.666667
3 0.514706 0.514706 0.676471 0.676471
11 0.500000 0.500000 0.843750 0.838710
27 0.500000 0.500000 0.739130 0.761905
19 0.512821 0.486111 0.717949 0.694444
16 0.500000 0.510000 0.787234 0.780000
4 0.511364 0.511364 0.750000 0.750000
35 0.500000 0.484375 0.677419 0.656250
21 0.512500 0.500000 0.725000 0.722222
22 0.487179 0.500000 0.717949 0.666667
32 0.515152 0.500000 0.666667 0.677419
29 0.500000 0.500000 0.744681 0.727273
41 0.500000 0.500000 0.666667 0.696970
23 0.505952 0.500000 0.821429 0.802469
33 0.514706 0.500000 0.676471 0.696970
9 0.515152 0.515152 0.666667 0.666667
28 0.511111 0.512500 0.755556 0.725000
37 0.513158 0.513158 0.710526 0.710526
26 0.500000 0.500000 0.787234 0.744681
5 0.483333 0.483871 0.633333 0.645161
20 0.500000 0.513514 0.750000 0.702703
38 0.513889 0.488889 0.694444 0.755556
31 0.510870 0.500000 0.760870 0.720930
30 0.512821 0.513889 0.717949 0.694444
6 0.513514 0.500000 0.702703 0.729730
36 0.486486 0.500000 0.702703 0.722222
8 0.500000 0.500000 0.696970 0.705882
24 0.500000 0.500000 0.803279 0.838710
34 0.500000 0.515152 0.696970 0.666667
2 0.500000 0.515152 0.636364 0.666667
10 0.500000 0.500000 0.675676 0.657143
42 0.500000 0.513889 0.705882 0.694444
39 0.500000 0.500000 0.677419 0.687500
14 0.511628 0.511628 0.744186 0.744186
25 0.506579 0.507042 0.828947 0.816901
