3 0.515625 0.500000 0.656250 0.677419
41 0.517857 0.517241 0.607143 0.620690
24 0.508475 0.507937 0.813559 0.825397
5 0.500000 0.482759 0.586207 0.620690
11 0.500000 0.509259 0.827586 0.796296
2 0.500000 0.516667 0.642857 0.633333
14 0.513514 0.513514 0.702703 0.702703
0 0.500000 0.514706 0.696970 0.676471
15 0.482143 0.500000 0.607143 0.833333
34 0.500000 0.516129 0.677419 0.645161
42 0.500000 0.500000 0.655172 0.655172
9 0.500000 0.517241 0.655172 0.620690
13 0.500000 0.500000 0.687500 0.696970
26 0.500000 0.500000 0.767442 0.750000
32 0.500000 0.500000 0.612903 0.655172
16 0.500000 0.500000 0.761905 0.777778
36 0.485294 0.515152 0.676471 0.666667
17 0.482759 0.500000 0.620690 0.600000
4 0.500000 0.500000 0.761905 0.761905
7 0.500000 0.482759 0.586207 0.620690
12 0.500000 0.500000 0.647059 0.612903
37 0.500000 0.500000 0.687500 0.687500
18 0.510204 0.500000 0.775510 0.739130
33 0.500000 0.517857 0.600000 0.607143
28 0.487500 0.500000 0.725000 0.722222
35 0.516667 0.500000 0.633333 0.655172
22 0.500000 0.500000 0.696970 0.677419
20 0.513514 0.514706 0.702703 0.676471
8 0.500000 0.500000 0.666667 0.677419
27 0.500000 0.500000 0.743590 0.729730
38 0.514706 0.500000 0.676471 0.750000
