14 0.514706 0.500000 0.676471 0.696970
21 0.500000 0.514706 0.714286 0.676471
17 0.517857 0.517241 0.607143 0.620690
12 0.516129 0.515625 0.645161 0.656250
4 0.517241 0.516667 0.620690 0.633333
39 0.500000 0.500000 0.811321 0.818182
10 0.500000 0.500000 0.677419 0.687500
11 0.511628 0.512195 0.744186 0.731707
1 0.500000 0.509804 0.803922 0.784314
13 0.513158 0.500000 0.710526 0.714286
38 0.515625 0.500000 0.656250 0.687500
27 0.500000 0.500000 0.687500 0.666667
18 0.491228 0.500000 0.807018 0.769231
40 0.500000 0.500000 0.615385 0.615385
20 0.518519 0.518519 0.592593 0.592593
15 0.500000 0.500000 0.629630 0.642857
22 0.500000 0.515152 0.684211 0.666667
5 0.516129 0.483871 0.645161 0.645161
7 0.500000 0.500000 0.696970 0.696970
30 0.513514 0.513514 0.702703 0.702703
35 0.500000 0.481481 0.615385 0.592593
28 0.500000 0.500000 0.796610 0.800000
23 0.514286 0.500000 0.685714 0.666667
16 0.518519 0.517241 0.592593 0.620690
32 0.518519 0.518519 0.592593 0.592593
25 0.500000 0.510204 0.811321 0.775510
36 0.500000 0.516129 0.666667 0.645161
2 0.500000 0.500000 0.705882 0.696970
6 0.500000 0.481481 0.555556 0.592593
42 0.517857 0.500000 0.607143 0.629630
33 0.500000 0.500000 0.756098 0.756098
9 0.500000 0.500000 0.615385 0.629630
34 0.517241 0.517241 0.620690 0.620690
