6 0.500000 0.500000 0.787234 0.795918
8 0.511628 0.512195 0.744186 0.731707
4 0.509804 0.500000 0.784314 0.773585
3 0.500000 0.510638 0.772727 0.765957
12 0.491525 0.500000 0.813559 0.833333
26 0.512500 0.513158 0.725000 0.710526
36 0.508475 0.500000 0.813559 0.827586
34 0.500000 0.510870 0.791667 0.760870
2 0.500000 0.500000 0.714286 0.729730
40 0.509434 0.509434 0.792453 0.792453
13 0.500000 0.509615 0.803922 0.788462
20 0.509091 0.500000 0.800000 0.807692
1 0.508772 0.500000 0.807018 0.821429
30 0.500000 0.500000 0.820896 0.833333
35 0.512500 0.500000 0.725000 0.750000
31 0.507937 0.500000 0.825397 0.824561
14 0.509804 0.510000 0.784314 0.780000
39 0.500000 0.507042 0.836066 0.816901
9 0.508772 0.508475 0.807018 0.813559
10 0.512195 0.512821 0.731707 0.717949
5 0.513514 0.500000 0.702703 0.729730
29 0.508929 0.500000 0.803571 0.795918
18 0.509259 0.500000 0.796296 0.795918
38 0.508197 0.500000 0.819672 0.827586
25 0.508621 0.490566 0.810345 0.792453
37 0.500000 0.507353 0.826087 0.808824
0 0.509804 0.500000 0.784314 0.800000
33 0.500000 0.490566 0.811321 0.792453
27 0.500000 0.509091 0.833333 0.800000
24 0.500000 0.500000 0.818182 0.806452
11 0.503876 0.504274 0.821705 0.820513
23 0.500000 0.491379 0.838710 0.810345
17 0.515152 0.511111 0.666667 0.755556
