31 0.500000 0.500000 0.791667 0.777778
28 0.500000 0.500000 0.807229 0.835616
29 0.508772 0.500000 0.807018 0.803922
6 0.484848 0.500000 0.666667 0.666667
21 0.500000 0.500000 0.836066 0.807692
17 0.500000 0.500000 0.642857 0.666667
13 0.500000 0.500000 0.795918 0.833333
10 0.512821 0.512821 0.717949 0.717949
12 0.511628 0.511364 0.744186 0.750000
22 0.487179 0.500000 0.717949 0.684211
7 0.500000 0.500000 0.736842 0.743590
9 0.500000 0.500000 0.647059 0.647059
24 0.510638 0.510000 0.765957 0.780000
35 0.509091 0.509259 0.800000 0.796296
36 0.500000 0.513158 0.684211 0.710526
34 0.512500 0.512195 0.725000 0.731707
2 0.513889 0.500000 0.694444 0.684211
16 0.500000 0.500000 0.828571 0.828571
20 0.513889 0.513889 0.694444 0.694444
15 0.500000 0.510870 0.777778 0.760870
4 0.500000 0.486842 0.714286 0.710526
38 0.515625 0.500000 0.656250 0.636364
18 0.500000 0.500000 0.826087 0.806452
40 0.500000 0.500000 0.811321 0.818182
3 0.500000 0.500000 0.736842 0.736842
1 0.500000 0.500000 0.791667 0.807692
25 0.500000 0.494792 0.840000 0.822917
23 0.508475 0.509091 0.813559 0.800000
11 0.507692 0.500000 0.830769 0.800000
