18 0.500000 0.503546 0.828947 0.822695
11 0.500000 0.504098 0.824818 0.827869
41 0.508475 0.508475 0.813559 0.813559
17 0.500000 0.508065 0.836066 0.822581
1 0.500000 0.508065 0.838710 0.822581
24 0.493976 0.500000 0.819277 0.842105
29 0.500000 0.500000 0.831933 0.825243
33 0.500000 0.500000 0.833333 0.826087
22 0.500000 0.507937 0.843750 0.825397
32 0.512821 0.500000 0.717949 0.761905
2 0.500000 0.500000 0.823529 0.830986
6 0.509615 0.509091 0.788462 0.800000
27 0.500000 0.493333 0.809524 0.826667
38 0.507353 0.506849 0.808824 0.821918
34 0.500000 0.491935 0.818182 0.822581
19 0.500000 0.500000 0.829787 0.833333
12 0.500000 0.500000 0.824176 0.840909
3 0.509091 0.500000 0.800000 0.781818
40 0.504274 0.500000 0.820513 0.833333
23 0.500000 0.505000 0.836364 0.830000
35 0.500000 0.500000 0.836066 0.838710
8 0.508475 0.508333 0.813559 0.816667
15 0.508333 0.508333 0.816667 0.816667
5 0.510638 0.510000 0.765957 0.780000
20 0.500000 0.509091 0.830508 0.800000
4 0.495833 0.495763 0.825000 0.822034
39 0.500000 0.505952 0.827160 0.821429
7 0.504274 0.500000 0.820513 0.827586
13 0.500000 0.500000 0.835052 0.836735
31 0.500000 0.508197 0.843750 0.819672
16 0.510870 0.500000 0.760870 0.787234
14 0.500000 0.506494 0.820513 0.831169
0 0.506024 0.500000 0.819277 0.829268
36 0.500000 0.507042 0.830986 0.816901
30 0.505376 0.500000 0.817204 0.827160
21 0.500000 0.505102 0.831776 0.826531
42 0.509259 0.509259 0.796296 0.796296
37 0.504717 0.500000 0.820755 0.811321
