4 0.511905 0.511905 0.738095 0.738095
23 0.500000 0.492647 0.830986 0.808824
13 0.482759 0.500000 0.620690 0.625000
14 0.500000 0.500000 0.666667 0.666667
21 0.500000 0.515152 0.696970 0.666667
27 0.500000 0.513158 0.736842 0.710526
5 0.517857 0.482759 0.607143 0.620690
28 0.512821 0.500000 0.717949 0.714286
22 0.515152 0.500000 0.666667 0.666667
16 0.500000 0.500000 0.750000 0.772727
11 0.508475 0.500000 0.813559 0.811321
36 0.500000 0.515152 0.696970 0.666667
6 0.500000 0.500000 0.687500 0.696970
2 0.481481 0.517241 0.592593 0.620690
32 0.500000 0.517857 0.629630 0.607143
7 0.518519 0.482143 0.592593 0.607143
19 0.484848 0.515625 0.666667 0.656250
29 0.512500 0.513514 0.725000 0.702703
38 0.500000 0.500000 0.677419 0.736842
10 0.517241 0.481481 0.620690 0.592593
3 0.516129 0.500000 0.645161 0.666667
24 0.490909 0.491803 0.800000 0.819672
15 0.500000 0.500000 0.629630 0.827586
34 0.500000 0.500000 0.666667 0.612903
41 0.517857 0.500000 0.607143 0.642857
8 0.500000 0.516667 0.642857 0.633333
40 0.515625 0.500000 0.656250 0.677419
0 0.500000 0.500000 0.677419 0.677419
37 0.515625 0.500000 0.656250 0.677419
42 0.500000 0.500000 0.655172 0.655172
31 0.512195 0.500000 0.731707 0.729730
17 0.516667 0.516667 0.633333 0.633333
