42 0.500000 0.515152 0.687500 0.666667
1 0.486111 0.500000 0.694444 0.675676
12 0.500000 0.500000 0.761905 0.761905
35 0.482759 0.516667 0.620690 0.633333
28 0.488095 0.500000 0.738095 0.692308
34 0.508929 0.508621 0.803571 0.810345
9 0.500000 0.515152 0.687500 0.666667
32 0.500000 0.500000 0.625000 0.666667
37 0.500000 0.485294 0.696970 0.676471
22 0.510638 0.500000 0.765957 0.761905
24 0.507937 0.500000 0.825397 0.818182
0 0.513889 0.500000 0.694444 0.714286
11 0.500000 0.487805 0.739130 0.731707
39 0.514286 0.500000 0.685714 0.705882
17 0.516667 0.516129 0.633333 0.645161
33 0.513514 0.512821 0.702703 0.717949
36 0.500000 0.515152 0.687500 0.666667
16 0.500000 0.500000 0.729730 0.736842
41 0.511364 0.500000 0.750000 0.777778
23 0.500000 0.509091 0.836066 0.800000
2 0.500000 0.500000 0.781818 0.777778
7 0.500000 0.512821 0.736842 0.717949
19 0.500000 0.500000 0.700000 0.692308
21 0.500000 0.512821 0.756098 0.717949
40 0.500000 0.500000 0.744681 0.739130
20 0.500000 0.512195 0.767442 0.731707
25 0.500000 0.493151 0.827160 0.821918
15 0.500000 0.513889 0.677419 0.694444
27 0.510870 0.500000 0.760870 0.744681
13 0.512195 0.512195 0.731707 0.731707
