16 0.510870 0.510870 0.760870 0.760870
23 0.494318 0.500000 0.829545 0.827160
2 0.500000 0.508197 0.833333 0.819672
3 0.511111 0.511111 0.755556 0.755556
36 0.500000 0.510417 0.787234 0.770833
26 0.500000 0.500000 0.838710 0.800000
5 0.512821 0.500000 0.717949 0.692308
40 0.507353 0.507937 0.808824 0.825397
31 0.508772 0.500000 0.807018 0.811321
39 0.500000 0.510204 0.791667 0.775510
6 0.500000 0.500000 0.777778 0.787234
38 0.490000 0.490385 0.780000 0.788462
0 0.500000 0.500000 0.803922 0.807692
24 0.500000 0.505882 0.826087 0.823529
27 0.490385 0.500000 0.788462 0.803922
9 0.500000 0.511905 0.756098 0.738095
12 0.500000 0.509091 0.814815 0.800000
32 0.511628 0.488889 0.744186 0.755556
7 0.500000 0.508929 0.818182 0.803571
17 0.500000 0.512821 0.729730 0.717949
19 0.500000 0.500000 0.789474 0.777778
30 0.500000 0.500000 0.822785 0.830986
42 0.500000 0.510870 0.777778 0.760870
34 0.493827 0.500000 0.814815 0.816092
14 0.500000 0.493976 0.807229 0.819277
1 0.490741 0.500000 0.796296 0.785714
10 0.487500 0.487805 0.725000 0.731707
25 0.500000 0.495726 0.832061 0.820513
21 0.500000 0.500000 0.830508 0.818182
28 0.500000 0.500000 0.833333 0.818182
13 0.500000 0.500000 0.826087 0.831325
22 0.507937 0.508772 0.825397 0.807018
18 0.500000 0.500000 0.837838 0.828571
15 0.512821 0.500000 0.717949 0.720930
