4 0.486111 0.500000 0.694444 0.675676
35 0.500000 0.512821 0.736842 0.717949
9 0.500000 0.512500 0.736842 0.725000
21 0.509804 0.500000 0.784314 0.782609
26 0.487179 0.513889 0.717949 0.694444
14 0.500000 0.500000 0.821429 0.818182
34 0.500000 0.500000 0.750000 0.750000
32 0.513889 0.513514 0.694444 0.702703
42 0.500000 0.500000 0.722222 0.729730
39 0.500000 0.500000 0.826087 0.808219
17 0.514286 0.513514 0.685714 0.702703
24 0.500000 0.510000 0.811321 0.780000
23 0.500000 0.511628 0.791667 0.744186
36 0.500000 0.514286 0.696970 0.685714
10 0.511111 0.511111 0.755556 0.755556
13 0.510204 0.500000 0.775510 0.772727
27 0.510870 0.511905 0.760870 0.738095
40 0.500000 0.487179 0.722222 0.717949
25 0.493506 0.500000 0.831169 0.828571
6 0.500000 0.515152 0.687500 0.666667
18 0.506173 0.507042 0.814815 0.816901
38 0.500000 0.510870 0.767442 0.760870
2 0.511364 0.511628 0.750000 0.744186
22 0.500000 0.500000 0.781818 0.807692
7 0.500000 0.500000 0.777778 0.777778
41 0.500000 0.511905 0.714286 0.738095
11 0.500000 0.509091 0.830508 0.800000
30 0.508929 0.500000 0.803571 0.803922
8 0.500000 0.512195 0.750000 0.731707
33 0.500000 0.500000 0.823529 0.828571
28 0.506944 0.500000 0.819444 0.806452
