41 0.500000 0.511905 0.756098 0.738095
32 0.500000 0.500000 0.736842 0.736842
13 0.500000 0.500000 0.761905 0.750000
4 0.508929 0.508929 0.803571 0.803571
17 0.482143 0.500000 0.607143 0.677419
39 0.504545 0.500000 0.827273 0.836364
37 0.500000 0.500000 0.772727 0.761905
20 0.511111 0.500000 0.755556 0.743590
38 0.500000 0.500000 0.767442 0.767442
11 0.500000 0.500000 0.777778 0.743590
9 0.500000 0.500000 0.782609 0.777778
16 0.506173 0.500000 0.814815 0.825000
8 0.500000 0.500000 0.761905 0.772727
6 0.500000 0.500000 0.772727 0.777778
19 0.505319 0.493827 0.819149 0.814815
27 0.506757 0.507143 0.824324 0.814286
42 0.500000 0.488372 0.756098 0.744186
24 0.511111 0.512195 0.755556 0.731707
40 0.500000 0.510638 0.795918 0.765957
31 0.500000 0.500000 0.827586 0.803922
35 0.509091 0.500000 0.800000 0.814815
21 0.508929 0.500000 0.803571 0.803922
33 0.500000 0.500000 0.666667 0.687500
0 0.510870 0.500000 0.760870 0.772727
3 0.500000 0.500000 0.700000 0.743590
14 0.506849 0.506849 0.821918 0.821918
34 0.510204 0.509091 0.775510 0.800000
29 0.500000 0.500000 0.707317 0.830508
26 0.500000 0.500000 0.777778 0.787234
23 0.500000 0.512500 0.750000 0.725000
7 0.500000 0.512500 0.707317 0.725000
5 0.500000 0.500000 0.756098 0.761905
