21 0.500000 0.495050 0.819820 0.831683
38 0.500000 0.500000 0.842105 0.822785
7 0.500000 0.506024 0.831325 0.819277
39 0.496815 0.503106 0.828025 0.832298
32 0.506024 0.500000 0.819277 0.829268
24 0.505155 0.505682 0.824742 0.829545
28 0.510000 0.510638 0.780000 0.765957
2 0.500000 0.506098 0.831325 0.817073
29 0.500000 0.504132 0.806452 0.826446
22 0.500000 0.500000 0.840000 0.824176
23 0.500000 0.506024 0.831325 0.819277
35 0.500000 0.500000 0.829787 0.838384
17 0.516129 0.500000 0.645161 0.705882
37 0.509615 0.509804 0.788462 0.784314
42 0.508475 0.508333 0.813559 0.816667
18 0.516129 0.500000 0.645161 0.600000
40 0.500000 0.507937 0.841270 0.825397
36 0.500000 0.500000 0.824561 0.827586
11 0.505208 0.505882 0.822917 0.823529
33 0.505814 0.500000 0.825581 0.808511
4 0.506024 0.500000 0.819277 0.822785
13 0.500000 0.500000 0.808219 0.828571
27 0.503731 0.500000 0.828358 0.819672
1 0.505000 0.500000 0.830000 0.826923
6 0.500000 0.507937 0.830508 0.825397
31 0.504464 0.504808 0.830357 0.817308
41 0.506098 0.500000 0.817073 0.825000
12 0.508475 0.500000 0.813559 0.823529
26 0.500000 0.505051 0.830189 0.828283
0 0.500000 0.494845 0.835052 0.824742
34 0.507246 0.506173 0.811594 0.814815
14 0.500000 0.503817 0.832061 0.824427
