26 0.516667 0.517241 0.633333 0.620690
12 0.500000 0.500000 0.555556 0.629630
15 0.511905 0.500000 0.738095 0.756098
9 0.514706 0.500000 0.676471 0.696970
21 0.500000 0.500000 0.705882 0.705882
23 0.500000 0.519231 0.615385 0.576923
29 0.500000 0.486111 0.555556 0.694444
33 0.480769 0.500000 0.576923 0.615385
5 0.500000 0.516667 0.655172 0.633333
17 0.517857 0.515152 0.607143 0.666667
8 0.513889 0.513889 0.694444 0.694444
6 0.500000 0.500000 0.655172 0.666667
1 0.508929 0.500000 0.803571 0.824561
2 0.514286 0.500000 0.685714 0.666667
31 0.500000 0.500000 0.736842 0.714286
20 0.500000 0.480769 0.629630 0.576923
7 0.480769 0.519231 0.576923 0.576923
30 0.515625 0.500000 0.656250 0.615385
37 0.513889 0.513889 0.694444 0.694444
32 0.518519 0.518519 0.592593 0.592593
42 0.500000 0.517857 0.629630 0.607143
35 0.513514 0.513514 0.702703 0.702703
34 0.519231 0.483871 0.576923 0.645161
40 0.500000 0.500000 0.687500 0.705882
13 0.500000 0.500000 0.600000 0.600000
36 0.519231 0.500000 0.576923 0.555556
18 0.519231 0.519231 0.576923 0.576923
0 0.500000 0.516667 0.655172 0.633333
10 0.513514 0.500000 0.702703 0.729730
19 0.507692 0.508772 0.830769 0.807018
39 0.500000 0.506098 0.827160 0.817073
41 0.517241 0.500000 0.620690 0.655172
3 0.519231 0.500000 0.576923 0.571429
11 0.500000 0.519231 0.629630 0.576923
