24 0.500000 0.500000 0.696970 0.666667
20 0.514706 0.500000 0.676471 0.625000
11 0.500000 0.517241 0.705882 0.620690
19 0.506173 0.500000 0.814815 0.843750
23 0.515152 0.515625 0.666667 0.656250
4 0.510638 0.500000 0.765957 0.782609
12 0.500000 0.513889 0.677419 0.694444
26 0.500000 0.513514 0.722222 0.702703
28 0.500000 0.500000 0.707317 0.736842
8 0.512821 0.500000 0.717949 0.743590
7 0.515625 0.500000 0.656250 0.687500
15 0.500000 0.510638 0.739130 0.765957
39 0.505435 0.500000 0.815217 0.826087
16 0.500000 0.508065 0.836066 0.822581
14 0.508772 0.500000 0.807018 0.821429
13 0.515152 0.500000 0.666667 0.677419
2 0.512500 0.500000 0.725000 0.722222
36 0.512500 0.512500 0.725000 0.725000
3 0.483871 0.500000 0.645161 0.625000
37 0.500000 0.487500 0.750000 0.725000
27 0.508772 0.500000 0.807018 0.811321
38 0.500000 0.513889 0.696970 0.694444
34 0.485714 0.500000 0.685714 0.714286
32 0.500000 0.500000 0.655172 0.666667
31 0.509804 0.500000 0.784314 0.767442
0 0.500000 0.486111 0.666667 0.694444
10 0.500000 0.512195 0.750000 0.731707
29 0.515625 0.500000 0.656250 0.761905
1 0.491803 0.508197 0.819672 0.819672
41 0.500000 0.485294 0.687500 0.676471
5 0.500000 0.500000 0.696970 0.696970
40 0.511364 0.500000 0.750000 0.750000
33 0.500000 0.517241 0.629630 0.620690
35 0.511364 0.488636 0.750000 0.750000
