35 0.500000 0.500000 0.743590 0.743590
22 0.517857 0.500000 0.607143 0.615385
20 0.500000 0.516129 0.666667 0.645161
10 0.483871 0.500000 0.645161 0.666667
5 0.516667 0.516667 0.633333 0.633333
25 0.492647 0.500000 0.808824 0.815385
11 0.511111 0.500000 0.755556 0.761905
9 0.500000 0.500000 0.615385 0.615385
13 0.512195 0.511111 0.731707 0.755556
7 0.500000 0.516129 0.666667 0.645161
14 0.500000 0.514286 0.666667 0.685714
34 0.500000 0.500000 0.642857 0.655172
26 0.500000 0.500000 0.696970 0.655172
31 0.513514 0.513514 0.702703 0.702703
24 0.513889 0.512821 0.694444 0.717949
30 0.500000 0.500000 0.696970 0.666667
3 0.517241 0.500000 0.620690 0.642857
39 0.515152 0.514706 0.666667 0.676471
21 0.500000 0.500000 0.787234 0.782609
40 0.518519 0.516129 0.592593 0.645161
17 0.518519 0.517241 0.592593 0.620690
29 0.512500 0.513158 0.725000 0.710526
4 0.518519 0.518519 0.592593 0.592593
33 0.489362 0.500000 0.765957 0.755102
1 0.511364 0.500000 0.750000 0.782609
28 0.508621 0.500000 0.810345 0.803922
