42 0.515152 0.500000 0.666667 0.687500
32 0.515625 0.500000 0.656250 0.677419
31 0.515152 0.515152 0.666667 0.666667
24 0.513514 0.500000 0.702703 0.705882
21 0.500000 0.513889 0.722222 0.694444
23 0.500000 0.500000 0.736842 0.705882
14 0.485714 0.500000 0.685714 0.666667
15 0.516129 0.515152 0.645161 0.666667
22 0.500000 0.515625 0.714286 0.656250
18 0.500000 0.511628 0.782609 0.744186
13 0.500000 0.500000 0.687500 0.677419
36 0.514706 0.500000 0.676471 0.696970
41 0.500000 0.500000 0.666667 0.625000
16 0.500000 0.506173 0.825000 0.814815
34 0.500000 0.516129 0.642857 0.645161
27 0.511111 0.500000 0.755556 0.750000
4 0.500000 0.515152 0.647059 0.666667
1 0.489130 0.509259 0.760870 0.796296
10 0.500000 0.500000 0.696970 0.657143
8 0.500000 0.500000 0.687500 0.687500
20 0.484375 0.516667 0.656250 0.633333
17 0.484848 0.514706 0.666667 0.676471
28 0.511111 0.511905 0.755556 0.738095
38 0.508065 0.500000 0.822581 0.835616
25 0.500000 0.500000 0.625000 0.655172
39 0.500000 0.500000 0.612903 0.666667
6 0.500000 0.500000 0.655172 0.666667
37 0.500000 0.510638 0.727273 0.765957
7 0.500000 0.512500 0.743590 0.725000
12 0.513158 0.513514 0.710526 0.702703
