15 0.500000 0.511111 0.756098 0.755556
31 0.511628 0.500000 0.744186 0.729730
17 0.518519 0.515152 0.592593 0.666667
25 0.500000 0.500000 0.791667 0.782609
12 0.482759 0.500000 0.620690 0.666667
26 0.515625 0.515625 0.656250 0.656250
20 0.500000 0.500000 0.642857 0.615385
8 0.500000 0.513158 0.736842 0.710526
5 0.500000 0.500000 0.677419 0.687500
30 0.500000 0.500000 0.705882 0.642857
10 0.513158 0.500000 0.710526 0.729730
34 0.500000 0.500000 0.642857 0.705882
7 0.517857 0.500000 0.607143 0.629630
38 0.517857 0.517241 0.607143 0.620690
18 0.500000 0.518519 0.629630 0.592593
2 0.513514 0.515152 0.702703 0.666667
13 0.482759 0.482759 0.620690 0.620690
3 0.500000 0.517857 0.629630 0.607143
33 0.500000 0.517241 0.629630 0.620690
32 0.500000 0.500000 0.629630 0.629630
42 0.483871 0.500000 0.645161 0.655172
37 0.513158 0.486842 0.710526 0.710526
29 0.500000 0.512195 0.677419 0.731707
11 0.516129 0.518519 0.645161 0.592593
35 0.512821 0.512821 0.717949 0.717949
0 0.500000 0.500000 0.666667 0.625000
6 0.500000 0.500000 0.687500 0.696970
4 0.500000 0.500000 0.767442 0.767442
24 0.517857 0.500000 0.607143 0.629630
21 0.513158 0.513158 0.710526 0.710526
23 0.500000 0.518519 0.629630 0.592593
40 0.513158 0.514286 0.710526 0.685714
14 0.500000 0.500000 0.800000 0.791667
22 0.500000 0.513158 0.729730 0.710526
9 0.513889 0.513889 0.694444 0.694444
