13 0.511905 0.500000 0.738095 0.743590
16 0.500000 0.500000 0.677419 0.677419
18 0.500000 0.500000 0.743590 0.722222
23 0.512195 0.512821 0.731707 0.717949
39 0.500000 0.509091 0.795918 0.800000
36 0.500000 0.500000 0.647059 0.677419
26 0.514286 0.515625 0.685714 0.656250
10 0.514286 0.500000 0.685714 0.687500
1 0.510000 0.500000 0.780000 0.800000
12 0.513889 0.513514 0.694444 0.702703
7 0.500000 0.500000 0.720930 0.777778
4 0.514286 0.500000 0.685714 0.666667
35 0.514286 0.500000 0.685714 0.714286
30 0.511628 0.500000 0.744186 0.743590
22 0.512821 0.500000 0.717949 0.729730
11 0.500000 0.506667 0.831325 0.826667
34 0.500000 0.516129 0.677419 0.645161
24 0.508475 0.500000 0.813559 0.818182
9 0.511628 0.500000 0.744186 0.756098
0 0.515625 0.500000 0.656250 0.677419
17 0.500000 0.511628 0.571429 0.744186
21 0.500000 0.500000 0.714286 0.696970
2 0.517241 0.517241 0.620690 0.620690
15 0.500000 0.487179 0.625000 0.717949
41 0.514286 0.513889 0.685714 0.694444
31 0.500000 0.512500 0.750000 0.725000
5 0.516667 0.500000 0.633333 0.586207
38 0.500000 0.500000 0.736842 0.736842
28 0.510638 0.500000 0.765957 0.756098
32 0.515152 0.515152 0.666667 0.666667
25 0.500000 0.516129 0.636364 0.645161
6 0.515152 0.500000 0.666667 0.696970
14 0.500000 0.486486 0.684211 0.702703
29 0.500000 0.500000 0.756098 0.743590
27 0.513158 0.500000 0.710526 0.705882
