40 0.500000 0.506494 0.804878 0.831169
26 0.500000 0.506849 0.827160 0.821918
25 0.506098 0.500000 0.817073 0.837838
16 0.500000 0.500000 0.782609 0.800000
30 0.500000 0.504587 0.826772 0.825688
1 0.500000 0.500000 0.830508 0.833333
22 0.500000 0.505682 0.825243 0.829545
2 0.500000 0.500000 0.836066 0.826087
11 0.505618 0.506173 0.831461 0.814815
38 0.507812 0.500000 0.828125 0.826087
8 0.500000 0.510000 0.795918 0.780000
39 0.500000 0.507246 0.838710 0.811594
6 0.489362 0.500000 0.765957 0.791667
7 0.511364 0.500000 0.750000 0.772727
28 0.500000 0.506579 0.833333 0.828947
5 0.505814 0.505814 0.825581 0.825581
21 0.505102 0.505618 0.826531 0.831461
33 0.500000 0.500000 0.825243 0.825243
12 0.500000 0.506757 0.837838 0.824324
9 0.500000 0.500000 0.809524 0.809524
13 0.506757 0.507042 0.824324 0.816901
34 0.500000 0.500000 0.823529 0.826087
10 0.500000 0.508772 0.821429 0.807018
23 0.506173 0.500000 0.814815 0.826087
3 0.507937 0.500000 0.825397 0.843750
14 0.494737 0.505263 0.821053 0.821053
