42 0.510204 0.510204 0.775510 0.775510
19 0.493506 0.500000 0.831169 0.830986
2 0.508621 0.508197 0.810345 0.819672
0 0.500000 0.492308 0.802817 0.830769
38 0.491525 0.500000 0.813559 0.806452
21 0.500000 0.506579 0.833333 0.828947
14 0.506849 0.506849 0.821918 0.821918
10 0.509434 0.500000 0.792453 0.807692
36 0.500000 0.491935 0.841270 0.822581
1 0.491525 0.500000 0.813559 0.824561
40 0.500000 0.504808 0.831776 0.817308
24 0.508065 0.500000 0.822581 0.824561
4 0.504717 0.500000 0.820755 0.830189
8 0.509259 0.500000 0.796296 0.818182
11 0.495370 0.494792 0.824074 0.822917
22 0.508475 0.508333 0.813559 0.816667
25 0.500000 0.500000 0.835294 0.837838
6 0.489362 0.490000 0.765957 0.780000
31 0.500000 0.508929 0.827586 0.803571
37 0.500000 0.505263 0.827957 0.821053
26 0.508197 0.500000 0.819672 0.814815
30 0.500000 0.500000 0.822785 0.830986
32 0.513514 0.487500 0.702703 0.725000
23 0.500000 0.506173 0.839080 0.814815
16 0.511905 0.511364 0.738095 0.750000
12 0.500000 0.494048 0.816092 0.821429
34 0.490000 0.500000 0.780000 0.789474
29 0.505319 0.493902 0.819149 0.817073
9 0.508621 0.500000 0.810345 0.800000
5 0.500000 0.500000 0.767442 0.750000
35 0.508772 0.500000 0.807018 0.824561
28 0.506024 0.506494 0.819277 0.831169
13 0.500000 0.506667 0.829268 0.826667
3 0.500000 0.500000 0.791667 0.791667
18 0.500000 0.503817 0.829787 0.824427
33 0.493056 0.500000 0.819444 0.802817
