10 0.514706 0.500000 0.676471 0.705882
18 0.491803 0.500000 0.819672 0.785714
5 0.484375 0.484375 0.656250 0.656250
36 0.516129 0.500000 0.645161 0.677419
13 0.512195 0.512500 0.731707 0.725000
20 0.500000 0.517857 0.629630 0.607143
22 0.512195 0.500000 0.731707 0.722222
24 0.511364 0.500000 0.750000 0.743590
28 0.491803 0.500000 0.819672 0.811321
15 0.517241 0.500000 0.620690 0.677419
12 0.500000 0.500000 0.714286 0.722222
29 0.500000 0.500000 0.729730 0.692308
40 0.500000 0.516667 0.655172 0.633333
41 0.486111 0.500000 0.694444 0.714286
14 0.512821 0.500000 0.717949 0.736842
6 0.517857 0.500000 0.607143 0.642857
30 0.500000 0.500000 0.720930 0.714286
32 0.500000 0.500000 0.655172 0.655172
25 0.508333 0.509259 0.816667 0.796296
7 0.500000 0.513889 0.714286 0.694444
39 0.508621 0.508333 0.810345 0.816667
31 0.513889 0.500000 0.694444 0.687500
42 0.516129 0.500000 0.645161 0.677419
26 0.500000 0.500000 0.647059 0.655172
38 0.500000 0.500000 0.696970 0.714286
3 0.516667 0.516667 0.633333 0.633333
11 0.500000 0.510870 0.764706 0.760870
23 0.500000 0.500000 0.736842 0.705882
16 0.516129 0.500000 0.645161 0.677419
27 0.513889 0.500000 0.694444 0.687500
8 0.500000 0.500000 0.696970 0.696970
9 0.516129 0.516129 0.645161 0.645161
