29 0.500000 0.500000 0.830986 0.841270
4 0.509434 0.500000 0.792453 0.814815
34 0.500000 0.512500 0.743590 0.725000
12 0.490385 0.500000 0.788462 0.800000
6 0.500000 0.500000 0.772727 0.782609
37 0.500000 0.508621 0.824561 0.810345
39 0.488095 0.488372 0.738095 0.744186
2 0.510417 0.500000 0.770833 0.795918
16 0.500000 0.506579 0.833333 0.828947
36 0.500000 0.500000 0.760000 0.791667
19 0.500000 0.490741 0.827586 0.796296
42 0.500000 0.510204 0.791667 0.775510
18 0.500000 0.508065 0.828571 0.822581
9 0.510870 0.500000 0.760870 0.777778
30 0.510638 0.511905 0.765957 0.738095
22 0.500000 0.500000 0.811321 0.772727
5 0.500000 0.500000 0.692308 0.729730
24 0.500000 0.500000 0.823529 0.826087
3 0.500000 0.500000 0.750000 0.750000
7 0.500000 0.500000 0.675676 0.692308
41 0.500000 0.500000 0.767442 0.777778
10 0.490566 0.500000 0.792453 0.755102
32 0.512195 0.500000 0.731707 0.743590
14 0.493750 0.493827 0.812500 0.814815
31 0.508621 0.500000 0.810345 0.781818
38 0.510000 0.507812 0.780000 0.828125
40 0.500000 0.500000 0.818182 0.818182
26 0.508065 0.508333 0.822581 0.816667
25 0.504237 0.504808 0.822034 0.817308
33 0.510417 0.500000 0.770833 0.791667
13 0.500000 0.500000 0.793103 0.796610
8 0.510870 0.500000 0.760870 0.777778
20 0.500000 0.500000 0.800000 0.767442
27 0.500000 0.508197 0.823529 0.819672
