24 0.500000 0.507246 0.842105 0.811594
35 0.491071 0.500000 0.803571 0.821429
13 0.500000 0.509259 0.827586 0.796296
30 0.500000 0.500000 0.825000 0.835616
39 0.500000 0.500000 0.829268 0.837209
11 0.493056 0.500000 0.819444 0.841270
3 0.489362 0.510204 0.765957 0.775510
1 0.500000 0.500000 0.837209 0.831325
34 0.509434 0.509434 0.792453 0.792453
8 0.509804 0.500000 0.784314 0.800000
20 0.510417 0.500000 0.770833 0.777778
27 0.500000 0.500000 0.796610 0.781818
10 0.500000 0.500000 0.833333 0.833333
22 0.506024 0.500000 0.819277 0.835616
40 0.509259 0.508929 0.796296 0.803571
17 0.500000 0.500000 0.750000 0.761905
38 0.500000 0.491935 0.827586 0.822581
2 0.490909 0.490741 0.800000 0.796296
21 0.506849 0.500000 0.821918 0.843750
16 0.500000 0.500000 0.767442 0.767442
29 0.500000 0.500000 0.841270 0.818182
4 0.511628 0.488372 0.744186 0.744186
33 0.500000 0.504673 0.840000 0.822430
26 0.500000 0.511628 0.782609 0.744186
36 0.513889 0.513514 0.694444 0.702703
9 0.500000 0.490909 0.785714 0.800000
23 0.508475 0.500000 0.813559 0.811321
42 0.500000 0.510000 0.787234 0.780000
28 0.500000 0.493333 0.837209 0.826667
6 0.500000 0.500000 0.714286 0.736842
18 0.495283 0.500000 0.820755 0.808511
32 0.500000 0.500000 0.777778 0.777778
31 0.500000 0.510000 0.807692 0.780000
7 0.507143 0.507143 0.814286 0.814286
14 0.500000 0.505376 0.833333 0.817204
