17 0.509804 0.490385 0.784314 0.788462
0 0.505882 0.500000 0.823529 0.809524
16 0.500000 0.509434 0.814815 0.792453
23 0.500000 0.503788 0.827338 0.825758
27 0.500000 0.508621 0.824561 0.810345
30 0.504065 0.500000 0.829268 0.833333
5 0.500000 0.500000 0.791667 0.795918
36 0.500000 0.505882 0.842105 0.823529
25 0.500000 0.500000 0.835749 0.821990
14 0.500000 0.496429 0.833333 0.821429
1 0.500000 0.495726 0.824561 0.820513
39 0.505747 0.500000 0.827586 0.824176
7 0.505208 0.500000 0.822917 0.838384
9 0.500000 0.500000 0.838710 0.833333
41 0.500000 0.500000 0.836066 0.836066
31 0.500000 0.500000 0.827160 0.842105
26 0.500000 0.504167 0.836066 0.825000
29 0.500000 0.500000 0.838384 0.827957
28 0.500000 0.505435 0.835052 0.815217
37 0.500000 0.500000 0.843750 0.841270
42 0.507937 0.500000 0.825397 0.820896
3 0.500000 0.509615 0.803922 0.788462
32 0.500000 0.500000 0.815385 0.835616
40 0.500000 0.500000 0.836735 0.816327
33 0.500000 0.505319 0.837209 0.819149
34 0.504132 0.500000 0.826446 0.832061
11 0.503571 0.500000 0.821429 0.837398
13 0.500000 0.500000 0.820359 0.835616
21 0.503906 0.500000 0.820312 0.839286
4 0.500000 0.500000 0.835616 0.837838
2 0.507042 0.500000 0.816901 0.828571
12 0.500000 0.500000 0.839080 0.824176
20 0.505000 0.505263 0.830000 0.821053
8 0.500000 0.507692 0.841270 0.830769
19 0.505263 0.500000 0.821053 0.840909
15 0.510204 0.500000 0.775510 0.800000
38 0.500000 0.500000 0.841270 0.820896
18 0.495868 0.504505 0.826446 0.828829
