35 0.517241 0.517241 0.620690 0.620690
22 0.511628 0.512500 0.744186 0.725000
11 0.512500 0.500000 0.725000 0.736842
24 0.500000 0.509434 0.814815 0.792453
40 0.500000 0.512195 0.750000 0.731707
16 0.500000 0.500000 0.705882 0.714286
4 0.515625 0.483871 0.656250 0.645161
25 0.500000 0.500000 0.823529 0.843750
39 0.516129 0.516129 0.645161 0.645161
1 0.500000 0.500000 0.655172 0.625000
13 0.500000 0.514286 0.687500 0.685714
36 0.500000 0.500000 0.655172 0.655172
41 0.500000 0.511628 0.756098 0.744186
14 0.500000 0.489583 0.787234 0.770833
31 0.500000 0.500000 0.761905 0.743590
21 0.513889 0.513889 0.694444 0.694444
29 0.500000 0.512195 0.782609 0.731707
19 0.500000 0.500000 0.714286 0.666667
33 0.500000 0.500000 0.705882 0.705882
30 0.510638 0.512195 0.765957 0.731707
3 0.485294 0.500000 0.676471 0.657143
20 0.500000 0.513158 0.743590 0.710526
32 0.500000 0.482143 0.629630 0.607143
34 0.500000 0.500000 0.795918 0.769231
26 0.500000 0.515152 0.705882 0.666667
17 0.500000 0.516667 0.642857 0.633333
10 0.484375 0.484848 0.656250 0.666667
9 0.516667 0.516667 0.633333 0.633333
2 0.490196 0.490000 0.784314 0.780000
8 0.515625 0.515625 0.656250 0.656250
5 0.516667 0.500000 0.633333 0.600000
12 0.500000 0.512821 0.729730 0.717949
6 0.515625 0.514706 0.656250 0.676471
27 0.500000 0.511364 0.720930 0.750000
38 0.487179 0.512195 0.717949 0.731707
15 0.500000 0.500000 0.612903 0.687500
23 0.500000 0.500000 0.824561 0.811321
37 0.515625 0.515625 0.656250 0.656250
0 0.515152 0.500000 0.666667 0.687500
28 0.512821 0.500000 0.717949 0.714286
