6 0.500000 0.500000 0.629630 0.655172
2 0.500000 0.483333 0.600000 0.633333
5 0.515152 0.500000 0.666667 0.687500
20 0.515625 0.500000 0.656250 0.677419
35 0.500000 0.511364 0.767442 0.750000
23 0.510870 0.500000 0.760870 0.761905
36 0.517857 0.500000 0.607143 0.642857
39 0.500000 0.514286 0.705882 0.685714
38 0.516667 0.516667 0.633333 0.633333
30 0.514706 0.500000 0.676471 0.666667
21 0.509434 0.510638 0.792453 0.765957
4 0.500000 0.516129 0.612903 0.645161
7 0.515625 0.515625 0.656250 0.656250
24 0.500000 0.500000 0.743590 0.767442
10 0.515152 0.515152 0.666667 0.666667
40 0.483871 0.485714 0.645161 0.685714
29 0.500000 0.487500 0.720930 0.725000
33 0.509804 0.509615 0.784314 0.788462
25 0.506757 0.506944 0.824324 0.819444
17 0.500000 0.500000 0.629630 0.655172
12 0.514706 0.514706 0.676471 0.676471
11 0.500000 0.500000 0.795918 0.782609
3 0.500000 0.500000 0.666667 0.666667
28 0.500000 0.508929 0.836066 0.803571
9 0.500000 0.500000 0.642857 0.642857
34 0.500000 0.500000 0.677419 0.687500
15 0.512821 0.512821 0.717949 0.717949
13 0.500000 0.500000 0.720930 0.787234
