42 0.500000 0.514706 0.696970 0.676471
9 0.500000 0.514706 0.696970 0.676471
30 0.500000 0.510638 0.807692 0.765957
8 0.500000 0.500000 0.705882 0.705882
19 0.511905 0.500000 0.738095 0.750000
0 0.486486 0.500000 0.702703 0.722222
21 0.500000 0.500000 0.761905 0.743590
20 0.500000 0.511364 0.782609 0.750000
23 0.507937 0.500000 0.825397 0.827586
10 0.500000 0.486111 0.666667 0.694444
31 0.510417 0.511364 0.770833 0.750000
40 0.500000 0.500000 0.795918 0.791667
25 0.505319 0.505952 0.819149 0.821429
18 0.508621 0.509091 0.810345 0.800000
3 0.500000 0.486842 0.692308 0.710526
12 0.500000 0.500000 0.772727 0.761905
29 0.500000 0.510638 0.803922 0.765957
5 0.500000 0.516129 0.677419 0.645161
38 0.500000 0.488636 0.761905 0.750000
2 0.500000 0.490741 0.814815 0.796296
15 0.485294 0.500000 0.676471 0.684211
22 0.500000 0.511111 0.791667 0.755556
4 0.513889 0.485714 0.694444 0.685714
28 0.500000 0.512195 0.772727 0.731707
16 0.500000 0.512195 0.736842 0.731707
35 0.516667 0.500000 0.633333 0.666667
1 0.500000 0.500000 0.729730 0.729730
32 0.515152 0.514286 0.666667 0.685714
34 0.491525 0.500000 0.813559 0.833333
39 0.486111 0.486111 0.694444 0.694444
24 0.507246 0.500000 0.811594 0.830508
6 0.500000 0.513158 0.714286 0.710526
41 0.500000 0.500000 0.777778 0.782609
17 0.515152 0.515152 0.666667 0.666667
11 0.500000 0.500000 0.795918 0.761905
7 0.500000 0.500000 0.750000 0.750000
14 0.500000 0.500000 0.821429 0.824561
