27 0.500000 0.494898 0.834862 0.826531
39 0.500000 0.509259 0.807692 0.796296
1 0.508197 0.500000 0.819672 0.824561
20 0.500000 0.509615 0.830508 0.788462
35 0.508772 0.508772 0.807018 0.807018
5 0.511905 0.511905 0.738095 0.738095
31 0.506849 0.500000 0.821918 0.823529
34 0.510870 0.510870 0.760870 0.760870
9 0.506757 0.506849 0.824324 0.821918
32 0.509434 0.500000 0.792453 0.800000
24 0.500000 0.506849 0.835616 0.821918
22 0.492188 0.500000 0.828125 0.827586
18 0.505747 0.500000 0.827586 0.820513
33 0.506494 0.506173 0.831169 0.814815
11 0.500000 0.500000 0.815126 0.821429
0 0.509434 0.500000 0.792453 0.814815
10 0.500000 0.507692 0.825000 0.830769
42 0.500000 0.500000 0.825000 0.840000
26 0.505682 0.500000 0.829545 0.837209
17 0.500000 0.500000 0.772727 0.777778
13 0.494845 0.500000 0.824742 0.808511
7 0.500000 0.500000 0.761905 0.750000
29 0.504464 0.500000 0.830357 0.840000
36 0.500000 0.507143 0.820896 0.814286
25 0.496732 0.500000 0.823529 0.838235
37 0.500000 0.505952 0.831325 0.821429
23 0.500000 0.500000 0.828571 0.837500
16 0.500000 0.504202 0.830508 0.823529
2 0.500000 0.505882 0.833333 0.823529
3 0.500000 0.500000 0.795918 0.760000
40 0.506667 0.506667 0.826667 0.826667
14 0.500000 0.503472 0.833333 0.826389
30 0.500000 0.511111 0.803922 0.755556
4 0.500000 0.507937 0.833333 0.825397
38 0.500000 0.500000 0.837838 0.814433
19 0.500000 0.500000 0.823529 0.822222
28 0.505952 0.506757 0.821429 0.824324
