39 0.500000 0.512500 0.743590 0.725000
38 0.514286 0.500000 0.685714 0.714286
20 0.514286 0.500000 0.685714 0.687500
8 0.514286 0.513889 0.685714 0.694444
22 0.513158 0.500000 0.710526 0.736842
33 0.500000 0.500000 0.826087 0.800000
28 0.489130 0.500000 0.760870 0.787234
23 0.500000 0.500000 0.743590 0.736842
17 0.500000 0.514706 0.696970 0.676471
10 0.514286 0.500000 0.685714 0.705882
24 0.500000 0.500000 0.612903 0.600000
19 0.486111 0.514706 0.694444 0.676471
14 0.500000 0.509091 0.814815 0.800000
25 0.513889 0.486486 0.694444 0.702703
4 0.500000 0.509259 0.811321 0.796296
3 0.513889 0.500000 0.694444 0.714286
40 0.500000 0.500000 0.841270 0.841270
5 0.500000 0.515152 0.636364 0.666667
32 0.516667 0.515625 0.633333 0.656250
42 0.500000 0.500000 0.655172 0.655172
12 0.500000 0.500000 0.807692 0.811321
41 0.500000 0.515625 0.666667 0.656250
36 0.513514 0.500000 0.702703 0.722222
29 0.500000 0.500000 0.756098 0.729730
37 0.489796 0.500000 0.775510 0.795918
27 0.500000 0.484848 0.705882 0.666667
7 0.512195 0.512195 0.731707 0.731707
34 0.500000 0.485714 0.647059 0.685714
13 0.484848 0.500000 0.666667 0.696970
35 0.515625 0.515625 0.656250 0.656250
15 0.500000 0.516129 0.666667 0.645161
18 0.500000 0.505882 0.827957 0.823529
30 0.511905 0.513158 0.738095 0.710526
9 0.515152 0.500000 0.666667 0.687500
