39 0.500000 0.514706 0.696970 0.676471
12 0.500000 0.500000 0.787234 0.777778
17 0.516667 0.516667 0.633333 0.633333
32 0.500000 0.516667 0.642857 0.633333
19 0.514286 0.515625 0.685714 0.656250
27 0.516129 0.482759 0.645161 0.620690
31 0.514286 0.514706 0.685714 0.676471
7 0.500000 0.513889 0.714286 0.694444
37 0.487805 0.511628 0.731707 0.744186
4 0.510870 0.500000 0.760870 0.777778
42 0.500000 0.517857 0.586207 0.607143
35 0.500000 0.517241 0.642857 0.620690
33 0.500000 0.507353 0.823529 0.808824
10 0.515152 0.515152 0.666667 0.666667
28 0.500000 0.511905 0.707317 0.738095
26 0.512821 0.513889 0.717949 0.694444
13 0.516129 0.500000 0.645161 0.677419
5 0.500000 0.482143 0.600000 0.607143
9 0.517241 0.500000 0.620690 0.600000
24 0.517857 0.480769 0.607143 0.576923
30 0.514706 0.515152 0.676471 0.666667
25 0.486111 0.500000 0.694444 0.657143
21 0.500000 0.500000 0.696970 0.677419
0 0.515625 0.516667 0.656250 0.633333
36 0.515152 0.500000 0.666667 0.687500
16 0.517241 0.500000 0.620690 0.642857
29 0.513889 0.515152 0.694444 0.666667
23 0.514706 0.500000 0.676471 0.687500
18 0.500000 0.500000 0.829268 0.840000
14 0.500000 0.509434 0.777778 0.792453
6 0.500000 0.517241 0.615385 0.620690
2 0.516129 0.500000 0.645161 0.625000
