24 0.500000 0.508929 0.836066 0.803571
14 0.507812 0.500000 0.828125 0.838710
10 0.500000 0.500000 0.791667 0.791667
33 0.500000 0.506173 0.840000 0.814815
25 0.505952 0.506667 0.821429 0.826667
18 0.505952 0.493243 0.821429 0.824324
15 0.513514 0.512500 0.702703 0.725000
7 0.500000 0.500000 0.803922 0.803922
9 0.511628 0.488095 0.744186 0.738095
34 0.500000 0.511628 0.761905 0.744186
11 0.500000 0.491228 0.809524 0.807018
21 0.500000 0.500000 0.814815 0.795918
32 0.486842 0.500000 0.710526 0.729730
42 0.500000 0.512500 0.736842 0.725000
27 0.500000 0.488889 0.791667 0.755556
26 0.500000 0.513158 0.714286 0.710526
6 0.484848 0.500000 0.666667 0.647059
5 0.511905 0.500000 0.738095 0.756098
30 0.508065 0.500000 0.822581 0.824561
16 0.500000 0.500000 0.722222 0.729730
8 0.511628 0.511628 0.744186 0.744186
4 0.500000 0.500000 0.729730 0.729730
20 0.500000 0.514286 0.705882 0.685714
12 0.510204 0.489583 0.775510 0.770833
39 0.493151 0.500000 0.821918 0.840000
41 0.500000 0.511111 0.767442 0.755556
23 0.500000 0.510870 0.803922 0.760870
28 0.506579 0.500000 0.828947 0.815385
35 0.500000 0.511628 0.756098 0.744186
29 0.500000 0.500000 0.773585 0.811321
3 0.512821 0.500000 0.717949 0.743590
36 0.514706 0.514286 0.676471 0.685714
2 0.510638 0.500000 0.765957 0.777778
1 0.506757 0.507042 0.824324 0.816901
40 0.512195 0.511628 0.731707 0.744186
31 0.511111 0.500000 0.755556 0.756098
38 0.500000 0.510417 0.787234 0.770833
