5 0.500000 0.515625 0.666667 0.656250
21 0.511905 0.512821 0.738095 0.717949
22 0.500000 0.486111 0.743590 0.694444
33 0.514286 0.485294 0.685714 0.676471
38 0.500000 0.500000 0.722222 0.772727
39 0.500000 0.485294 0.677419 0.676471
27 0.500000 0.500000 0.782609 0.772727
1 0.500000 0.487179 0.736842 0.717949
29 0.500000 0.500000 0.750000 0.733333
8 0.500000 0.500000 0.666667 0.675676
36 0.513514 0.486842 0.702703 0.710526
9 0.515152 0.515152 0.666667 0.666667
0 0.500000 0.513889 0.714286 0.694444
40 0.500000 0.500000 0.707317 0.707317
30 0.512821 0.513889 0.717949 0.694444
11 0.500000 0.500000 0.820896 0.841270
4 0.510870 0.510870 0.760870 0.760870
14 0.500000 0.500000 0.739130 0.772727
32 0.500000 0.515152 0.696970 0.666667
28 0.500000 0.500000 0.739130 0.750000
16 0.500000 0.509434 0.800000 0.792453
12 0.500000 0.500000 0.729730 0.729730
23 0.494186 0.500000 0.825581 0.804878
25 0.506250 0.506849 0.812500 0.821918
7 0.500000 0.516129 0.666667 0.645161
18 0.500000 0.510000 0.814815 0.780000
20 0.500000 0.486486 0.756098 0.702703
6 0.500000 0.513158 0.722222 0.710526
2 0.500000 0.514706 0.696970 0.676471
24 0.508065 0.507812 0.822581 0.828125
35 0.500000 0.500000 0.687500 0.677419
26 0.489796 0.500000 0.775510 0.782609
13 0.500000 0.512195 0.743590 0.731707
3 0.514706 0.514706 0.676471 0.676471
41 0.515625 0.500000 0.656250 0.696970
