6 0.509804 0.510000 0.784314 0.780000
28 0.509091 0.500000 0.800000 0.800000
40 0.500000 0.506173 0.822785 0.814815
36 0.511628 0.510870 0.744186 0.760870
15 0.500000 0.490196 0.795918 0.784314
35 0.510638 0.500000 0.765957 0.787234
31 0.508197 0.509259 0.819672 0.796296
4 0.505882 0.500000 0.823529 0.809524
29 0.500000 0.508621 0.800000 0.810345
0 0.493827 0.500000 0.814815 0.835294
7 0.500000 0.508929 0.818182 0.803571
38 0.511111 0.500000 0.755556 0.787234
23 0.509804 0.510204 0.784314 0.775510
32 0.500000 0.509804 0.764706 0.784314
33 0.500000 0.500000 0.814815 0.824561
17 0.517241 0.500000 0.620690 0.642857
1 0.500000 0.500000 0.743590 0.743590
11 0.500000 0.506757 0.840000 0.824324
41 0.500000 0.500000 0.767442 0.739130
12 0.515152 0.517857 0.666667 0.607143
25 0.491071 0.500000 0.803571 0.760000
34 0.506494 0.506494 0.831169 0.831169
27 0.508197 0.508621 0.819672 0.810345
30 0.506250 0.507042 0.812500 0.816901
18 0.500000 0.500000 0.828125 0.837838
16 0.500000 0.500000 0.791667 0.791667
37 0.511364 0.500000 0.750000 0.733333
5 0.510417 0.500000 0.770833 0.795918
8 0.500000 0.510638 0.787234 0.765957
24 0.507812 0.508197 0.828125 0.819672
20 0.500000 0.512195 0.750000 0.731707
21 0.510204 0.511364 0.775510 0.750000
3 0.510204 0.510204 0.775510 0.775510
10 0.500000 0.500000 0.750000 0.756098
