17 0.513514 0.512821 0.702703 0.717949
7 0.500000 0.509259 0.811321 0.796296
29 0.500000 0.509434 0.773585 0.792453
15 0.513158 0.511905 0.710526 0.738095
33 0.500000 0.505952 0.804878 0.821429
14 0.507143 0.507246 0.814286 0.811594
11 0.500000 0.491379 0.812500 0.810345
40 0.511628 0.511111 0.744186 0.755556
9 0.511111 0.500000 0.755556 0.761905
32 0.512500 0.500000 0.725000 0.743590
4 0.512821 0.500000 0.717949 0.736842
16 0.513158 0.500000 0.710526 0.736842
36 0.513889 0.513158 0.694444 0.710526
10 0.500000 0.509804 0.800000 0.784314
25 0.500000 0.506579 0.816092 0.828947
3 0.500000 0.512195 0.743590 0.731707
30 0.507812 0.500000 0.828125 0.830508
34 0.511364 0.500000 0.750000 0.767442
18 0.505882 0.500000 0.823529 0.815789
27 0.510000 0.500000 0.780000 0.777778
26 0.511905 0.512821 0.738095 0.717949
1 0.500000 0.500000 0.840000 0.833333
2 0.500000 0.500000 0.787234 0.782609
12 0.509804 0.500000 0.784314 0.764706
20 0.513158 0.500000 0.710526 0.722222
24 0.507692 0.508621 0.830769 0.810345
42 0.500000 0.500000 0.743590 0.750000
39 0.500000 0.493506 0.813333 0.831169
28 0.506494 0.492308 0.831169 0.830769
35 0.500000 0.500000 0.733333 0.733333
8 0.500000 0.511111 0.772727 0.755556
41 0.510870 0.510870 0.760870 0.760870
31 0.510638 0.500000 0.765957 0.767442
13 0.500000 0.489583 0.807692 0.770833
22 0.500000 0.500000 0.833333 0.800000
6 0.500000 0.514706 0.696970 0.676471
