35 0.510417 0.500000 0.770833 0.782609
21 0.509434 0.500000 0.792453 0.782609
33 0.509434 0.509259 0.792453 0.796296
13 0.510870 0.500000 0.760870 0.807692
8 0.514286 0.500000 0.685714 0.705882
9 0.500000 0.500000 0.642857 0.642857
5 0.513889 0.513889 0.694444 0.694444
31 0.500000 0.512500 0.750000 0.725000
18 0.500000 0.500000 0.830508 0.807692
25 0.500000 0.500000 0.831325 0.822785
1 0.500000 0.510204 0.777778 0.775510
23 0.510638 0.500000 0.765957 0.767442
38 0.500000 0.500000 0.655172 0.612903
17 0.518519 0.500000 0.592593 0.666667
34 0.500000 0.514286 0.687500 0.685714
24 0.500000 0.500000 0.761905 0.777778
40 0.513158 0.513158 0.710526 0.710526
29 0.500000 0.511628 0.744681 0.744186
30 0.500000 0.514706 0.722222 0.676471
20 0.500000 0.514286 0.705882 0.685714
3 0.514286 0.514286 0.685714 0.685714
2 0.516667 0.483871 0.633333 0.645161
16 0.500000 0.492063 0.812500 0.825397
6 0.517241 0.516129 0.620690 0.645161
12 0.513514 0.513514 0.702703 0.702703
36 0.516129 0.500000 0.645161 0.687500
7 0.514706 0.500000 0.676471 0.705882
39 0.514286 0.500000 0.685714 0.705882
