1 0.507937 0.507812 0.825397 0.828125
5 0.511905 0.500000 0.738095 0.756098
18 0.505814 0.506098 0.825581 0.817073
3 0.500000 0.510638 0.782609 0.765957
40 0.493243 0.500000 0.824324 0.828571
4 0.500000 0.489583 0.782609 0.770833
21 0.500000 0.507692 0.830986 0.830769
24 0.500000 0.500000 0.838384 0.826087
41 0.508929 0.500000 0.803571 0.821429
19 0.500000 0.500000 0.812500 0.803279
25 0.496575 0.500000 0.828767 0.828125
30 0.505618 0.506579 0.831461 0.828947
20 0.500000 0.507812 0.820896 0.828125
14 0.500000 0.494681 0.827957 0.819149
7 0.500000 0.500000 0.830508 0.830508
16 0.510417 0.510417 0.770833 0.770833
28 0.507246 0.507937 0.811594 0.825397
35 0.512821 0.500000 0.717949 0.750000
34 0.494318 0.494792 0.829545 0.822917
0 0.491379 0.491228 0.810345 0.807018
31 0.500000 0.500000 0.836066 0.800000
38 0.500000 0.490741 0.773585 0.796296
26 0.506849 0.507246 0.821918 0.811594
11 0.500000 0.500000 0.831325 0.837838
9 0.510638 0.500000 0.765957 0.782609
33 0.508333 0.507937 0.816667 0.825397
17 0.487805 0.500000 0.731707 0.756098
36 0.500000 0.500000 0.803922 0.803922
10 0.488095 0.488372 0.738095 0.744186
37 0.510204 0.510000 0.775510 0.780000
42 0.510204 0.510204 0.775510 0.775510
22 0.500000 0.508333 0.823529 0.816667
13 0.500000 0.500000 0.830189 0.831579
8 0.500000 0.509615 0.795918 0.788462
39 0.500000 0.500000 0.814815 0.818182
6 0.500000 0.500000 0.800000 0.807692
12 0.500000 0.500000 0.830508 0.830508
15 0.500000 0.511364 0.750000 0.750000
