14 0.500000 0.500000 0.789474 0.789474
37 0.500000 0.500000 0.837209 0.835294
5 0.500000 0.512500 0.736842 0.725000
28 0.500000 0.500000 0.835294 0.842105
21 0.500000 0.510204 0.814815 0.775510
3 0.510000 0.509615 0.780000 0.788462
29 0.500000 0.508475 0.841270 0.813559
39 0.500000 0.500000 0.810811 0.822785
27 0.500000 0.507246 0.837838 0.811594
10 0.511628 0.512195 0.744186 0.731707
16 0.500000 0.510638 0.782609 0.765957
11 0.503448 0.500000 0.827586 0.830769
24 0.492754 0.500000 0.811594 0.838710
7 0.500000 0.506494 0.833333 0.831169
32 0.500000 0.509615 0.811321 0.788462
8 0.490385 0.500000 0.788462 0.764706
19 0.505882 0.500000 0.823529 0.823529
9 0.491935 0.507812 0.822581 0.828125
0 0.508475 0.508475 0.813559 0.813559
33 0.500000 0.492188 0.843750 0.828125
36 0.500000 0.507692 0.843750 0.830769
2 0.500000 0.500000 0.743590 0.720930
34 0.508929 0.500000 0.803571 0.803922
22 0.506849 0.500000 0.821918 0.828571
15 0.508621 0.500000 0.810345 0.826087
26 0.500000 0.500000 0.767442 0.743590
4 0.491228 0.500000 0.807018 0.827586
12 0.500000 0.500000 0.835616 0.818182
25 0.506667 0.507246 0.826667 0.811594
35 0.500000 0.500000 0.772727 0.777778
31 0.500000 0.506944 0.842105 0.819444
42 0.500000 0.500000 0.743590 0.743590
40 0.491935 0.491935 0.822581 0.822581
18 0.500000 0.500000 0.830508 0.818182
1 0.491667 0.500000 0.816667 0.830508
20 0.508197 0.500000 0.819672 0.796610
