23 0.483871 0.516667 0.645161 0.633333
35 0.500000 0.517241 0.642857 0.620690
42 0.515152 0.500000 0.666667 0.687500
4 0.500000 0.500000 0.772727 0.772727
38 0.516667 0.500000 0.633333 0.655172
39 0.482143 0.482143 0.607143 0.607143
2 0.516667 0.516129 0.633333 0.645161
27 0.512195 0.513158 0.731707 0.710526
22 0.500000 0.517857 0.666667 0.607143
20 0.516129 0.516129 0.645161 0.645161
13 0.500000 0.500000 0.677419 0.571429
9 0.518519 0.518519 0.592593 0.592593
3 0.500000 0.500000 0.677419 0.677419
29 0.512821 0.512821 0.717949 0.717949
15 0.500000 0.500000 0.655172 0.625000
16 0.500000 0.500000 0.629630 0.629630
28 0.515152 0.516129 0.666667 0.645161
41 0.500000 0.517857 0.629630 0.607143
25 0.512821 0.513514 0.717949 0.702703
10 0.500000 0.500000 0.629630 0.586207
37 0.500000 0.500000 0.615385 0.629630
12 0.517241 0.519231 0.620690 0.576923
17 0.500000 0.500000 0.707317 0.727273
18 0.500000 0.500000 0.841270 0.824561
33 0.500000 0.500000 0.629630 0.642857
0 0.500000 0.500000 0.821429 0.833333
5 0.518519 0.518519 0.592593 0.592593
36 0.517241 0.516667 0.620690 0.633333
6 0.516129 0.516129 0.645161 0.645161
1 0.511628 0.500000 0.744186 0.761905
26 0.513158 0.514706 0.710526 0.676471
14 0.486842 0.512500 0.710526 0.725000
31 0.500000 0.515625 0.705882 0.656250
34 0.500000 0.509615 0.803922 0.788462
8 0.517241 0.482759 0.620690 0.620690
