35 0.500000 0.509091 0.814815 0.800000
28 0.500000 0.507937 0.826087 0.825397
14 0.500000 0.500000 0.836066 0.838710
1 0.506849 0.500000 0.821918 0.833333
36 0.500000 0.500000 0.811321 0.811321
22 0.509434 0.500000 0.792453 0.795918
6 0.509804 0.490385 0.784314 0.788462
27 0.500000 0.509434 0.818182 0.792453
30 0.500000 0.500000 0.782609 0.782609
17 0.510204 0.490196 0.775510 0.784314
34 0.500000 0.500000 0.714286 0.736842
4 0.508772 0.500000 0.807018 0.827586
41 0.500000 0.500000 0.777778 0.807692
25 0.512500 0.500000 0.725000 0.736842
2 0.500000 0.500000 0.772727 0.777778
16 0.495536 0.500000 0.830357 0.823009
20 0.500000 0.489130 0.807692 0.760870
5 0.500000 0.508475 0.827586 0.813559
0 0.500000 0.500000 0.823529 0.808219
24 0.506757 0.507692 0.824324 0.830769
8 0.500000 0.500000 0.767442 0.767442
26 0.508621 0.509259 0.810345 0.796296
21 0.509259 0.509615 0.796296 0.788462
23 0.500000 0.500000 0.814815 0.795918
38 0.506944 0.505682 0.819444 0.829545
39 0.513158 0.500000 0.710526 0.729730
42 0.510870 0.510870 0.760870 0.760870
40 0.500000 0.506944 0.833333 0.819444
33 0.500000 0.500000 0.827586 0.830508
29 0.500000 0.509804 0.818182 0.784314
32 0.500000 0.510417 0.777778 0.770833
3 0.507353 0.500000 0.808824 0.830986
11 0.500000 0.500000 0.787234 0.767442
7 0.500000 0.508621 0.824561 0.810345
31 0.509259 0.509615 0.796296 0.788462
12 0.493056 0.492857 0.819444 0.814286
