42 0.500000 0.507246 0.841270 0.811594
16 0.500000 0.509259 0.781818 0.796296
38 0.500000 0.504673 0.836735 0.822430
41 0.507937 0.507692 0.825397 0.830769
34 0.500000 0.507353 0.820896 0.808824
17 0.500000 0.509615 0.791667 0.788462
40 0.500000 0.500000 0.824176 0.840000
29 0.505102 0.500000 0.826531 0.835052
28 0.500000 0.505319 0.831776 0.819149
12 0.505682 0.500000 0.829545 0.835294
2 0.506757 0.500000 0.824324 0.830986
35 0.505051 0.500000 0.828283 0.820000
30 0.500000 0.504032 0.837037 0.830645
15 0.500000 0.500000 0.777778 0.800000
1 0.504673 0.500000 0.822430 0.826923
26 0.500000 0.509434 0.789474 0.792453
21 0.500000 0.504425 0.826772 0.831858
20 0.504717 0.500000 0.820755 0.840000
3 0.500000 0.500000 0.823529 0.828571
10 0.500000 0.500000 0.831776 0.831776
33 0.500000 0.500000 0.818182 0.827815
11 0.505814 0.506250 0.825581 0.812500
4 0.500000 0.490566 0.773585 0.792453
8 0.500000 0.508065 0.836066 0.822581
9 0.505000 0.504630 0.830000 0.824074
7 0.503846 0.503788 0.823077 0.825758
22 0.503106 0.500000 0.832298 0.836735
18 0.500000 0.503788 0.837838 0.825758
25 0.504132 0.500000 0.826446 0.811966
32 0.507143 0.500000 0.814286 0.820896
23 0.500000 0.500000 0.825000 0.830986
5 0.500000 0.500000 0.833333 0.843750
36 0.500000 0.512500 0.736842 0.725000
13 0.492857 0.492063 0.814286 0.825397
