10 0.500000 0.500000 0.756098 0.756098
23 0.500000 0.500000 0.777778 0.750000
16 0.485294 0.500000 0.676471 0.705882
31 0.500000 0.500000 0.736842 0.722222
2 0.500000 0.500000 0.756098 0.750000
27 0.500000 0.500000 0.756098 0.700000
15 0.500000 0.513514 0.705882 0.702703
24 0.500000 0.510204 0.807692 0.775510
33 0.500000 0.507937 0.806452 0.825397
7 0.500000 0.512500 0.743590 0.725000
42 0.500000 0.513889 0.705882 0.694444
5 0.512821 0.512821 0.717949 0.717949
29 0.500000 0.500000 0.767442 0.772727
1 0.500000 0.507812 0.843750 0.828125
6 0.500000 0.515625 0.666667 0.656250
14 0.509804 0.510000 0.784314 0.780000
20 0.500000 0.500000 0.666667 0.666667
34 0.500000 0.500000 0.729730 0.729730
11 0.491071 0.500000 0.803571 0.773585
12 0.487500 0.488095 0.725000 0.738095
26 0.500000 0.514286 0.729730 0.685714
39 0.500000 0.507246 0.843750 0.811594
40 0.513158 0.513158 0.710526 0.710526
36 0.514706 0.514286 0.676471 0.685714
9 0.513514 0.513889 0.702703 0.694444
38 0.512195 0.500000 0.731707 0.720930
17 0.500000 0.513889 0.696970 0.694444
35 0.513514 0.486486 0.702703 0.702703
22 0.509615 0.489796 0.788462 0.775510
25 0.493421 0.500000 0.828947 0.830986
28 0.500000 0.500000 0.800000 0.800000
18 0.506667 0.500000 0.826667 0.818182
30 0.500000 0.510000 0.811321 0.780000
8 0.500000 0.500000 0.743590 0.743590
