35 0.513889 0.486486 0.694444 0.702703
31 0.489130 0.500000 0.760870 0.727273
26 0.486842 0.513514 0.710526 0.702703
13 0.512195 0.500000 0.731707 0.743590
6 0.515152 0.500000 0.666667 0.657143
7 0.500000 0.514706 0.687500 0.676471
17 0.500000 0.500000 0.714286 0.736842
34 0.513158 0.513158 0.710526 0.710526
12 0.512821 0.487179 0.717949 0.717949
1 0.513158 0.513514 0.710526 0.702703
3 0.500000 0.500000 0.714286 0.714286
14 0.512821 0.512500 0.717949 0.725000
18 0.514286 0.500000 0.685714 0.705882
30 0.508621 0.500000 0.810345 0.807692
40 0.500000 0.500000 0.705882 0.657143
25 0.500000 0.500000 0.714286 0.714286
33 0.500000 0.500000 0.835294 0.835294
10 0.500000 0.500000 0.736842 0.736842
20 0.512500 0.512500 0.725000 0.725000
8 0.500000 0.500000 0.722222 0.722222
28 0.510417 0.511905 0.770833 0.738095
16 0.485294 0.485714 0.676471 0.685714
15 0.510417 0.500000 0.770833 0.787234
23 0.510638 0.511364 0.765957 0.750000
21 0.511111 0.500000 0.755556 0.767442
9 0.500000 0.512195 0.743590 0.731707
39 0.500000 0.500000 0.687500 0.705882
