21 0.500000 0.492647 0.805556 0.808824
15 0.509434 0.500000 0.792453 0.777778
9 0.500000 0.500000 0.807692 0.795918
10 0.510000 0.509804 0.780000 0.784314
40 0.509615 0.509615 0.788462 0.788462
12 0.500000 0.500000 0.777778 0.803922
6 0.509615 0.500000 0.788462 0.807692
33 0.500000 0.500000 0.812500 0.823529
16 0.505000 0.505000 0.830000 0.830000
32 0.500000 0.500000 0.791667 0.791667
13 0.500000 0.509804 0.781818 0.784314
8 0.500000 0.500000 0.787234 0.800000
23 0.509434 0.500000 0.792453 0.769231
5 0.509804 0.500000 0.784314 0.803922
35 0.500000 0.500000 0.820896 0.826087
25 0.500000 0.507042 0.830986 0.816901
22 0.500000 0.491935 0.828571 0.822581
29 0.500000 0.500000 0.795918 0.827160
38 0.490741 0.500000 0.796296 0.811321
19 0.504505 0.505155 0.828829 0.824742
30 0.500000 0.508475 0.826087 0.813559
31 0.506250 0.500000 0.812500 0.830986
17 0.516667 0.500000 0.633333 0.696970
34 0.500000 0.500000 0.818182 0.843750
14 0.500000 0.500000 0.833333 0.833333
36 0.509259 0.509259 0.796296 0.796296
4 0.500000 0.500000 0.843750 0.843750
42 0.500000 0.490000 0.760000 0.780000
39 0.500000 0.496183 0.830769 0.824427
7 0.500000 0.500000 0.803922 0.764706
37 0.510870 0.510870 0.760870 0.760870
27 0.494737 0.505618 0.821053 0.831461
1 0.500000 0.500000 0.829268 0.829268
11 0.508772 0.500000 0.807018 0.811321
18 0.500000 0.500000 0.677419 0.586207
41 0.500000 0.500000 0.800000 0.807692
3 0.489583 0.489796 0.770833 0.775510
