21 0.512500 0.512821 0.725000 0.717949
42 0.500000 0.500000 0.625000 0.625000
19 0.500000 0.508065 0.835616 0.822581
29 0.515625 0.511628 0.656250 0.744186
8 0.512500 0.512821 0.725000 0.717949
39 0.505747 0.500000 0.827586 0.837209
26 0.515152 0.500000 0.666667 0.687500
16 0.500000 0.508333 0.827586 0.816667
22 0.500000 0.486842 0.692308 0.710526
0 0.515152 0.500000 0.666667 0.647059
33 0.500000 0.517241 0.629630 0.620690
24 0.500000 0.517241 0.677419 0.620690
6 0.500000 0.514706 0.687500 0.676471
30 0.515152 0.500000 0.666667 0.655172
27 0.509434 0.490000 0.792453 0.780000
10 0.512500 0.512195 0.725000 0.731707
35 0.500000 0.500000 0.714286 0.714286
2 0.500000 0.500000 0.729730 0.696970
7 0.516667 0.500000 0.633333 0.655172
41 0.484375 0.500000 0.656250 0.677419
20 0.516129 0.517857 0.645161 0.607143
23 0.517241 0.500000 0.620690 0.642857
40 0.487500 0.500000 0.725000 0.684211
9 0.500000 0.500000 0.714286 0.714286
5 0.500000 0.500000 0.687500 0.696970
28 0.486842 0.486486 0.710526 0.702703
4 0.500000 0.500000 0.772727 0.772727
15 0.500000 0.500000 0.761905 0.772727
32 0.500000 0.517241 0.642857 0.620690
34 0.515625 0.486486 0.656250 0.702703
18 0.500000 0.500000 0.642857 0.615385
37 0.500000 0.500000 0.736842 0.736842
3 0.500000 0.500000 0.600000 0.600000
1 0.500000 0.500000 0.824561 0.830508
