18 0.500000 0.517241 0.666667 0.620690
19 0.500000 0.500000 0.836066 0.816514
24 0.500000 0.500000 0.842105 0.826087
13 0.500000 0.500000 0.833333 0.827586
9 0.509091 0.509615 0.800000 0.788462
1 0.494624 0.500000 0.817204 0.808511
2 0.500000 0.507042 0.833333 0.816901
39 0.500000 0.500000 0.834483 0.837838
0 0.506579 0.506579 0.828947 0.828947
31 0.505319 0.500000 0.819149 0.831325
20 0.500000 0.500000 0.842105 0.826087
30 0.505208 0.506024 0.822917 0.819277
17 0.500000 0.514286 0.666667 0.685714
41 0.507692 0.507692 0.830769 0.830769
16 0.500000 0.504098 0.837398 0.827869
5 0.508621 0.500000 0.810345 0.830508
15 0.500000 0.500000 0.818182 0.789474
12 0.500000 0.491525 0.773585 0.813559
34 0.507812 0.493243 0.828125 0.824324
22 0.500000 0.500000 0.839080 0.842105
26 0.505747 0.500000 0.827586 0.822785
35 0.500000 0.500000 0.822785 0.827160
23 0.507246 0.492063 0.811594 0.825397
42 0.500000 0.500000 0.811321 0.814815
25 0.505814 0.500000 0.825581 0.831325
6 0.500000 0.508475 0.818182 0.813559
37 0.490000 0.489796 0.780000 0.775510
14 0.500000 0.500000 0.829060 0.829060
7 0.500000 0.500000 0.823529 0.815385
8 0.509804 0.509259 0.784314 0.796296
36 0.500000 0.500000 0.814815 0.814815
4 0.500000 0.506944 0.830986 0.819444
33 0.493333 0.500000 0.826667 0.804878
3 0.500000 0.508772 0.818182 0.807018
10 0.509434 0.509091 0.792453 0.800000
27 0.504310 0.504717 0.818966 0.820755
