40 0.507246 0.492754 0.811594 0.811594
2 0.500000 0.500000 0.736842 0.743590
24 0.510638 0.510000 0.765957 0.780000
16 0.500000 0.500000 0.840000 0.837838
22 0.510870 0.500000 0.760870 0.761905
15 0.500000 0.510204 0.791667 0.775510
23 0.500000 0.500000 0.823529 0.836066
12 0.500000 0.500000 0.791667 0.795918
34 0.500000 0.511364 0.761905 0.750000
29 0.500000 0.508475 0.815385 0.813559
21 0.506944 0.508475 0.819444 0.813559
6 0.514286 0.512821 0.685714 0.717949
26 0.500000 0.510870 0.800000 0.760870
8 0.500000 0.511628 0.761905 0.744186
25 0.504237 0.500000 0.822034 0.833333
5 0.510417 0.510417 0.770833 0.770833
10 0.511111 0.511111 0.755556 0.755556
4 0.511905 0.500000 0.738095 0.727273
28 0.500000 0.493902 0.808511 0.817073
9 0.486111 0.500000 0.694444 0.714286
3 0.511111 0.511111 0.755556 0.755556
17 0.500000 0.500000 0.655172 0.677419
35 0.500000 0.500000 0.836066 0.830508
13 0.509091 0.500000 0.800000 0.833333
14 0.500000 0.509091 0.787234 0.800000
7 0.500000 0.511905 0.743590 0.738095
39 0.511905 0.500000 0.738095 0.756098
33 0.500000 0.507353 0.820896 0.808824
38 0.500000 0.515152 0.647059 0.666667
18 0.506757 0.500000 0.824324 0.843750
20 0.512500 0.512500 0.725000 0.725000
