34 0.510000 0.500000 0.780000 0.782609
28 0.500000 0.505155 0.833333 0.824742
9 0.504202 0.495726 0.823529 0.820513
21 0.504310 0.500000 0.818966 0.840909
39 0.500000 0.500000 0.830508 0.833333
6 0.506579 0.500000 0.828947 0.825000
40 0.494737 0.500000 0.821053 0.829787
25 0.497354 0.500000 0.825397 0.836257
26 0.500000 0.500000 0.837838 0.829060
36 0.505435 0.494737 0.815217 0.821053
10 0.504673 0.500000 0.822430 0.835294
32 0.508197 0.500000 0.819672 0.827586
15 0.500000 0.500000 0.835052 0.829268
41 0.500000 0.505952 0.827160 0.821429
17 0.509615 0.509434 0.788462 0.792453
18 0.500000 0.494565 0.838384 0.815217
38 0.500000 0.496094 0.838384 0.820312
42 0.504032 0.500000 0.830645 0.830508
33 0.504310 0.504202 0.818966 0.823529
14 0.500000 0.500000 0.834197 0.821990
30 0.500000 0.500000 0.811321 0.782609
11 0.496241 0.500000 0.827068 0.828125
35 0.506579 0.500000 0.828947 0.842105
4 0.507143 0.506944 0.814286 0.819444
7 0.510638 0.500000 0.765957 0.767442
27 0.503185 0.500000 0.828025 0.818182
16 0.500000 0.502976 0.835294 0.827381
23 0.504425 0.500000 0.840708 0.830986
24 0.500000 0.506849 0.835616 0.821918
22 0.505882 0.506173 0.823529 0.814815
3 0.500000 0.490909 0.811321 0.800000
1 0.500000 0.500000 0.830986 0.820896
31 0.505814 0.500000 0.825581 0.825000
5 0.511111 0.511111 0.755556 0.755556
12 0.500000 0.500000 0.831579 0.833333
19 0.500000 0.500000 0.827815 0.835821
