17 0.516129 0.515152 0.645161 0.666667
5 0.500000 0.500000 0.843750 0.843750
34 0.500000 0.508929 0.811321 0.803571
35 0.500000 0.500000 0.818182 0.835616
12 0.500000 0.500000 0.828571 0.835616
24 0.510000 0.500000 0.780000 0.803922
25 0.496835 0.503378 0.829114 0.831081
4 0.508475 0.500000 0.813559 0.827586
14 0.508333 0.500000 0.816667 0.808219
1 0.508772 0.500000 0.807018 0.838710
6 0.511364 0.489362 0.750000 0.765957
30 0.508333 0.509434 0.816667 0.792453
40 0.500000 0.500000 0.824176 0.826087
28 0.500000 0.500000 0.829060 0.828571
15 0.508929 0.508929 0.803571 0.803571
26 0.507353 0.500000 0.808824 0.827586
39 0.500000 0.508621 0.818182 0.810345
3 0.500000 0.500000 0.830508 0.833333
29 0.505618 0.500000 0.831461 0.829268
13 0.508333 0.506024 0.816667 0.819277
20 0.500000 0.500000 0.791667 0.791667
31 0.507353 0.500000 0.808824 0.830508
38 0.500000 0.500000 0.729730 0.729730
2 0.490196 0.500000 0.784314 0.803922
23 0.505208 0.500000 0.822917 0.840909
9 0.500000 0.510638 0.782609 0.765957
