26 0.512821 0.512500 0.717949 0.725000
1 0.492308 0.507692 0.830769 0.830769
35 0.500000 0.500000 0.782609 0.755102
30 0.510870 0.500000 0.760870 0.729730
23 0.500000 0.500000 0.666667 0.666667
13 0.500000 0.513514 0.729730 0.702703
37 0.512195 0.500000 0.731707 0.750000
24 0.486486 0.500000 0.702703 0.696970
17 0.481481 0.515625 0.592593 0.656250
39 0.505102 0.500000 0.826531 0.838384
38 0.486486 0.513514 0.702703 0.702703
7 0.500000 0.500000 0.705882 0.666667
18 0.517241 0.500000 0.620690 0.629630
20 0.486842 0.514706 0.710526 0.676471
34 0.487500 0.510638 0.725000 0.765957
22 0.510417 0.488889 0.770833 0.755556
33 0.500000 0.517241 0.629630 0.620690
16 0.507246 0.500000 0.811594 0.823529
8 0.500000 0.511364 0.750000 0.750000
25 0.500000 0.509091 0.818182 0.800000
2 0.500000 0.500000 0.767442 0.743590
29 0.500000 0.509615 0.722222 0.788462
42 0.500000 0.500000 0.722222 0.729730
21 0.500000 0.510870 0.791667 0.760870
0 0.500000 0.513158 0.729730 0.710526
15 0.500000 0.500000 0.782609 0.787234
36 0.510870 0.500000 0.760870 0.777778
40 0.489130 0.488095 0.760870 0.738095
6 0.500000 0.512821 0.729730 0.717949
14 0.507937 0.507937 0.825397 0.825397
11 0.513158 0.500000 0.710526 0.687500
31 0.509804 0.511111 0.784314 0.755556
27 0.508065 0.500000 0.822581 0.830508
19 0.505952 0.507143 0.821429 0.814286
4 0.509259 0.509259 0.796296 0.796296
12 0.500000 0.486842 0.657143 0.710526
