39 0.500000 0.500000 0.838384 0.825243
31 0.509434 0.500000 0.792453 0.782609
8 0.512195 0.511364 0.731707 0.750000
7 0.513514 0.513514 0.702703 0.702703
13 0.500000 0.486842 0.736842 0.710526
24 0.500000 0.500000 0.729730 0.657143
10 0.500000 0.511628 0.761905 0.744186
19 0.505882 0.506944 0.823529 0.819444
40 0.510638 0.500000 0.765957 0.761905
35 0.500000 0.510204 0.787234 0.775510
18 0.500000 0.517857 0.655172 0.607143
5 0.513158 0.500000 0.710526 0.750000
14 0.500000 0.507692 0.843750 0.830769
21 0.500000 0.500000 0.800000 0.787234
27 0.507812 0.500000 0.828125 0.836066
34 0.500000 0.500000 0.750000 0.787234
6 0.500000 0.512195 0.743590 0.731707
17 0.500000 0.515625 0.629630 0.656250
25 0.508929 0.509091 0.803571 0.800000
23 0.513158 0.500000 0.710526 0.714286
16 0.500000 0.507042 0.828571 0.816901
15 0.510638 0.510204 0.765957 0.775510
28 0.512195 0.500000 0.731707 0.743590
33 0.500000 0.516129 0.642857 0.645161
11 0.500000 0.500000 0.722222 0.696970
36 0.500000 0.510417 0.787234 0.770833
3 0.513889 0.500000 0.694444 0.714286
41 0.513158 0.486842 0.710526 0.710526
4 0.500000 0.500000 0.811321 0.811321
29 0.500000 0.500000 0.729730 0.811321
2 0.511111 0.500000 0.755556 0.761905
42 0.486842 0.487179 0.710526 0.717949
37 0.500000 0.500000 0.750000 0.750000
32 0.500000 0.514286 0.705882 0.685714
1 0.507353 0.507353 0.808824 0.808824
