5 0.500000 0.505000 0.836735 0.830000
22 0.500000 0.505000 0.838384 0.830000
30 0.500000 0.506667 0.831325 0.826667
23 0.503704 0.500000 0.829630 0.838710
9 0.491525 0.500000 0.813559 0.796610
13 0.500000 0.505000 0.823529 0.830000
1 0.508065 0.507143 0.822581 0.814286
34 0.500000 0.500000 0.828571 0.830986
39 0.500000 0.500000 0.825000 0.827160
18 0.504762 0.500000 0.819048 0.824176
35 0.505051 0.505208 0.828283 0.822917
24 0.508929 0.500000 0.803571 0.821429
12 0.504132 0.495833 0.826446 0.825000
8 0.500000 0.500000 0.821429 0.821429
29 0.500000 0.504587 0.834711 0.825688
21 0.503788 0.500000 0.825758 0.834862
3 0.505435 0.505263 0.815217 0.821053
33 0.500000 0.494253 0.809524 0.827586
28 0.500000 0.503876 0.824324 0.821705
26 0.500000 0.500000 0.840909 0.831325
40 0.496269 0.500000 0.828358 0.835821
16 0.500000 0.500000 0.821429 0.818182
2 0.492308 0.492857 0.830769 0.814286
36 0.500000 0.500000 0.824176 0.840909
20 0.508197 0.508197 0.819672 0.819672
14 0.500000 0.500000 0.825000 0.826923
17 0.515625 0.500000 0.656250 0.714286
15 0.507246 0.500000 0.811594 0.823529
10 0.506667 0.506667 0.826667 0.826667
4 0.505682 0.505682 0.829545 0.829545
38 0.512500 0.500000 0.725000 0.743590
31 0.505747 0.506250 0.827586 0.812500
6 0.500000 0.500000 0.800000 0.821429
