31 0.500000 0.512195 0.761905 0.731707
27 0.487179 0.500000 0.717949 0.714286
1 0.510000 0.509804 0.780000 0.784314
3 0.514706 0.500000 0.676471 0.657143
6 0.500000 0.500000 0.687500 0.705882
10 0.500000 0.484848 0.705882 0.666667
42 0.500000 0.500000 0.612903 0.612903
15 0.484848 0.500000 0.666667 0.756098
13 0.511905 0.487179 0.738095 0.717949
28 0.510000 0.511364 0.780000 0.750000
12 0.500000 0.500000 0.729730 0.736842
19 0.490196 0.488889 0.784314 0.755556
32 0.514706 0.500000 0.676471 0.696970
2 0.517241 0.517241 0.620690 0.620690
17 0.500000 0.500000 0.571429 0.761905
23 0.511628 0.512500 0.744186 0.725000
35 0.500000 0.485714 0.657143 0.685714
33 0.500000 0.512500 0.750000 0.725000
21 0.500000 0.500000 0.714286 0.696970
0 0.500000 0.515625 0.677419 0.656250
40 0.500000 0.486111 0.675676 0.694444
29 0.500000 0.512500 0.756098 0.725000
7 0.500000 0.510638 0.761905 0.765957
22 0.500000 0.500000 0.736842 0.729730
36 0.514286 0.514286 0.685714 0.685714
24 0.500000 0.508929 0.827586 0.803571
34 0.484375 0.500000 0.656250 0.666667
4 0.513889 0.500000 0.694444 0.675676
39 0.509804 0.500000 0.784314 0.789474
9 0.500000 0.488372 0.767442 0.744186
