12 0.510000 0.510000 0.780000 0.780000
41 0.509804 0.509434 0.784314 0.792453
29 0.500000 0.491803 0.820896 0.819672
37 0.511364 0.511364 0.750000 0.750000
33 0.500000 0.509615 0.787234 0.788462
13 0.506173 0.493151 0.814815 0.821918
7 0.500000 0.500000 0.800000 0.800000
0 0.510638 0.500000 0.765957 0.782609
22 0.500000 0.509434 0.824561 0.792453
38 0.489583 0.509804 0.770833 0.784314
17 0.500000 0.513158 0.722222 0.710526
28 0.500000 0.509615 0.814815 0.788462
2 0.491525 0.508475 0.813559 0.813559
40 0.508197 0.508475 0.819672 0.813559
15 0.513158 0.512195 0.710526 0.731707
23 0.500000 0.493333 0.825000 0.826667
14 0.506944 0.500000 0.819444 0.835616
42 0.487805 0.500000 0.731707 0.750000
3 0.511628 0.500000 0.744186 0.761905
18 0.492754 0.500000 0.811594 0.809524
19 0.510000 0.500000 0.780000 0.787234
11 0.508333 0.500000 0.816667 0.818182
8 0.511905 0.511628 0.738095 0.744186
20 0.500000 0.509259 0.789474 0.796296
35 0.500000 0.513889 0.705882 0.694444
27 0.489796 0.510204 0.775510 0.775510
5 0.513514 0.513889 0.702703 0.694444
10 0.512821 0.512500 0.717949 0.725000
30 0.506944 0.508065 0.819444 0.822581
32 0.512821 0.500000 0.717949 0.750000
31 0.509615 0.510000 0.788462 0.780000
26 0.509091 0.500000 0.800000 0.777778
9 0.500000 0.512821 0.736842 0.717949
25 0.500000 0.500000 0.813559 0.828571
