35 0.500000 0.500000 0.807692 0.803922
16 0.507246 0.500000 0.811594 0.823529
1 0.510638 0.500000 0.765957 0.800000
7 0.500000 0.500000 0.722222 0.729730
24 0.500000 0.500000 0.767442 0.787234
12 0.512195 0.512195 0.731707 0.731707
38 0.515625 0.500000 0.656250 0.677419
39 0.513158 0.513514 0.710526 0.702703
10 0.513514 0.513514 0.702703 0.702703
9 0.515625 0.500000 0.656250 0.677419
11 0.500000 0.500000 0.830508 0.785714
2 0.500000 0.500000 0.696970 0.666667
40 0.500000 0.500000 0.791667 0.769231
22 0.513514 0.514286 0.702703 0.685714
28 0.500000 0.507143 0.840000 0.814286
29 0.500000 0.510417 0.807692 0.770833
13 0.510204 0.508772 0.775510 0.807018
31 0.500000 0.511364 0.782609 0.750000
15 0.500000 0.511364 0.767442 0.750000
23 0.508929 0.509615 0.803571 0.788462
33 0.508621 0.500000 0.810345 0.827586
34 0.513514 0.500000 0.702703 0.722222
26 0.500000 0.487179 0.761905 0.717949
