10 0.500000 0.509804 0.800000 0.784314
3 0.500000 0.509804 0.800000 0.784314
7 0.500000 0.500000 0.782609 0.791667
22 0.509091 0.500000 0.800000 0.803922
40 0.500000 0.500000 0.842105 0.842105
8 0.511364 0.511364 0.750000 0.750000
33 0.500000 0.506944 0.808219 0.819444
26 0.500000 0.509615 0.824561 0.788462
11 0.500000 0.506667 0.829268 0.826667
17 0.500000 0.515625 0.666667 0.656250
16 0.500000 0.506024 0.831325 0.819277
14 0.500000 0.507937 0.807692 0.825397
38 0.500000 0.500000 0.705882 0.705882
6 0.500000 0.511628 0.736842 0.744186
4 0.500000 0.500000 0.755102 0.755102
13 0.508475 0.493151 0.813559 0.821918
23 0.506173 0.500000 0.814815 0.833333
1 0.500000 0.500000 0.811321 0.830508
31 0.500000 0.500000 0.827586 0.811321
12 0.508621 0.508475 0.810345 0.813559
25 0.500000 0.504000 0.835821 0.832000
29 0.500000 0.507353 0.837838 0.808824
28 0.500000 0.500000 0.838384 0.822222
21 0.506173 0.507143 0.814815 0.814286
39 0.500000 0.510417 0.787234 0.770833
24 0.500000 0.509434 0.800000 0.792453
35 0.500000 0.500000 0.800000 0.820896
9 0.512195 0.512195 0.731707 0.731707
