8 0.512500 0.500000 0.725000 0.736842
5 0.500000 0.511905 0.743590 0.738095
38 0.512500 0.488372 0.725000 0.744186
32 0.487500 0.512195 0.725000 0.731707
31 0.500000 0.511111 0.795918 0.755556
26 0.509091 0.509804 0.800000 0.784314
20 0.512195 0.512195 0.731707 0.731707
1 0.514706 0.514286 0.676471 0.685714
27 0.509259 0.509615 0.796296 0.788462
10 0.513514 0.513514 0.702703 0.702703
0 0.493243 0.506250 0.824324 0.812500
19 0.508621 0.508929 0.810345 0.803571
25 0.500000 0.500000 0.764706 0.782609
42 0.511111 0.500000 0.755556 0.772727
40 0.500000 0.507692 0.838710 0.830769
7 0.510638 0.500000 0.765957 0.782609
4 0.500000 0.507143 0.826087 0.814286
28 0.489796 0.500000 0.775510 0.739130
22 0.511628 0.500000 0.744186 0.750000
21 0.511905 0.500000 0.738095 0.736842
41 0.486842 0.487179 0.710526 0.717949
18 0.495495 0.494898 0.828829 0.826531
39 0.500000 0.510417 0.777778 0.770833
23 0.488889 0.500000 0.755556 0.736842
14 0.500000 0.508197 0.836066 0.819672
24 0.500000 0.510000 0.807692 0.780000
29 0.500000 0.510204 0.807692 0.775510
36 0.500000 0.511628 0.707317 0.744186
9 0.512821 0.500000 0.717949 0.736842
6 0.511111 0.511364 0.755556 0.750000
34 0.492754 0.500000 0.811594 0.823529
30 0.500000 0.500000 0.838710 0.821429
37 0.487179 0.512500 0.717949 0.725000
35 0.500000 0.500000 0.750000 0.756098
13 0.500000 0.500000 0.787234 0.750000
33 0.510870 0.510417 0.760870 0.770833
