33 0.516129 0.500000 0.645161 0.666667
29 0.511111 0.500000 0.755556 0.684211
31 0.486486 0.513158 0.702703 0.710526
2 0.510000 0.510204 0.780000 0.775510
18 0.511364 0.511905 0.750000 0.738095
12 0.500000 0.500000 0.729730 0.736842
17 0.500000 0.500000 0.642857 0.655172
38 0.486486 0.486842 0.702703 0.710526
40 0.500000 0.513158 0.692308 0.710526
6 0.500000 0.516129 0.655172 0.645161
14 0.500000 0.488636 0.767442 0.750000
28 0.500000 0.515152 0.722222 0.666667
9 0.500000 0.500000 0.571429 0.571429
35 0.500000 0.518519 0.615385 0.592593
42 0.500000 0.518519 0.586207 0.592593
39 0.517241 0.517857 0.620690 0.607143
25 0.500000 0.508333 0.827586 0.816667
16 0.500000 0.514286 0.696970 0.685714
21 0.515625 0.516129 0.656250 0.645161
1 0.500000 0.481481 0.555556 0.592593
10 0.516129 0.516129 0.645161 0.645161
0 0.517241 0.500000 0.620690 0.642857
26 0.484848 0.500000 0.666667 0.655172
23 0.500000 0.509615 0.818182 0.788462
11 0.500000 0.514286 0.722222 0.685714
7 0.500000 0.515152 0.687500 0.666667
34 0.511364 0.500000 0.750000 0.750000
5 0.482143 0.500000 0.607143 0.615385
19 0.515152 0.500000 0.666667 0.687500
32 0.518519 0.500000 0.592593 0.642857
41 0.513158 0.500000 0.710526 0.736842
22 0.500000 0.500000 0.743590 0.722222
4 0.517241 0.500000 0.620690 0.642857
27 0.500000 0.511364 0.761905 0.750000
24 0.509615 0.510000 0.788462 0.780000
37 0.500000 0.500000 0.655172 0.655172
20 0.513514 0.485714 0.702703 0.685714
15 0.500000 0.500000 0.642857 0.677419
