34 0.513889 0.513514 0.694444 0.702703
3 0.513889 0.513889 0.694444 0.694444
21 0.508621 0.500000 0.810345 0.782609
4 0.484375 0.485294 0.656250 0.676471
39 0.485714 0.500000 0.685714 0.675676
9 0.500000 0.500000 0.655172 0.655172
26 0.500000 0.513514 0.743590 0.702703
8 0.500000 0.513514 0.722222 0.702703
36 0.500000 0.514706 0.696970 0.676471
16 0.507692 0.500000 0.830769 0.818182
33 0.500000 0.508929 0.814815 0.803571
15 0.511905 0.500000 0.738095 0.756098
23 0.509804 0.510417 0.784314 0.770833
18 0.500000 0.500000 0.836066 0.818182
29 0.500000 0.500000 0.800000 0.782609
10 0.500000 0.513514 0.684211 0.702703
35 0.500000 0.500000 0.800000 0.795918
2 0.500000 0.500000 0.687500 0.696970
12 0.512821 0.500000 0.717949 0.736842
6 0.516667 0.515625 0.633333 0.656250
22 0.484848 0.500000 0.666667 0.677419
17 0.500000 0.500000 0.629630 0.655172
14 0.500000 0.500000 0.736842 0.772727
30 0.500000 0.500000 0.750000 0.705882
25 0.505618 0.500000 0.831461 0.831325
13 0.510417 0.509091 0.770833 0.800000
40 0.500000 0.511628 0.761905 0.744186
1 0.510638 0.500000 0.765957 0.803922
20 0.500000 0.500000 0.705882 0.705882
24 0.500000 0.510638 0.767442 0.765957
7 0.500000 0.513514 0.714286 0.702703
11 0.500000 0.500000 0.818182 0.800000
28 0.493056 0.500000 0.819444 0.841270
