28 0.500000 0.509259 0.793103 0.796296
38 0.500000 0.500000 0.750000 0.830508
29 0.507143 0.500000 0.814286 0.836066
0 0.488095 0.488372 0.738095 0.744186
23 0.495868 0.504464 0.826446 0.830357
1 0.500000 0.500000 0.750000 0.782609
26 0.508333 0.500000 0.816667 0.796610
40 0.500000 0.500000 0.811321 0.811321
30 0.500000 0.512500 0.772727 0.725000
42 0.500000 0.510204 0.787234 0.775510
32 0.512821 0.500000 0.717949 0.729730
15 0.511111 0.505155 0.755556 0.824742
35 0.487500 0.500000 0.725000 0.707317
33 0.500000 0.500000 0.772727 0.739130
7 0.500000 0.513158 0.714286 0.710526
8 0.500000 0.488636 0.767442 0.750000
13 0.500000 0.509091 0.789474 0.800000
12 0.500000 0.510204 0.791667 0.775510
6 0.500000 0.510870 0.767442 0.760870
18 0.492647 0.491667 0.808824 0.816667
22 0.510000 0.511364 0.780000 0.750000
17 0.500000 0.500000 0.729730 0.729730
4 0.509615 0.509615 0.788462 0.788462
36 0.489362 0.510638 0.765957 0.765957
34 0.512500 0.500000 0.725000 0.743590
19 0.508772 0.500000 0.807018 0.795918
39 0.500000 0.500000 0.756098 0.761905
24 0.507353 0.507246 0.808824 0.811594
10 0.510204 0.511111 0.775510 0.755556
11 0.494318 0.500000 0.829545 0.831325
27 0.507692 0.508475 0.830769 0.813559
20 0.510000 0.500000 0.780000 0.761905
41 0.500000 0.511628 0.750000 0.744186
21 0.500000 0.500000 0.807692 0.787234
31 0.500000 0.490566 0.821429 0.792453
25 0.500000 0.500000 0.836364 0.835052
