20 0.500000 0.500000 0.756098 0.692308
9 0.500000 0.513889 0.675676 0.694444
24 0.500000 0.510204 0.807692 0.775510
38 0.507246 0.506024 0.811594 0.819277
27 0.500000 0.510417 0.811321 0.770833
34 0.515152 0.500000 0.666667 0.714286
19 0.500000 0.510000 0.807692 0.780000
3 0.508621 0.500000 0.810345 0.833333
6 0.512500 0.500000 0.725000 0.750000
39 0.500000 0.514286 0.705882 0.685714
37 0.500000 0.491667 0.824561 0.816667
2 0.500000 0.500000 0.714286 0.722222
33 0.500000 0.500000 0.772727 0.777778
36 0.500000 0.512195 0.750000 0.731707
42 0.513514 0.500000 0.702703 0.722222
5 0.500000 0.500000 0.791667 0.791667
10 0.512195 0.500000 0.731707 0.750000
31 0.500000 0.511111 0.777778 0.755556
40 0.500000 0.508929 0.818182 0.803571
18 0.508197 0.500000 0.819672 0.818182
23 0.510638 0.511628 0.765957 0.744186
17 0.500000 0.511628 0.714286 0.744186
13 0.488889 0.500000 0.755556 0.707317
29 0.511628 0.500000 0.744186 0.761905
14 0.500000 0.500000 0.782609 0.791667
1 0.500000 0.507143 0.824561 0.814286
32 0.500000 0.500000 0.743590 0.743590
7 0.500000 0.510870 0.777778 0.760870
30 0.512821 0.500000 0.717949 0.736842
15 0.512500 0.512821 0.725000 0.717949
12 0.500000 0.508065 0.806452 0.822581
0 0.490741 0.491071 0.796296 0.803571
