5 0.512195 0.500000 0.731707 0.750000
6 0.509259 0.500000 0.796296 0.818182
17 0.500000 0.500000 0.761905 0.761905
26 0.506494 0.506757 0.831169 0.824324
14 0.500000 0.500000 0.833333 0.831933
15 0.500000 0.504132 0.833333 0.826446
33 0.507937 0.507937 0.825397 0.825397
18 0.500000 0.493056 0.804878 0.819444
40 0.492308 0.500000 0.830769 0.818182
1 0.508772 0.490909 0.807018 0.800000
10 0.500000 0.500000 0.828571 0.824561
34 0.511905 0.511628 0.738095 0.744186
13 0.506098 0.500000 0.817073 0.822785
19 0.500000 0.500000 0.827160 0.830986
36 0.491379 0.508333 0.810345 0.816667
9 0.500000 0.508475 0.833333 0.813559
35 0.490000 0.500000 0.780000 0.769231
29 0.505319 0.505952 0.819149 0.821429
30 0.510000 0.500000 0.780000 0.772727
20 0.500000 0.510204 0.789474 0.775510
24 0.500000 0.506849 0.835616 0.821918
21 0.506944 0.500000 0.819444 0.833333
22 0.491525 0.509259 0.813559 0.796296
11 0.500000 0.500000 0.833333 0.840000
27 0.500000 0.506250 0.820225 0.812500
32 0.510638 0.500000 0.765957 0.772727
4 0.500000 0.500000 0.824561 0.830508
28 0.493421 0.507246 0.828947 0.811594
3 0.500000 0.510638 0.782609 0.765957
41 0.509615 0.500000 0.788462 0.814815
12 0.507937 0.507812 0.825397 0.828125
38 0.500000 0.493976 0.806452 0.819277
2 0.500000 0.500000 0.797101 0.797101
