16 0.505208 0.500000 0.822917 0.831579
5 0.507143 0.507143 0.814286 0.814286
20 0.500000 0.500000 0.800000 0.800000
9 0.500000 0.500000 0.791667 0.791667
11 0.504950 0.500000 0.831683 0.826087
13 0.500000 0.505814 0.838710 0.825581
36 0.500000 0.491935 0.815385 0.822581
29 0.500000 0.500000 0.835052 0.839080
40 0.500000 0.500000 0.836735 0.836735
33 0.500000 0.493827 0.802469 0.814815
28 0.500000 0.504505 0.836066 0.828829
10 0.508197 0.508197 0.819672 0.819672
31 0.500000 0.500000 0.830986 0.841270
4 0.507692 0.500000 0.830769 0.841270
30 0.500000 0.500000 0.843750 0.821429
26 0.506667 0.507692 0.826667 0.830769
15 0.508772 0.500000 0.807018 0.821429
39 0.500000 0.508197 0.830508 0.819672
24 0.500000 0.500000 0.795918 0.800000
22 0.500000 0.507246 0.805556 0.811594
25 0.496951 0.496753 0.823171 0.824675
38 0.513158 0.513158 0.710526 0.710526
7 0.508929 0.500000 0.803571 0.824561
8 0.509804 0.509804 0.784314 0.784314
3 0.507937 0.500000 0.825397 0.820896
14 0.507812 0.506494 0.828125 0.831169
34 0.500000 0.500000 0.814815 0.821429
35 0.500000 0.506173 0.829268 0.814815
18 0.494624 0.493827 0.817204 0.814815
2 0.500000 0.500000 0.811321 0.814815
