31 0.500000 0.500000 0.729730 0.722222
0 0.516667 0.500000 0.633333 0.655172
25 0.483871 0.500000 0.645161 0.612903
34 0.516129 0.500000 0.645161 0.655172
13 0.500000 0.486842 0.700000 0.710526
30 0.500000 0.513514 0.736842 0.702703
33 0.511905 0.500000 0.738095 0.743590
1 0.510870 0.500000 0.760870 0.787234
8 0.500000 0.500000 0.629630 0.586207
23 0.500000 0.500000 0.743590 0.722222
16 0.500000 0.500000 0.655172 0.655172
20 0.513889 0.500000 0.694444 0.705882
3 0.515625 0.500000 0.656250 0.636364
26 0.500000 0.500000 0.687500 0.655172
38 0.500000 0.512500 0.736842 0.725000
6 0.500000 0.515152 0.666667 0.666667
35 0.515625 0.500000 0.656250 0.677419
36 0.516667 0.517241 0.633333 0.620690
10 0.484848 0.484375 0.666667 0.656250
5 0.500000 0.500000 0.600000 0.615385
29 0.500000 0.513158 0.743590 0.710526
11 0.500000 0.507246 0.835616 0.811594
42 0.500000 0.500000 0.600000 0.600000
17 0.518519 0.512195 0.592593 0.731707
2 0.517241 0.482143 0.620690 0.607143
7 0.500000 0.500000 0.707317 0.761905
14 0.500000 0.485714 0.705882 0.685714
27 0.513889 0.515152 0.694444 0.666667
21 0.500000 0.516129 0.687500 0.645161
12 0.514286 0.513889 0.685714 0.694444
19 0.510870 0.500000 0.760870 0.720930
22 0.500000 0.514706 0.705882 0.676471
40 0.500000 0.485714 0.666667 0.685714
28 0.500000 0.512500 0.727273 0.725000
41 0.515625 0.500000 0.656250 0.696970
37 0.517241 0.500000 0.620690 0.642857
18 0.500000 0.513889 0.729730 0.694444
24 0.500000 0.500000 0.821429 0.781818
32 0.500000 0.516129 0.625000 0.645161
15 0.516129 0.513889 0.645161 0.694444
