13 0.500000 0.504505 0.830986 0.828829
7 0.500000 0.500000 0.827160 0.837209
1 0.507353 0.500000 0.808824 0.837838
29 0.500000 0.503546 0.831169 0.822695
17 0.515152 0.513889 0.666667 0.694444
31 0.500000 0.505376 0.833333 0.817204
36 0.500000 0.500000 0.838710 0.836066
22 0.500000 0.496350 0.835821 0.832117
11 0.500000 0.503846 0.834483 0.823077
33 0.523256 0.500000 0.860465 0.826087
12 0.502703 0.502732 0.832432 0.830601
14 0.505263 0.503817 0.821053 0.824427
24 0.500000 0.500000 0.824561 0.824561
18 0.504310 0.495000 0.818966 0.830000
8 0.508197 0.500000 0.819672 0.833333
9 0.492857 0.500000 0.814286 0.826087
34 0.500000 0.500000 0.822785 0.827160
40 0.497175 0.502890 0.824859 0.832370
35 0.500000 0.500000 0.836364 0.830189
38 0.500000 0.511905 0.750000 0.738095
15 0.506944 0.500000 0.819444 0.830986
30 0.504717 0.505376 0.820755 0.817204
20 0.500000 0.500000 0.842105 0.842105
23 0.502825 0.503125 0.824859 0.831250
16 0.504065 0.504132 0.829268 0.826446
6 0.500000 0.507143 0.789474 0.814286
21 0.500000 0.500000 0.828947 0.828125
5 0.470833 0.500000 0.875000 0.830769
