10 0.515152 0.514706 0.666667 0.676471
13 0.500000 0.500000 0.705882 0.722222
4 0.515625 0.516129 0.656250 0.645161
18 0.490196 0.500000 0.784314 0.782609
31 0.500000 0.487500 0.767442 0.725000
5 0.500000 0.516667 0.666667 0.633333
35 0.517241 0.517241 0.620690 0.620690
32 0.517241 0.500000 0.620690 0.586207
28 0.512821 0.513514 0.717949 0.702703
19 0.500000 0.500000 0.714286 0.666667
3 0.485714 0.500000 0.685714 0.714286
15 0.516129 0.500000 0.645161 0.696970
22 0.511364 0.512500 0.750000 0.725000
42 0.500000 0.500000 0.655172 0.677419
29 0.510204 0.500000 0.775510 0.761905
33 0.514286 0.500000 0.685714 0.705882
20 0.512500 0.486842 0.725000 0.710526
0 0.516129 0.515152 0.645161 0.666667
40 0.511905 0.511905 0.738095 0.738095
30 0.510638 0.500000 0.765957 0.750000
26 0.514286 0.515152 0.685714 0.666667
12 0.500000 0.500000 0.750000 0.756098
11 0.512195 0.512821 0.731707 0.717949
21 0.500000 0.500000 0.729730 0.729730
23 0.508621 0.500000 0.810345 0.811321
7 0.500000 0.513889 0.714286 0.694444
9 0.500000 0.500000 0.655172 0.655172
1 0.515152 0.500000 0.666667 0.636364
41 0.500000 0.500000 0.756098 0.761905
36 0.516667 0.516667 0.633333 0.633333
6 0.515152 0.514286 0.666667 0.685714
25 0.507042 0.507246 0.816901 0.811594
27 0.500000 0.511364 0.761905 0.750000
37 0.515152 0.515152 0.666667 0.666667
