22 0.500000 0.511905 0.777778 0.738095
25 0.500000 0.513889 0.722222 0.694444
11 0.500000 0.500000 0.814815 0.800000
8 0.500000 0.500000 0.729730 0.729730
28 0.500000 0.511364 0.787234 0.750000
12 0.487500 0.487500 0.725000 0.725000
2 0.500000 0.500000 0.811321 0.807692
38 0.500000 0.511628 0.750000 0.744186
16 0.500000 0.500000 0.705882 0.714286
39 0.500000 0.486111 0.657143 0.694444
33 0.505882 0.500000 0.823529 0.833333
10 0.500000 0.500000 0.743590 0.743590
35 0.500000 0.500000 0.729730 0.736842
9 0.500000 0.500000 0.707317 0.750000
36 0.500000 0.500000 0.636364 0.687500
31 0.510417 0.500000 0.770833 0.772727
7 0.514706 0.500000 0.676471 0.705882
4 0.500000 0.500000 0.692308 0.692308
1 0.500000 0.500000 0.736842 0.729730
17 0.500000 0.500000 0.675676 0.707317
3 0.513514 0.513158 0.702703 0.710526
18 0.486486 0.500000 0.702703 0.657143
5 0.511905 0.500000 0.738095 0.756098
6 0.514286 0.513889 0.685714 0.694444
14 0.500000 0.512500 0.736842 0.725000
40 0.500000 0.486111 0.666667 0.694444
23 0.510204 0.511364 0.775510 0.750000
34 0.500000 0.512195 0.750000 0.731707
15 0.500000 0.510204 0.791667 0.775510
13 0.511628 0.500000 0.744186 0.750000
