15 0.500000 0.506849 0.696970 0.821918
4 0.500000 0.510638 0.782609 0.765957
23 0.505435 0.500000 0.815217 0.829268
40 0.500000 0.487805 0.714286 0.731707
3 0.500000 0.500000 0.696970 0.696970
34 0.514286 0.514286 0.685714 0.685714
1 0.500000 0.500000 0.743590 0.743590
22 0.500000 0.513514 0.750000 0.702703
8 0.486111 0.500000 0.694444 0.684211
17 0.515152 0.515152 0.666667 0.666667
11 0.507143 0.500000 0.814286 0.820896
6 0.513158 0.500000 0.710526 0.736842
9 0.500000 0.514706 0.696970 0.676471
25 0.506098 0.506667 0.817073 0.826667
5 0.500000 0.484375 0.625000 0.656250
36 0.513158 0.500000 0.710526 0.736842
16 0.500000 0.509259 0.800000 0.796296
0 0.513889 0.513889 0.694444 0.694444
37 0.511905 0.511905 0.738095 0.738095
18 0.500000 0.500000 0.814815 0.803922
30 0.500000 0.513889 0.736842 0.694444
14 0.489583 0.510417 0.770833 0.770833
19 0.511628 0.500000 0.744186 0.743590
42 0.513514 0.500000 0.702703 0.729730
31 0.510417 0.500000 0.770833 0.767442
29 0.500000 0.510870 0.791667 0.760870
41 0.515625 0.515152 0.656250 0.666667
32 0.500000 0.484848 0.696970 0.666667
27 0.510417 0.510870 0.770833 0.760870
12 0.500000 0.500000 0.736842 0.736842
7 0.515625 0.500000 0.656250 0.677419
13 0.500000 0.500000 0.750000 0.756098
38 0.500000 0.500000 0.722222 0.782609
28 0.500000 0.500000 0.750000 0.761905
