3 0.500000 0.500000 0.707317 0.750000
27 0.500000 0.500000 0.842105 0.833333
26 0.509804 0.510000 0.784314 0.780000
16 0.500000 0.500000 0.831325 0.831325
25 0.500000 0.508065 0.838710 0.822581
29 0.511905 0.507937 0.738095 0.825397
14 0.500000 0.506579 0.837838 0.828947
42 0.488372 0.500000 0.744186 0.733333
2 0.509434 0.500000 0.792453 0.782609
36 0.509615 0.500000 0.788462 0.803922
18 0.500000 0.500000 0.666667 0.586207
4 0.500000 0.508929 0.818182 0.803571
1 0.500000 0.493243 0.833333 0.824324
21 0.508621 0.509259 0.810345 0.796296
11 0.510000 0.511364 0.780000 0.750000
15 0.500000 0.500000 0.800000 0.800000
31 0.500000 0.508621 0.838710 0.810345
37 0.511628 0.511628 0.744186 0.744186
6 0.510870 0.510638 0.760870 0.765957
8 0.511364 0.510870 0.750000 0.760870
39 0.500000 0.500000 0.839286 0.826087
28 0.500000 0.511628 0.767442 0.744186
10 0.500000 0.500000 0.777778 0.782609
30 0.500000 0.510870 0.803922 0.760870
32 0.500000 0.500000 0.743590 0.743590
12 0.500000 0.500000 0.729730 0.761905
35 0.491071 0.508929 0.803571 0.803571
33 0.516129 0.500000 0.645161 0.636364
38 0.510870 0.510870 0.760870 0.760870
22 0.500000 0.509804 0.818182 0.784314
24 0.500000 0.500000 0.755102 0.767442
7 0.488095 0.488095 0.738095 0.738095
23 0.500000 0.500000 0.756098 0.750000
9 0.500000 0.500000 0.782609 0.777778
