27 0.509615 0.500000 0.788462 0.791667
19 0.489362 0.511628 0.765957 0.744186
25 0.500000 0.500000 0.836735 0.837209
33 0.513158 0.500000 0.710526 0.736842
18 0.508333 0.509259 0.816667 0.796296
39 0.513514 0.500000 0.702703 0.736842
16 0.500000 0.500000 0.818182 0.827586
37 0.510870 0.500000 0.760870 0.777778
24 0.500000 0.492647 0.815385 0.808824
15 0.500000 0.505952 0.684211 0.821429
20 0.500000 0.500000 0.777778 0.707317
6 0.500000 0.512195 0.743590 0.731707
31 0.500000 0.510638 0.800000 0.765957
12 0.500000 0.511628 0.761905 0.744186
32 0.500000 0.514286 0.714286 0.685714
29 0.500000 0.490196 0.814815 0.784314
3 0.513514 0.513514 0.702703 0.702703
7 0.500000 0.500000 0.696970 0.657143
17 0.500000 0.514286 0.705882 0.685714
30 0.511905 0.512821 0.738095 0.717949
26 0.509434 0.500000 0.792453 0.800000
21 0.500000 0.511628 0.772727 0.744186
38 0.512500 0.509434 0.725000 0.792453
0 0.486842 0.513158 0.710526 0.710526
23 0.505000 0.505263 0.830000 0.821053
13 0.500000 0.511111 0.777778 0.755556
35 0.500000 0.514286 0.705882 0.685714
28 0.509615 0.500000 0.788462 0.782609
11 0.506494 0.500000 0.831169 0.835616
5 0.500000 0.485714 0.657143 0.685714
2 0.500000 0.500000 0.736842 0.736842
4 0.510204 0.510204 0.775510 0.775510
1 0.500000 0.511628 0.761905 0.744186
22 0.487805 0.513158 0.731707 0.710526
40 0.510638 0.510638 0.765957 0.765957
36 0.512500 0.512195 0.725000 0.731707
