31 0.500000 0.500000 0.838710 0.827586
29 0.500000 0.506944 0.825000 0.819444
2 0.508333 0.500000 0.816667 0.836066
27 0.508065 0.508333 0.822581 0.816667
16 0.500000 0.503731 0.820896 0.828358
19 0.504673 0.505319 0.822430 0.819149
34 0.512195 0.500000 0.731707 0.767442
1 0.504717 0.500000 0.820755 0.829060
40 0.504762 0.504808 0.819048 0.817308
41 0.507042 0.500000 0.816901 0.833333
42 0.509259 0.500000 0.796296 0.811321
6 0.500000 0.506579 0.830986 0.828947
18 0.505102 0.500000 0.826531 0.840909
20 0.493056 0.500000 0.819444 0.833333
30 0.500000 0.508197 0.833333 0.819672
25 0.510638 0.510870 0.765957 0.760870
39 0.500000 0.500000 0.756098 0.756098
10 0.500000 0.500000 0.824561 0.824561
9 0.508333 0.508475 0.816667 0.813559
22 0.506579 0.507042 0.828947 0.816901
7 0.506098 0.506098 0.817073 0.817073
26 0.506250 0.506944 0.812500 0.819444
5 0.505435 0.505319 0.815217 0.819149
17 0.491935 0.492754 0.822581 0.811594
37 0.500000 0.500000 0.840000 0.827160
24 0.500000 0.504808 0.829060 0.817308
21 0.505882 0.500000 0.823529 0.840000
14 0.494565 0.500000 0.815217 0.812500
0 0.494565 0.500000 0.815217 0.831579
11 0.507937 0.500000 0.825397 0.818182
36 0.500000 0.500000 0.835616 0.837838
4 0.500000 0.494737 0.808511 0.821053
8 0.509615 0.509615 0.788462 0.788462
15 0.500000 0.500000 0.843750 0.820896
35 0.500000 0.500000 0.827160 0.829268
28 0.505319 0.500000 0.819149 0.831325
33 0.504808 0.500000 0.817308 0.825243
