25 0.500000 0.500000 0.761905 0.756098
2 0.483871 0.500000 0.645161 0.647059
19 0.491525 0.490385 0.813559 0.788462
42 0.514706 0.500000 0.676471 0.657143
28 0.500000 0.509434 0.821429 0.792453
1 0.500000 0.509091 0.807692 0.800000
11 0.500000 0.500000 0.838384 0.826087
27 0.500000 0.500000 0.750000 0.756098
37 0.510870 0.511111 0.760870 0.755556
18 0.510870 0.488095 0.760870 0.738095
5 0.500000 0.514706 0.696970 0.676471
0 0.512821 0.512821 0.717949 0.717949
33 0.488889 0.488636 0.755556 0.750000
40 0.500000 0.511628 0.761905 0.744186
39 0.500000 0.508333 0.814815 0.816667
38 0.500000 0.510870 0.772727 0.760870
17 0.500000 0.511364 0.655172 0.750000
12 0.511111 0.510000 0.755556 0.780000
8 0.514706 0.485294 0.676471 0.676471
22 0.510638 0.500000 0.765957 0.777778
29 0.500000 0.500000 0.787234 0.761905
10 0.486486 0.500000 0.702703 0.666667
36 0.488636 0.500000 0.750000 0.767442
41 0.500000 0.500000 0.756098 0.761905
24 0.508197 0.508621 0.819672 0.810345
14 0.488372 0.500000 0.744186 0.727273
32 0.500000 0.486486 0.684211 0.702703
23 0.500000 0.500000 0.795918 0.782609
31 0.509804 0.500000 0.784314 0.782609
4 0.500000 0.511628 0.720930 0.744186
6 0.513514 0.500000 0.702703 0.736842
21 0.500000 0.500000 0.750000 0.743590
35 0.513889 0.513514 0.694444 0.702703
15 0.500000 0.500000 0.729730 0.782609
