15 0.512195 0.500000 0.731707 0.750000
8 0.500000 0.500000 0.705882 0.705882
1 0.500000 0.484848 0.647059 0.666667
3 0.515625 0.500000 0.656250 0.696970
38 0.500000 0.513889 0.729730 0.694444
26 0.514286 0.515152 0.685714 0.666667
36 0.482759 0.516667 0.620690 0.633333
7 0.500000 0.500000 0.666667 0.687500
25 0.500000 0.516129 0.677419 0.645161
2 0.511111 0.500000 0.755556 0.767442
40 0.500000 0.500000 0.655172 0.642857
39 0.483333 0.500000 0.633333 0.625000
9 0.500000 0.513889 0.705882 0.694444
17 0.514706 0.486486 0.676471 0.702703
33 0.500000 0.506173 0.822785 0.814815
13 0.484848 0.500000 0.666667 0.636364
21 0.512500 0.500000 0.725000 0.736842
35 0.482759 0.500000 0.620690 0.655172
14 0.515152 0.514706 0.666667 0.676471
11 0.489796 0.500000 0.775510 0.772727
20 0.500000 0.512500 0.743590 0.725000
4 0.485294 0.500000 0.676471 0.657143
10 0.500000 0.500000 0.705882 0.705882
31 0.512500 0.500000 0.725000 0.736842
18 0.500000 0.500000 0.696970 0.625000
16 0.500000 0.500000 0.666667 0.687500
34 0.514286 0.500000 0.685714 0.705882
