1 0.500000 0.500000 0.657143 0.657143
2 0.500000 0.509434 0.811321 0.792453
22 0.500000 0.500000 0.782609 0.756098
7 0.500000 0.512821 0.736842 0.717949
14 0.509615 0.500000 0.788462 0.803922
12 0.512195 0.511905 0.731707 0.738095
21 0.500000 0.512821 0.750000 0.717949
41 0.500000 0.500000 0.761905 0.767442
34 0.509091 0.508772 0.800000 0.807018
6 0.514706 0.513889 0.676471 0.694444
15 0.500000 0.485714 0.625000 0.685714
36 0.500000 0.500000 0.677419 0.636364
39 0.500000 0.514706 0.696970 0.676471
35 0.500000 0.517857 0.586207 0.607143
30 0.510204 0.511628 0.775510 0.744186
9 0.500000 0.515152 0.687500 0.666667
8 0.484848 0.484848 0.666667 0.666667
23 0.508197 0.500000 0.819672 0.814815
13 0.512821 0.512821 0.717949 0.717949
25 0.493750 0.492958 0.812500 0.816901
29 0.500000 0.500000 0.795918 0.767442
18 0.500000 0.500000 0.807692 0.795918
4 0.500000 0.515625 0.687500 0.656250
26 0.513514 0.513889 0.702703 0.694444
37 0.514706 0.514706 0.676471 0.676471
3 0.500000 0.486486 0.675676 0.702703
10 0.500000 0.500000 0.657143 0.705882
42 0.500000 0.484375 0.677419 0.656250
40 0.511111 0.500000 0.755556 0.733333
17 0.500000 0.500000 0.655172 0.666667
38 0.500000 0.488372 0.714286 0.744186
31 0.510870 0.500000 0.760870 0.756098
33 0.500000 0.513158 0.722222 0.710526
19 0.500000 0.486486 0.692308 0.702703
32 0.516129 0.516667 0.645161 0.633333
16 0.500000 0.513158 0.722222 0.710526
20 0.500000 0.500000 0.761905 0.743590
28 0.500000 0.500000 0.714286 0.729730
