21 0.500000 0.500000 0.743590 0.705882
33 0.500000 0.500000 0.743590 0.743590
30 0.500000 0.500000 0.811321 0.791667
10 0.500000 0.515625 0.677419 0.656250
17 0.509434 0.500000 0.792453 0.781818
2 0.500000 0.500000 0.666667 0.722222
20 0.500000 0.500000 0.722222 0.722222
36 0.500000 0.487500 0.736842 0.725000
27 0.500000 0.510870 0.787234 0.760870
39 0.500000 0.513158 0.684211 0.710526
19 0.500000 0.500000 0.800000 0.787234
16 0.500000 0.514286 0.705882 0.685714
26 0.500000 0.500000 0.787234 0.761905
4 0.508772 0.500000 0.807018 0.818182
42 0.500000 0.513158 0.729730 0.710526
31 0.511111 0.512500 0.755556 0.725000
32 0.500000 0.515152 0.647059 0.666667
12 0.500000 0.500000 0.612903 0.600000
25 0.511111 0.487805 0.755556 0.731707
22 0.513889 0.485714 0.694444 0.685714
40 0.500000 0.509259 0.807692 0.796296
0 0.507143 0.506849 0.814286 0.821918
14 0.500000 0.500000 0.760000 0.795918
8 0.514706 0.500000 0.676471 0.696970
1 0.500000 0.500000 0.642857 0.655172
6 0.513158 0.512821 0.710526 0.717949
7 0.512500 0.500000 0.725000 0.743590
35 0.485294 0.500000 0.676471 0.657143
3 0.500000 0.486111 0.722222 0.694444
29 0.488095 0.500000 0.738095 0.756098
24 0.500000 0.500000 0.756098 0.729730
