39 0.516129 0.483871 0.645161 0.645161
6 0.500000 0.500000 0.625000 0.677419
14 0.500000 0.486486 0.729730 0.702703
12 0.500000 0.500000 0.756098 0.761905
15 0.514706 0.515152 0.676471 0.666667
9 0.500000 0.500000 0.612903 0.655172
36 0.514706 0.514706 0.676471 0.676471
4 0.514706 0.500000 0.676471 0.696970
8 0.500000 0.484848 0.647059 0.666667
1 0.500000 0.509091 0.782609 0.800000
22 0.500000 0.500000 0.714286 0.677419
34 0.500000 0.516129 0.642857 0.645161
25 0.515625 0.500000 0.656250 0.666667
35 0.515152 0.500000 0.666667 0.687500
29 0.500000 0.515625 0.657143 0.656250
13 0.514706 0.515152 0.676471 0.666667
18 0.500000 0.500000 0.787234 0.767442
16 0.506098 0.500000 0.817073 0.827160
20 0.515152 0.483871 0.666667 0.645161
37 0.511111 0.500000 0.755556 0.791667
41 0.500000 0.500000 0.636364 0.636364
32 0.500000 0.484375 0.636364 0.656250
42 0.500000 0.514706 0.696970 0.676471
11 0.484375 0.500000 0.656250 0.655172
19 0.511364 0.512500 0.750000 0.725000
30 0.500000 0.515152 0.687500 0.666667
2 0.500000 0.500000 0.655172 0.655172
5 0.513158 0.500000 0.710526 0.729730
38 0.500000 0.500000 0.833333 0.840000
23 0.500000 0.513889 0.743590 0.694444
26 0.500000 0.515152 0.714286 0.666667
28 0.510870 0.500000 0.760870 0.761905
0 0.500000 0.500000 0.707317 0.720930
10 0.514286 0.514286 0.685714 0.685714
21 0.513514 0.500000 0.702703 0.714286
40 0.488372 0.500000 0.744186 0.727273
