10 0.500000 0.500000 0.782609 0.782609
5 0.510000 0.500000 0.780000 0.795918
24 0.510000 0.500000 0.780000 0.807692
22 0.510417 0.500000 0.770833 0.767442
17 0.517241 0.500000 0.620690 0.666667
35 0.492188 0.500000 0.828125 0.809524
4 0.511364 0.500000 0.750000 0.739130
1 0.500000 0.500000 0.803922 0.821429
7 0.500000 0.511628 0.750000 0.744186
23 0.507042 0.500000 0.816901 0.843750
20 0.500000 0.500000 0.750000 0.750000
11 0.506667 0.500000 0.826667 0.826087
15 0.500000 0.509804 0.800000 0.784314
9 0.513158 0.500000 0.710526 0.729730
34 0.511111 0.500000 0.755556 0.777778
25 0.504167 0.495495 0.825000 0.828829
28 0.505208 0.500000 0.822917 0.833333
30 0.500000 0.500000 0.791667 0.767442
18 0.493333 0.500000 0.826667 0.820896
14 0.510000 0.491228 0.780000 0.807018
12 0.509615 0.490385 0.788462 0.788462
38 0.514706 0.514706 0.676471 0.676471
39 0.500000 0.511364 0.767442 0.750000
13 0.508929 0.492308 0.803571 0.830769
29 0.500000 0.508197 0.823529 0.819672
40 0.500000 0.500000 0.830986 0.808219
31 0.500000 0.510204 0.807692 0.775510
6 0.500000 0.500000 0.714286 0.743590
36 0.511628 0.511628 0.744186 0.744186
21 0.500000 0.508065 0.837838 0.822581
16 0.500000 0.500000 0.825000 0.822785
3 0.500000 0.510638 0.782609 0.765957
2 0.500000 0.500000 0.743590 0.750000
