15 0.515625 0.514706 0.656250 0.676471
20 0.500000 0.500000 0.629630 0.629630
42 0.515625 0.500000 0.656250 0.687500
30 0.500000 0.488889 0.787234 0.755556
3 0.514706 0.500000 0.676471 0.696970
21 0.500000 0.500000 0.756098 0.750000
22 0.510204 0.510870 0.775510 0.760870
7 0.513158 0.513158 0.710526 0.710526
39 0.508065 0.500000 0.822581 0.841270
27 0.512500 0.500000 0.725000 0.722222
8 0.500000 0.500000 0.722222 0.722222
12 0.513514 0.512821 0.702703 0.717949
33 0.500000 0.491071 0.814815 0.803571
5 0.500000 0.500000 0.722222 0.722222
25 0.507353 0.508197 0.808824 0.819672
14 0.510870 0.511364 0.760870 0.750000
23 0.500000 0.500000 0.761905 0.736842
41 0.500000 0.486842 0.684211 0.710526
13 0.500000 0.500000 0.761905 0.707317
28 0.500000 0.500000 0.815385 0.818182
11 0.500000 0.500000 0.811321 0.795918
6 0.500000 0.500000 0.600000 0.655172
2 0.500000 0.512821 0.707317 0.717949
1 0.500000 0.500000 0.833333 0.830508
24 0.500000 0.511364 0.791667 0.750000
38 0.513514 0.487179 0.702703 0.717949
31 0.500000 0.485294 0.684211 0.676471
26 0.514286 0.500000 0.685714 0.687500
