36 0.504673 0.504762 0.822430 0.819048
40 0.496753 0.503268 0.824675 0.823529
22 0.500000 0.504065 0.822581 0.829268
29 0.500000 0.500000 0.828571 0.838710
7 0.506494 0.506024 0.831169 0.819277
17 0.500000 0.513889 0.677419 0.694444
35 0.504630 0.504808 0.824074 0.817308
25 0.502283 0.497462 0.831050 0.832487
2 0.500000 0.500000 0.833333 0.818182
8 0.500000 0.508475 0.827586 0.813559
24 0.508772 0.500000 0.807018 0.824561
13 0.500000 0.500000 0.828571 0.831776
38 0.512500 0.512500 0.725000 0.725000
18 0.504505 0.500000 0.828829 0.816327
11 0.503676 0.500000 0.830882 0.831933
34 0.506944 0.500000 0.819444 0.835616
10 0.506098 0.506098 0.817073 0.817073
31 0.500000 0.500000 0.840909 0.829268
20 0.506849 0.500000 0.821918 0.833333
21 0.500000 0.500000 0.829787 0.830508
23 0.503247 0.503546 0.824675 0.822695
30 0.505376 0.500000 0.817204 0.827160
4 0.500000 0.500000 0.825243 0.826923
16 0.500000 0.504237 0.830508 0.822034
14 0.500000 0.500000 0.837209 0.830508
33 0.500000 0.500000 0.833333 0.820225
9 0.507692 0.500000 0.830769 0.841270
3 0.504808 0.504673 0.817308 0.822430
39 0.500000 0.505435 0.837209 0.815217
15 0.507042 0.507042 0.816901 0.816901
