23 0.507143 0.500000 0.814286 0.830508
28 0.500000 0.500000 0.814433 0.829268
20 0.500000 0.500000 0.841270 0.833333
42 0.500000 0.508929 0.807692 0.803571
33 0.495868 0.504167 0.826446 0.825000
32 0.500000 0.509259 0.811321 0.796296
13 0.500000 0.508475 0.841270 0.813559
17 0.511111 0.500000 0.755556 0.782609
41 0.500000 0.500000 0.824561 0.827586
9 0.500000 0.500000 0.808219 0.833333
16 0.500000 0.510204 0.791667 0.775510
15 0.500000 0.510638 0.761905 0.765957
40 0.507692 0.500000 0.830769 0.828571
12 0.500000 0.506757 0.830986 0.824324
2 0.500000 0.500000 0.809524 0.806452
6 0.500000 0.500000 0.729730 0.750000
14 0.500000 0.504237 0.834711 0.822034
1 0.500000 0.505435 0.810526 0.815217
10 0.500000 0.500000 0.825000 0.825000
21 0.500000 0.506024 0.826087 0.819277
7 0.505952 0.505747 0.821429 0.827586
35 0.500000 0.507042 0.808219 0.816901
36 0.512821 0.512500 0.717949 0.725000
31 0.508475 0.500000 0.813559 0.818182
24 0.504808 0.505682 0.817308 0.829545
11 0.493750 0.500000 0.812500 0.828571
39 0.494253 0.500000 0.827586 0.829787
25 0.500000 0.500000 0.826923 0.840909
18 0.504098 0.500000 0.827869 0.814815
8 0.500000 0.500000 0.811321 0.781818
22 0.504274 0.505000 0.820513 0.830000
