13 0.507353 0.500000 0.808824 0.836066
25 0.508065 0.500000 0.822581 0.824561
20 0.510000 0.510000 0.780000 0.780000
21 0.500000 0.506944 0.842105 0.819444
35 0.492188 0.507812 0.828125 0.828125
28 0.500000 0.500000 0.828571 0.836066
14 0.500000 0.507042 0.826087 0.816901
3 0.509259 0.500000 0.796296 0.814815
16 0.500000 0.500000 0.761905 0.782609
9 0.507937 0.500000 0.825397 0.838710
36 0.500000 0.500000 0.769231 0.773585
23 0.500000 0.508197 0.828571 0.819672
38 0.500000 0.500000 0.824561 0.836066
39 0.500000 0.500000 0.795918 0.811321
22 0.506250 0.500000 0.812500 0.820896
2 0.500000 0.500000 0.826087 0.816092
26 0.508065 0.500000 0.822581 0.785714
17 0.500000 0.500000 0.791667 0.803922
34 0.500000 0.508772 0.818182 0.807018
10 0.509804 0.509804 0.784314 0.784314
31 0.500000 0.507353 0.837838 0.808824
8 0.510870 0.500000 0.760870 0.777778
1 0.509091 0.500000 0.800000 0.811321
12 0.508197 0.508475 0.819672 0.813559
30 0.505208 0.500000 0.822917 0.835294
5 0.507246 0.507246 0.811594 0.811594
