10 0.500000 0.507246 0.823529 0.811594
39 0.500000 0.500000 0.830986 0.830986
25 0.500000 0.500000 0.835165 0.824561
38 0.512821 0.487179 0.717949 0.717949
23 0.500000 0.500000 0.833333 0.837838
2 0.500000 0.507692 0.836066 0.830769
34 0.508065 0.500000 0.822581 0.841270
18 0.500000 0.500000 0.818182 0.835294
13 0.507692 0.505208 0.830769 0.822917
11 0.504425 0.500000 0.831858 0.825243
15 0.507812 0.500000 0.828125 0.841270
36 0.500000 0.506250 0.842105 0.812500
6 0.510204 0.490741 0.775510 0.796296
30 0.500000 0.507246 0.840000 0.811594
17 0.500000 0.500000 0.666667 0.705882
31 0.500000 0.506757 0.829268 0.824324
33 0.500000 0.494048 0.825000 0.821429
21 0.500000 0.500000 0.837398 0.826923
3 0.500000 0.505882 0.827160 0.823529
22 0.500000 0.505882 0.837209 0.823529
20 0.509091 0.509091 0.800000 0.800000
29 0.500000 0.500000 0.823009 0.836735
16 0.504762 0.495192 0.819048 0.817308
9 0.500000 0.490741 0.814815 0.796296
14 0.493056 0.494624 0.819444 0.817204
40 0.495763 0.495833 0.822034 0.825000
12 0.504762 0.500000 0.819048 0.826923
7 0.500000 0.507812 0.833333 0.828125
35 0.505376 0.500000 0.817204 0.839080
1 0.508333 0.507692 0.816667 0.830769
8 0.500000 0.500000 0.814815 0.814815
28 0.496429 0.500000 0.821429 0.821138
