6 0.500000 0.500000 0.714286 0.722222
11 0.500000 0.517241 0.705882 0.620690
4 0.510638 0.500000 0.765957 0.782609
32 0.500000 0.500000 0.655172 0.666667
9 0.500000 0.513514 0.714286 0.702703
38 0.484375 0.485294 0.656250 0.676471
20 0.500000 0.517241 0.677419 0.620690
13 0.500000 0.516129 0.677419 0.645161
17 0.519231 0.515152 0.576923 0.666667
22 0.512195 0.512500 0.731707 0.725000
30 0.514706 0.500000 0.676471 0.687500
18 0.500000 0.517857 0.655172 0.607143
8 0.500000 0.500000 0.736842 0.743590
19 0.506494 0.500000 0.831169 0.841270
1 0.500000 0.500000 0.800000 0.800000
21 0.500000 0.500000 0.761905 0.714286
28 0.487179 0.500000 0.717949 0.729730
41 0.500000 0.515152 0.687500 0.666667
16 0.508333 0.500000 0.816667 0.833333
15 0.511111 0.510638 0.755556 0.765957
29 0.515625 0.511628 0.656250 0.744186
3 0.516667 0.483333 0.633333 0.633333
37 0.512500 0.500000 0.725000 0.743590
33 0.517857 0.517241 0.607143 0.620690
14 0.508929 0.508929 0.803571 0.803571
5 0.514706 0.500000 0.676471 0.705882
35 0.488372 0.488372 0.744186 0.744186
26 0.500000 0.485714 0.705882 0.685714
2 0.512821 0.500000 0.717949 0.714286
27 0.500000 0.500000 0.814815 0.803922
23 0.500000 0.516667 0.666667 0.633333
12 0.500000 0.500000 0.677419 0.714286
