20 0.511905 0.500000 0.738095 0.722222
9 0.500000 0.500000 0.767442 0.761905
31 0.500000 0.510000 0.821429 0.780000
10 0.500000 0.510870 0.772727 0.760870
2 0.500000 0.500000 0.791667 0.761905
27 0.506944 0.507353 0.819444 0.808824
36 0.500000 0.489796 0.760000 0.775510
39 0.500000 0.504587 0.831776 0.825688
16 0.500000 0.500000 0.840000 0.842105
8 0.511905 0.500000 0.738095 0.767442
4 0.508929 0.508929 0.803571 0.803571
12 0.500000 0.500000 0.714286 0.743590
28 0.500000 0.500000 0.761905 0.736842
34 0.510417 0.509434 0.770833 0.792453
18 0.500000 0.500000 0.666667 0.629630
33 0.500000 0.515152 0.666667 0.666667
24 0.500000 0.512821 0.761905 0.717949
19 0.494382 0.500000 0.831461 0.820513
40 0.510204 0.510870 0.775510 0.760870
13 0.487805 0.500000 0.731707 0.743590
25 0.500000 0.508621 0.827586 0.810345
11 0.511905 0.500000 0.738095 0.743590
21 0.509259 0.500000 0.796296 0.800000
7 0.500000 0.513158 0.729730 0.710526
23 0.500000 0.500000 0.743590 0.736842
41 0.512195 0.512195 0.731707 0.731707
3 0.512821 0.500000 0.717949 0.736842
15 0.510204 0.490000 0.775510 0.780000
0 0.511364 0.511364 0.750000 0.750000
5 0.500000 0.511905 0.756098 0.738095
14 0.506944 0.500000 0.819444 0.830986
17 0.500000 0.516129 0.629630 0.645161
1 0.507246 0.507143 0.811594 0.814286
26 0.511364 0.510870 0.750000 0.760870
