23 0.500000 0.500000 0.750000 0.736842
0 0.500000 0.500000 0.714286 0.696970
18 0.500000 0.505814 0.831579 0.825581
37 0.500000 0.500000 0.769231 0.773585
28 0.510417 0.510000 0.770833 0.780000
14 0.500000 0.508929 0.818182 0.803571
40 0.500000 0.507353 0.820896 0.808824
34 0.500000 0.500000 0.696970 0.675676
38 0.485714 0.500000 0.685714 0.714286
7 0.511905 0.511905 0.738095 0.738095
3 0.513889 0.513889 0.694444 0.694444
19 0.513158 0.486111 0.710526 0.694444
1 0.500000 0.500000 0.684211 0.684211
5 0.484375 0.515152 0.656250 0.666667
9 0.514706 0.500000 0.676471 0.696970
17 0.514286 0.514286 0.685714 0.685714
22 0.500000 0.500000 0.736842 0.714286
6 0.483333 0.500000 0.633333 0.647059
35 0.500000 0.500000 0.636364 0.677419
32 0.500000 0.515152 0.666667 0.666667
16 0.500000 0.500000 0.696970 0.696970
30 0.511628 0.512821 0.744186 0.717949
20 0.486111 0.500000 0.694444 0.696970
11 0.500000 0.500000 0.827586 0.803922
10 0.500000 0.514286 0.705882 0.685714
24 0.500000 0.516667 0.666667 0.633333
15 0.500000 0.484375 0.677419 0.656250
21 0.500000 0.500000 0.736842 0.722222
31 0.500000 0.500000 0.729730 0.736842
29 0.511364 0.512821 0.750000 0.717949
36 0.500000 0.500000 0.729730 0.729730
42 0.516129 0.516129 0.645161 0.645161
39 0.512500 0.487500 0.725000 0.725000
26 0.511628 0.500000 0.744186 0.743590
41 0.500000 0.515152 0.677419 0.666667
4 0.509259 0.500000 0.796296 0.811321
33 0.500000 0.500000 0.826087 0.800000
13 0.513889 0.500000 0.694444 0.714286
