1 0.500000 0.507937 0.838710 0.825397
4 0.508197 0.508065 0.819672 0.822581
23 0.500000 0.506579 0.835294 0.828947
7 0.500000 0.505952 0.820513 0.821429
15 0.508065 0.500000 0.822581 0.837838
24 0.507143 0.492063 0.814286 0.825397
32 0.500000 0.500000 0.818182 0.811321
28 0.500000 0.506024 0.829787 0.819277
36 0.507143 0.507143 0.814286 0.814286
9 0.500000 0.507246 0.843750 0.811594
2 0.511905 0.511111 0.738095 0.755556
14 0.491228 0.500000 0.807018 0.793103
22 0.500000 0.506579 0.840000 0.828947
11 0.500000 0.503731 0.836735 0.828358
27 0.500000 0.500000 0.825000 0.833333
40 0.507353 0.507353 0.808824 0.808824
3 0.500000 0.509091 0.803922 0.800000
42 0.500000 0.512195 0.743590 0.731707
33 0.507042 0.500000 0.816901 0.826087
5 0.500000 0.500000 0.736842 0.707317
21 0.500000 0.509804 0.821429 0.784314
38 0.507353 0.500000 0.808824 0.823529
30 0.505814 0.500000 0.825581 0.840000
19 0.505435 0.500000 0.815217 0.830986
13 0.491379 0.508475 0.810345 0.813559
26 0.511111 0.500000 0.755556 0.750000
37 0.500000 0.505319 0.831579 0.819149
35 0.500000 0.500000 0.744681 0.750000
18 0.500000 0.508333 0.843750 0.816667
8 0.508929 0.500000 0.803571 0.811321
41 0.500000 0.500000 0.800000 0.837838
12 0.493827 0.500000 0.814815 0.829268
16 0.510204 0.500000 0.775510 0.791667
0 0.500000 0.507937 0.838710 0.825397
6 0.500000 0.500000 0.827586 0.836066
