5 0.516129 0.500000 0.645161 0.666667
9 0.517241 0.516129 0.620690 0.645161
22 0.500000 0.517241 0.687500 0.620690
3 0.500000 0.516667 0.642857 0.633333
28 0.500000 0.500000 0.722222 0.696970
1 0.500000 0.516667 0.642857 0.633333
2 0.500000 0.500000 0.729730 0.684211
18 0.500000 0.500000 0.666667 0.629630
33 0.500000 0.506667 0.830986 0.826667
21 0.500000 0.515152 0.687500 0.666667
14 0.500000 0.500000 0.600000 0.629630
25 0.500000 0.500000 0.615385 0.600000
38 0.514706 0.500000 0.676471 0.696970
16 0.500000 0.516667 0.655172 0.633333
7 0.518519 0.517857 0.592593 0.607143
15 0.514286 0.514286 0.685714 0.685714
10 0.500000 0.500000 0.677419 0.677419
11 0.512500 0.500000 0.725000 0.743590
23 0.500000 0.500000 0.736842 0.736842
34 0.516667 0.515625 0.633333 0.656250
36 0.518519 0.500000 0.592593 0.629630
17 0.516667 0.515152 0.633333 0.666667
40 0.518519 0.500000 0.592593 0.600000
