23 0.505618 0.500000 0.831461 0.837838
9 0.500000 0.504630 0.828571 0.824074
35 0.495833 0.500000 0.825000 0.831933
38 0.500000 0.506579 0.830986 0.828947
14 0.504167 0.504237 0.825000 0.822034
28 0.505000 0.505814 0.830000 0.825581
11 0.500000 0.505682 0.840000 0.829545
7 0.500000 0.500000 0.772727 0.782609
26 0.500000 0.505435 0.836735 0.815217
30 0.503378 0.503817 0.831081 0.824427
36 0.500000 0.500000 0.818182 0.827160
21 0.500000 0.500000 0.831933 0.833333
8 0.500000 0.509259 0.811321 0.796296
13 0.500000 0.500000 0.842105 0.813333
31 0.500000 0.500000 0.833333 0.835052
33 0.500000 0.500000 0.828571 0.830189
15 0.506494 0.506494 0.831169 0.831169
20 0.508475 0.500000 0.813559 0.827586
40 0.494898 0.505208 0.826531 0.822917
1 0.507246 0.500000 0.811594 0.823529
18 0.509091 0.500000 0.800000 0.795918
4 0.508065 0.508065 0.822581 0.822581
12 0.505376 0.500000 0.817204 0.833333
2 0.500000 0.500000 0.830986 0.835821
39 0.500000 0.506173 0.835616 0.814815
17 0.508621 0.500000 0.810345 0.812500
10 0.500000 0.500000 0.833333 0.833333
