40 0.514286 0.514286 0.685714 0.685714
4 0.517857 0.517857 0.607143 0.607143
39 0.517857 0.500000 0.607143 0.629630
2 0.500000 0.500000 0.600000 0.555556
29 0.500000 0.517241 0.655172 0.620690
34 0.518519 0.500000 0.592593 0.642857
9 0.500000 0.500000 0.629630 0.629630
15 0.500000 0.518519 0.555556 0.592593
10 0.500000 0.500000 0.655172 0.655172
21 0.500000 0.515625 0.687500 0.656250
37 0.512821 0.500000 0.717949 0.750000
5 0.500000 0.500000 0.666667 0.677419
33 0.517857 0.517241 0.607143 0.620690
22 0.500000 0.517241 0.666667 0.620690
27 0.500000 0.500000 0.756098 0.736842
20 0.518519 0.500000 0.592593 0.600000
12 0.500000 0.500000 0.600000 0.600000
23 0.513158 0.514706 0.710526 0.676471
42 0.500000 0.517241 0.642857 0.620690
24 0.515152 0.516667 0.666667 0.633333
26 0.500000 0.516667 0.677419 0.633333
18 0.511905 0.512821 0.738095 0.717949
11 0.500000 0.518519 0.642857 0.592593
19 0.500000 0.514706 0.722222 0.676471
41 0.519231 0.481481 0.576923 0.592593
6 0.480769 0.481481 0.576923 0.592593
38 0.472727 0.507042 0.872727 0.816901
14 0.516129 0.515152 0.645161 0.666667
25 0.518519 0.500000 0.592593 0.555556
17 0.500000 0.516667 0.642857 0.633333
7 0.513889 0.513889 0.694444 0.694444
36 0.500000 0.516667 0.655172 0.633333
0 0.514706 0.513889 0.676471 0.694444
30 0.518519 0.518519 0.592593 0.592593
