3 0.500000 0.517241 0.642857 0.620690
28 0.508621 0.500000 0.810345 0.814815
9 0.516129 0.516129 0.645161 0.645161
40 0.500000 0.516667 0.655172 0.633333
6 0.500000 0.500000 0.615385 0.586207
8 0.500000 0.500000 0.636364 0.677419
7 0.513514 0.500000 0.702703 0.722222
10 0.500000 0.514286 0.696970 0.685714
27 0.514286 0.500000 0.685714 0.677419
41 0.500000 0.500000 0.657143 0.657143
21 0.513889 0.485714 0.694444 0.685714
25 0.500000 0.509615 0.824561 0.788462
22 0.512821 0.514286 0.717949 0.685714
12 0.514706 0.500000 0.676471 0.705882
38 0.500000 0.500000 0.636364 0.687500
18 0.491525 0.509434 0.813559 0.792453
33 0.500000 0.489130 0.744681 0.760870
2 0.500000 0.485714 0.675676 0.685714
24 0.500000 0.512821 0.756098 0.717949
36 0.516129 0.515625 0.645161 0.656250
34 0.500000 0.516667 0.655172 0.633333
20 0.500000 0.517857 0.629630 0.607143
15 0.517857 0.500000 0.607143 0.655172
39 0.500000 0.500000 0.818182 0.796610
35 0.517857 0.482759 0.607143 0.620690
26 0.500000 0.517241 0.687500 0.620690
30 0.512500 0.500000 0.725000 0.743590
23 0.500000 0.500000 0.722222 0.677419
16 0.516667 0.500000 0.633333 0.666667
31 0.514286 0.500000 0.685714 0.677419
1 0.500000 0.500000 0.814815 0.814815
17 0.500000 0.515625 0.655172 0.656250
