25 0.500000 0.500000 0.629630 0.571429
2 0.500000 0.500000 0.615385 0.629630
12 0.500000 0.500000 0.625000 0.687500
26 0.515152 0.516129 0.666667 0.645161
38 0.513514 0.500000 0.702703 0.722222
40 0.500000 0.500000 0.647059 0.687500
7 0.486842 0.487805 0.710526 0.731707
4 0.500000 0.500000 0.647059 0.687500
42 0.500000 0.516667 0.655172 0.633333
29 0.513158 0.514286 0.710526 0.685714
33 0.500000 0.500000 0.761905 0.750000
23 0.500000 0.514706 0.684211 0.676471
28 0.500000 0.500000 0.750000 0.722222
18 0.513889 0.484848 0.694444 0.666667
0 0.500000 0.517857 0.629630 0.607143
15 0.500000 0.514706 0.655172 0.676471
22 0.514706 0.500000 0.676471 0.655172
14 0.500000 0.500000 0.677419 0.687500
39 0.510417 0.509615 0.770833 0.788462
37 0.500000 0.500000 0.642857 0.642857
34 0.482759 0.517857 0.620690 0.607143
21 0.500000 0.500000 0.666667 0.666667
3 0.516129 0.500000 0.645161 0.666667
24 0.509259 0.490385 0.796296 0.788462
20 0.500000 0.515152 0.696970 0.666667
36 0.500000 0.518519 0.615385 0.592593
19 0.511364 0.500000 0.750000 0.743590
31 0.513514 0.500000 0.702703 0.705882
32 0.517241 0.500000 0.620690 0.642857
41 0.500000 0.484848 0.625000 0.666667
17 0.500000 0.500000 0.555556 0.707317
8 0.518519 0.518519 0.592593 0.592593
35 0.500000 0.500000 0.655172 0.612903
11 0.507143 0.500000 0.814286 0.841270
