5 0.515625 0.500000 0.656250 0.687500
18 0.500000 0.518519 0.629630 0.592593
14 0.500000 0.510204 0.803922 0.775510
40 0.500000 0.514286 0.675676 0.685714
20 0.500000 0.518519 0.642857 0.592593
0 0.500000 0.500000 0.677419 0.677419
42 0.500000 0.517241 0.642857 0.620690
4 0.511364 0.500000 0.750000 0.767442
39 0.493976 0.500000 0.819277 0.829268
33 0.517857 0.500000 0.607143 0.629630
9 0.500000 0.500000 0.714286 0.714286
1 0.508621 0.500000 0.810345 0.793103
24 0.481481 0.500000 0.592593 0.629630
12 0.517241 0.500000 0.620690 0.666667
2 0.513514 0.515152 0.702703 0.666667
38 0.500000 0.500000 0.629630 0.642857
31 0.512195 0.512821 0.731707 0.717949
8 0.500000 0.500000 0.729730 0.729730
10 0.500000 0.512821 0.729730 0.717949
13 0.500000 0.500000 0.642857 0.642857
23 0.518519 0.481481 0.592593 0.592593
21 0.513514 0.513514 0.702703 0.702703
28 0.513158 0.514286 0.710526 0.685714
29 0.500000 0.512500 0.677419 0.725000
41 0.516667 0.500000 0.633333 0.666667
26 0.515625 0.500000 0.656250 0.677419
37 0.513514 0.500000 0.702703 0.722222
3 0.517857 0.517241 0.607143 0.620690
17 0.500000 0.515152 0.615385 0.666667
32 0.500000 0.500000 0.629630 0.629630
6 0.515625 0.500000 0.656250 0.687500
30 0.500000 0.500000 0.696970 0.615385
27 0.500000 0.510870 0.755102 0.760870
