17 0.500000 0.515152 0.677419 0.666667
41 0.516667 0.516667 0.633333 0.633333
40 0.500000 0.500000 0.750000 0.750000
15 0.483871 0.500000 0.645161 0.677419
9 0.516667 0.500000 0.633333 0.655172
26 0.500000 0.500000 0.705882 0.625000
29 0.500000 0.500000 0.687500 0.677419
33 0.500000 0.500000 0.625000 0.677419
10 0.514706 0.500000 0.676471 0.696970
31 0.514706 0.514706 0.676471 0.676471
19 0.512195 0.512821 0.731707 0.717949
30 0.500000 0.516129 0.666667 0.645161
38 0.508065 0.493243 0.822581 0.824324
42 0.515625 0.515625 0.656250 0.656250
6 0.500000 0.516667 0.642857 0.633333
11 0.500000 0.517241 0.687500 0.620690
4 0.484375 0.484375 0.656250 0.656250
22 0.515152 0.515625 0.666667 0.656250
14 0.500000 0.513889 0.705882 0.694444
7 0.513158 0.513158 0.710526 0.710526
0 0.500000 0.500000 0.692308 0.707317
28 0.511111 0.511905 0.755556 0.738095
32 0.500000 0.500000 0.625000 0.625000
35 0.516667 0.500000 0.633333 0.625000
24 0.486111 0.515152 0.694444 0.666667
27 0.511364 0.500000 0.750000 0.743590
20 0.516129 0.517241 0.645161 0.620690
21 0.500000 0.513889 0.722222 0.694444
18 0.510638 0.500000 0.765957 0.756098
23 0.513514 0.514706 0.702703 0.676471
25 0.500000 0.500000 0.666667 0.655172
2 0.500000 0.500000 0.655172 0.655172
39 0.500000 0.516667 0.655172 0.633333
5 0.500000 0.514286 0.705882 0.685714
13 0.515152 0.500000 0.666667 0.677419
12 0.500000 0.514706 0.705882 0.676471
