40 0.503817 0.504098 0.824427 0.827869
5 0.500000 0.500000 0.800000 0.811321
19 0.504310 0.500000 0.818966 0.826923
11 0.502488 0.500000 0.825871 0.828571
32 0.512500 0.511111 0.725000 0.755556
0 0.500000 0.504630 0.834862 0.824074
7 0.503401 0.500000 0.829932 0.835616
36 0.506494 0.506667 0.831169 0.826667
42 0.500000 0.500000 0.806452 0.830508
14 0.500000 0.505814 0.835294 0.825581
1 0.492188 0.507937 0.828125 0.825397
4 0.500000 0.503571 0.830986 0.821429
21 0.503401 0.503731 0.829932 0.828358
37 0.500000 0.500000 0.826087 0.837838
24 0.504000 0.504202 0.832000 0.823529
34 0.500000 0.500000 0.806452 0.826087
29 0.500000 0.500000 0.835294 0.833333
26 0.500000 0.500000 0.833333 0.838710
30 0.500000 0.505155 0.837838 0.824742
13 0.500000 0.500000 0.832061 0.838235
16 0.509615 0.500000 0.788462 0.811321
22 0.500000 0.500000 0.842105 0.837838
2 0.500000 0.500000 0.837838 0.825000
8 0.492424 0.507143 0.833333 0.814286
23 0.496875 0.500000 0.831250 0.820690
15 0.506667 0.500000 0.826667 0.837838
10 0.500000 0.500000 0.838710 0.841270
33 0.500000 0.500000 0.833333 0.826087
31 0.500000 0.507692 0.835616 0.830769
38 0.500000 0.505882 0.820513 0.823529
28 0.500000 0.500000 0.826087 0.830189
35 0.500000 0.500000 0.823529 0.826087
3 0.508065 0.500000 0.822581 0.830508
20 0.506757 0.500000 0.824324 0.820896
18 0.502994 0.500000 0.826347 0.830065
27 0.504673 0.500000 0.822430 0.835052
17 0.500000 0.500000 0.835616 0.813333
9 0.505882 0.500000 0.823529 0.820225
12 0.500000 0.505376 0.829787 0.817204
41 0.507143 0.492857 0.814286 0.814286
