35 0.500000 0.512500 0.743590 0.725000
11 0.510638 0.511628 0.765957 0.744186
40 0.500000 0.500000 0.642857 0.687500
18 0.500000 0.510870 0.803922 0.760870
1 0.500000 0.500000 0.767442 0.782609
38 0.481481 0.500000 0.592593 0.642857
29 0.500000 0.500000 0.743590 0.729730
36 0.518519 0.517857 0.592593 0.607143
31 0.500000 0.513889 0.714286 0.694444
26 0.500000 0.516129 0.705882 0.645161
33 0.500000 0.500000 0.787234 0.760000
14 0.516129 0.500000 0.645161 0.705882
34 0.517241 0.516129 0.620690 0.645161
16 0.500000 0.508772 0.824561 0.807018
4 0.517857 0.500000 0.607143 0.629630
12 0.500000 0.516129 0.666667 0.645161
20 0.500000 0.500000 0.666667 0.666667
10 0.483871 0.500000 0.645161 0.625000
13 0.511905 0.510870 0.738095 0.760870
6 0.518519 0.500000 0.592593 0.642857
5 0.500000 0.500000 0.655172 0.655172
9 0.517857 0.517857 0.607143 0.607143
3 0.500000 0.516129 0.655172 0.645161
7 0.500000 0.516129 0.666667 0.645161
