8 0.500000 0.500000 0.821429 0.821429
17 0.493151 0.500000 0.821918 0.825000
20 0.500000 0.492958 0.809524 0.816901
37 0.500000 0.494118 0.825000 0.823529
36 0.505155 0.505051 0.824742 0.828283
6 0.500000 0.500000 0.839080 0.835052
2 0.500000 0.506849 0.833333 0.821918
38 0.500000 0.505102 0.840000 0.826531
21 0.500000 0.495000 0.836364 0.830000
41 0.500000 0.500000 0.839080 0.806452
22 0.505618 0.500000 0.831461 0.831325
31 0.506849 0.500000 0.821918 0.826087
25 0.510000 0.510204 0.780000 0.775510
1 0.500000 0.500000 0.836066 0.822222
18 0.504505 0.505000 0.828829 0.830000
16 0.503472 0.503448 0.826389 0.827586
28 0.504717 0.500000 0.820755 0.829787
19 0.503676 0.504132 0.830882 0.826446
35 0.500000 0.505051 0.835052 0.828283
29 0.500000 0.494624 0.809524 0.817204
11 0.506757 0.507246 0.824324 0.811594
10 0.508333 0.508333 0.816667 0.816667
7 0.500000 0.505102 0.835052 0.826531
13 0.500000 0.500000 0.842105 0.826087
27 0.500000 0.507937 0.843750 0.825397
15 0.500000 0.506098 0.825000 0.817073
12 0.500000 0.494186 0.816092 0.825581
5 0.500000 0.504274 0.833333 0.820513
24 0.500000 0.500000 0.833333 0.827338
14 0.495327 0.504274 0.822430 0.820513
32 0.500000 0.506944 0.833333 0.819444
3 0.505814 0.505208 0.825581 0.822917
39 0.511111 0.500000 0.755556 0.767442
30 0.506849 0.500000 0.821918 0.833333
