40 0.510204 0.500000 0.775510 0.803922
32 0.500000 0.488636 0.733333 0.750000
26 0.510870 0.500000 0.760870 0.761905
33 0.500000 0.494949 0.814433 0.828283
10 0.508621 0.500000 0.810345 0.824561
1 0.494048 0.506173 0.821429 0.814815
35 0.500000 0.509259 0.811321 0.796296
28 0.505882 0.506849 0.823529 0.821918
22 0.500000 0.500000 0.842105 0.828571
39 0.493827 0.500000 0.814815 0.813953
3 0.500000 0.500000 0.772727 0.777778
14 0.505682 0.505882 0.829545 0.823529
15 0.512821 0.511628 0.717949 0.744186
31 0.500000 0.510417 0.800000 0.770833
17 0.512821 0.511905 0.717949 0.738095
41 0.500000 0.509804 0.800000 0.784314
38 0.500000 0.508333 0.821429 0.816667
42 0.500000 0.500000 0.772727 0.782609
24 0.500000 0.507353 0.840000 0.808824
20 0.488636 0.488095 0.750000 0.738095
16 0.511905 0.488095 0.738095 0.738095
21 0.507246 0.508197 0.811594 0.819672
9 0.509434 0.509434 0.792453 0.792453
27 0.508929 0.500000 0.803571 0.803922
11 0.492958 0.500000 0.816901 0.838710
5 0.500000 0.510204 0.782609 0.775510
13 0.508621 0.500000 0.810345 0.807692
23 0.500000 0.500000 0.821429 0.803922
25 0.500000 0.500000 0.831579 0.807229
36 0.500000 0.513514 0.714286 0.702703
6 0.485714 0.500000 0.685714 0.684211
