16 0.500000 0.510870 0.777778 0.760870
2 0.508772 0.508929 0.807018 0.803571
4 0.500000 0.500000 0.772727 0.744681
36 0.500000 0.500000 0.729730 0.743590
23 0.500000 0.508929 0.836066 0.803571
27 0.500000 0.500000 0.803279 0.818182
3 0.500000 0.509804 0.791667 0.784314
31 0.490741 0.500000 0.796296 0.769231
30 0.505814 0.500000 0.825581 0.825000
22 0.505263 0.493902 0.821053 0.817073
1 0.505682 0.500000 0.829545 0.833333
7 0.507042 0.507042 0.816901 0.816901
20 0.500000 0.510000 0.773585 0.780000
17 0.500000 0.500000 0.750000 0.761905
18 0.500000 0.500000 0.814815 0.829787
9 0.508333 0.500000 0.816667 0.830508
34 0.509091 0.509091 0.800000 0.800000
35 0.508197 0.500000 0.819672 0.806452
41 0.500000 0.509434 0.807692 0.792453
24 0.505952 0.506667 0.821429 0.826667
38 0.500000 0.492647 0.812500 0.808824
26 0.510417 0.500000 0.770833 0.772727
28 0.500000 0.500000 0.840909 0.818182
40 0.508772 0.508621 0.807018 0.810345
29 0.500000 0.492754 0.828571 0.811594
39 0.500000 0.500000 0.833333 0.822222
