22 0.514286 0.515152 0.685714 0.666667
2 0.500000 0.488095 0.727273 0.738095
34 0.515152 0.515152 0.666667 0.666667
4 0.500000 0.515152 0.687500 0.666667
33 0.506494 0.506494 0.831169 0.831169
1 0.500000 0.515152 0.636364 0.666667
31 0.500000 0.500000 0.743590 0.729730
21 0.513158 0.513889 0.710526 0.694444
8 0.514706 0.500000 0.676471 0.696970
7 0.516129 0.500000 0.645161 0.687500
35 0.500000 0.500000 0.642857 0.642857
26 0.500000 0.500000 0.647059 0.666667
18 0.484375 0.500000 0.656250 0.600000
20 0.512821 0.500000 0.717949 0.736842
15 0.500000 0.513514 0.722222 0.702703
38 0.500000 0.514286 0.714286 0.685714
30 0.500000 0.500000 0.782609 0.772727
5 0.515152 0.515152 0.666667 0.666667
14 0.483871 0.500000 0.645161 0.687500
13 0.515152 0.500000 0.666667 0.655172
16 0.516129 0.515625 0.645161 0.656250
11 0.500000 0.500000 0.782609 0.727273
10 0.500000 0.500000 0.687500 0.687500
