23 0.500000 0.506250 0.827160 0.812500
2 0.500000 0.500000 0.625000 0.677419
27 0.500000 0.512195 0.761905 0.731707
13 0.500000 0.485714 0.696970 0.685714
5 0.500000 0.483333 0.600000 0.633333
24 0.500000 0.507937 0.800000 0.825397
17 0.515625 0.515625 0.656250 0.656250
18 0.500000 0.500000 0.803922 0.787234
25 0.500000 0.507143 0.837838 0.814286
10 0.500000 0.515152 0.705882 0.666667
19 0.512821 0.500000 0.717949 0.714286
37 0.500000 0.500000 0.675676 0.675676
11 0.491935 0.508333 0.822581 0.816667
39 0.500000 0.515625 0.666667 0.656250
9 0.500000 0.515625 0.677419 0.656250
15 0.515625 0.507692 0.656250 0.830769
14 0.512195 0.511905 0.731707 0.738095
32 0.515625 0.515625 0.656250 0.656250
30 0.500000 0.513889 0.736842 0.694444
38 0.485714 0.500000 0.685714 0.727273
8 0.515152 0.500000 0.666667 0.696970
0 0.514706 0.500000 0.676471 0.696970
29 0.488889 0.500000 0.755556 0.756098
1 0.513158 0.486486 0.710526 0.702703
6 0.500000 0.500000 0.714286 0.722222
28 0.500000 0.500000 0.733333 0.743590
41 0.500000 0.500000 0.642857 0.687500
33 0.514706 0.500000 0.676471 0.687500
34 0.500000 0.484375 0.696970 0.656250
36 0.513514 0.514286 0.702703 0.685714
31 0.511111 0.500000 0.755556 0.714286
42 0.515152 0.500000 0.666667 0.687500
20 0.500000 0.500000 0.736842 0.714286
12 0.500000 0.515152 0.714286 0.666667
7 0.482759 0.500000 0.620690 0.612903
4 0.511364 0.500000 0.750000 0.767442
