35 0.500000 0.509259 0.811321 0.796296
0 0.500000 0.500000 0.800000 0.807692
1 0.508475 0.508772 0.813559 0.807018
8 0.500000 0.500000 0.836066 0.833333
37 0.506579 0.500000 0.828947 0.840000
10 0.500000 0.500000 0.840000 0.836066
36 0.508065 0.507812 0.822581 0.828125
41 0.508621 0.500000 0.810345 0.830508
12 0.500000 0.500000 0.820896 0.823529
13 0.500000 0.505952 0.837209 0.821429
5 0.500000 0.487805 0.750000 0.731707
14 0.503788 0.496183 0.825758 0.824427
15 0.507812 0.500000 0.828125 0.813953
7 0.511905 0.500000 0.738095 0.707317
9 0.500000 0.500000 0.820896 0.841270
21 0.500000 0.507692 0.842105 0.830769
42 0.506944 0.500000 0.819444 0.826087
16 0.500000 0.500000 0.833333 0.834862
39 0.490000 0.500000 0.780000 0.769231
27 0.494898 0.505747 0.826531 0.827586
28 0.500000 0.500000 0.827160 0.830986
38 0.500000 0.500000 0.820896 0.837209
2 0.506849 0.506849 0.821918 0.821918
32 0.500000 0.500000 0.800000 0.791667
23 0.503012 0.500000 0.825301 0.830065
4 0.500000 0.508333 0.827586 0.816667
19 0.500000 0.500000 0.824176 0.825000
31 0.507143 0.500000 0.814286 0.841270
29 0.504808 0.500000 0.817308 0.827957
40 0.507042 0.507042 0.816901 0.816901
