36 0.486486 0.486842 0.702703 0.710526
33 0.500000 0.513514 0.722222 0.702703
26 0.510870 0.512195 0.760870 0.731707
37 0.500000 0.500000 0.636364 0.687500
28 0.487805 0.500000 0.731707 0.736842
25 0.500000 0.487805 0.767442 0.731707
12 0.500000 0.500000 0.655172 0.600000
14 0.510417 0.500000 0.770833 0.791667
41 0.514706 0.500000 0.676471 0.696970
15 0.513889 0.513514 0.694444 0.702703
27 0.510638 0.511111 0.765957 0.755556
39 0.513514 0.500000 0.702703 0.729730
9 0.500000 0.514286 0.705882 0.685714
1 0.505435 0.500000 0.815217 0.840909
38 0.500000 0.500000 0.657143 0.722222
20 0.513889 0.500000 0.694444 0.714286
10 0.515625 0.500000 0.656250 0.677419
5 0.500000 0.513514 0.705882 0.702703
6 0.513514 0.500000 0.702703 0.729730
18 0.505747 0.506579 0.827586 0.828947
16 0.514286 0.500000 0.685714 0.705882
42 0.513158 0.513158 0.710526 0.710526
3 0.513514 0.513514 0.702703 0.702703
22 0.500000 0.500000 0.705882 0.636364
4 0.500000 0.509091 0.785714 0.800000
21 0.500000 0.500000 0.743590 0.705882
24 0.511628 0.500000 0.744186 0.722222
29 0.511905 0.511905 0.738095 0.738095
17 0.509615 0.500000 0.788462 0.811321
11 0.500000 0.510870 0.777778 0.760870
2 0.514706 0.513889 0.676471 0.694444
