7 0.500000 0.513889 0.714286 0.694444
33 0.500000 0.490196 0.800000 0.784314
42 0.500000 0.515625 0.666667 0.656250
13 0.512195 0.512500 0.731707 0.725000
2 0.500000 0.486486 0.729730 0.702703
14 0.500000 0.512500 0.736842 0.725000
16 0.516667 0.500000 0.633333 0.625000
11 0.490196 0.500000 0.784314 0.750000
9 0.500000 0.500000 0.666667 0.666667
29 0.500000 0.500000 0.736842 0.736842
28 0.508065 0.509259 0.822581 0.796296
17 0.500000 0.500000 0.666667 0.687500
4 0.515152 0.500000 0.666667 0.687500
23 0.500000 0.513889 0.743590 0.694444
25 0.500000 0.508929 0.809524 0.803571
18 0.500000 0.500000 0.838710 0.793103
8 0.500000 0.500000 0.657143 0.657143
38 0.485714 0.513514 0.685714 0.702703
32 0.516129 0.516129 0.645161 0.645161
15 0.500000 0.500000 0.666667 0.687500
10 0.514286 0.513889 0.685714 0.694444
36 0.515152 0.500000 0.666667 0.696970
31 0.500000 0.484848 0.714286 0.666667
35 0.516667 0.483871 0.633333 0.645161
22 0.511905 0.486842 0.738095 0.710526
12 0.514286 0.500000 0.685714 0.714286
5 0.500000 0.515152 0.687500 0.666667
41 0.500000 0.500000 0.722222 0.722222
3 0.500000 0.500000 0.655172 0.666667
27 0.500000 0.514706 0.722222 0.676471
40 0.500000 0.500000 0.666667 0.666667
