9 0.514286 0.514286 0.685714 0.685714
5 0.510870 0.510870 0.760870 0.760870
38 0.515152 0.515152 0.666667 0.666667
23 0.500000 0.508333 0.841270 0.816667
28 0.500000 0.493750 0.820225 0.812500
40 0.500000 0.507692 0.843750 0.830769
39 0.500000 0.512195 0.714286 0.731707
13 0.509434 0.491935 0.792453 0.822581
3 0.500000 0.500000 0.761905 0.761905
33 0.507812 0.507812 0.828125 0.828125
22 0.511905 0.500000 0.738095 0.750000
30 0.500000 0.512195 0.777778 0.731707
25 0.500000 0.504762 0.836364 0.819048
21 0.500000 0.500000 0.841270 0.814815
1 0.500000 0.500000 0.803922 0.814815
16 0.500000 0.506757 0.813333 0.824324
6 0.514706 0.513514 0.676471 0.702703
17 0.500000 0.500000 0.655172 0.687500
26 0.510204 0.500000 0.775510 0.767442
4 0.512500 0.500000 0.725000 0.756098
10 0.511628 0.511628 0.744186 0.744186
35 0.508197 0.500000 0.819672 0.827586
2 0.486842 0.512821 0.710526 0.717949
20 0.500000 0.512500 0.743590 0.725000
36 0.512821 0.512500 0.717949 0.725000
15 0.510204 0.510204 0.775510 0.775510
31 0.509615 0.510638 0.788462 0.765957
