32 0.500000 0.516129 0.666667 0.645161
7 0.500000 0.482759 0.586207 0.620690
18 0.500000 0.510638 0.800000 0.765957
28 0.487805 0.513514 0.731707 0.702703
8 0.516129 0.500000 0.645161 0.677419
25 0.500000 0.507143 0.837838 0.814286
3 0.500000 0.500000 0.677419 0.677419
10 0.500000 0.516667 0.636364 0.633333
24 0.500000 0.507937 0.827586 0.825397
20 0.486486 0.485294 0.702703 0.676471
38 0.500000 0.500000 0.657143 0.750000
4 0.500000 0.500000 0.761905 0.761905
6 0.500000 0.500000 0.714286 0.722222
33 0.516129 0.500000 0.645161 0.655172
13 0.500000 0.514286 0.696970 0.685714
42 0.500000 0.500000 0.677419 0.677419
23 0.506494 0.506757 0.831169 0.824324
40 0.514286 0.500000 0.685714 0.666667
41 0.500000 0.516667 0.642857 0.633333
2 0.516667 0.516667 0.633333 0.633333
26 0.500000 0.500000 0.772727 0.756098
15 0.500000 0.500000 0.642857 0.836066
29 0.488372 0.500000 0.744186 0.707317
35 0.516667 0.500000 0.633333 0.655172
19 0.486111 0.514706 0.694444 0.676471
16 0.500000 0.500000 0.767442 0.777778
9 0.500000 0.500000 0.666667 0.655172
1 0.513514 0.500000 0.702703 0.714286
37 0.514286 0.514286 0.685714 0.685714
21 0.513889 0.514706 0.694444 0.676471
