6 0.500000 0.517241 0.629630 0.620690
17 0.516667 0.516129 0.633333 0.645161
38 0.508197 0.500000 0.819672 0.835616
40 0.512821 0.500000 0.717949 0.736842
24 0.514706 0.483871 0.676471 0.645161
5 0.515625 0.500000 0.656250 0.687500
11 0.500000 0.500000 0.642857 0.600000
35 0.500000 0.483333 0.586207 0.633333
2 0.500000 0.517857 0.629630 0.607143
27 0.500000 0.500000 0.756098 0.729730
29 0.500000 0.500000 0.655172 0.655172
1 0.500000 0.500000 0.767442 0.800000
18 0.511364 0.512500 0.750000 0.725000
34 0.517857 0.500000 0.607143 0.655172
9 0.500000 0.500000 0.642857 0.642857
25 0.500000 0.517857 0.642857 0.607143
21 0.514286 0.515152 0.685714 0.666667
4 0.500000 0.516129 0.666667 0.645161
39 0.500000 0.516667 0.655172 0.633333
28 0.511905 0.512821 0.738095 0.717949
26 0.515152 0.516667 0.666667 0.633333
30 0.500000 0.500000 0.642857 0.642857
19 0.486842 0.486486 0.710526 0.702703
37 0.511905 0.511628 0.738095 0.744186
23 0.513889 0.515152 0.694444 0.666667
31 0.500000 0.516129 0.677419 0.645161
12 0.484375 0.500000 0.656250 0.655172
33 0.500000 0.482759 0.586207 0.620690
22 0.515625 0.500000 0.656250 0.642857
10 0.500000 0.500000 0.666667 0.625000
16 0.500000 0.493243 0.813333 0.824324
14 0.484848 0.500000 0.666667 0.696970
41 0.517857 0.517241 0.607143 0.620690
42 0.516129 0.500000 0.645161 0.666667
20 0.482759 0.500000 0.620690 0.629630
13 0.500000 0.517241 0.655172 0.620690
32 0.500000 0.516667 0.655172 0.633333
8 0.500000 0.483871 0.625000 0.645161
