21 0.510638 0.511111 0.765957 0.755556
31 0.500000 0.500000 0.791667 0.777778
25 0.513514 0.513889 0.702703 0.694444
15 0.500000 0.511905 0.727273 0.738095
33 0.500000 0.500000 0.782609 0.787234
20 0.511628 0.500000 0.744186 0.700000
11 0.512500 0.486111 0.725000 0.694444
8 0.500000 0.500000 0.729730 0.729730
39 0.513889 0.513889 0.694444 0.694444
18 0.507937 0.508621 0.825397 0.810345
26 0.500000 0.488636 0.782609 0.750000
16 0.500000 0.504950 0.840000 0.831683
9 0.500000 0.500000 0.729730 0.729730
36 0.500000 0.500000 0.767442 0.767442
28 0.508621 0.500000 0.810345 0.807692
19 0.500000 0.500000 0.811321 0.800000
10 0.511905 0.500000 0.738095 0.756098
24 0.500000 0.509804 0.814815 0.784314
27 0.509259 0.500000 0.796296 0.787234
32 0.500000 0.487500 0.743590 0.725000
37 0.500000 0.500000 0.803279 0.838710
1 0.500000 0.493056 0.803279 0.819444
40 0.500000 0.508621 0.824561 0.810345
42 0.500000 0.513158 0.729730 0.710526
30 0.500000 0.500000 0.750000 0.750000
35 0.488889 0.500000 0.755556 0.777778
4 0.510870 0.500000 0.760870 0.787234
23 0.510204 0.511364 0.775510 0.750000
13 0.500000 0.500000 0.782609 0.756098
0 0.500000 0.500000 0.818182 0.827586
6 0.511905 0.511628 0.738095 0.744186
12 0.500000 0.500000 0.843750 0.820896
7 0.510870 0.500000 0.760870 0.777778
41 0.500000 0.500000 0.761905 0.761905
29 0.500000 0.500000 0.782609 0.772727
3 0.508475 0.500000 0.813559 0.809524
