12 0.505051 0.500000 0.828283 0.835052
38 0.504425 0.500000 0.831858 0.836066
26 0.508197 0.508621 0.819672 0.810345
29 0.500000 0.504673 0.813084 0.822430
41 0.507143 0.506849 0.814286 0.821918
25 0.535088 0.504098 0.894737 0.827869
32 0.506667 0.493056 0.826667 0.819444
22 0.500000 0.502924 0.835165 0.830409
33 0.500000 0.496988 0.832258 0.825301
30 0.500000 0.500000 0.830303 0.836735
14 0.496528 0.500000 0.826389 0.815603
7 0.503247 0.503247 0.824675 0.824675
27 0.505952 0.506250 0.821429 0.812500
24 0.503571 0.504202 0.821429 0.823529
39 0.500000 0.504545 0.825243 0.827273
3 0.500000 0.500000 0.837838 0.825000
11 0.500000 0.500000 0.840909 0.829268
23 0.500000 0.500000 0.840909 0.842105
1 0.504464 0.504545 0.830357 0.827273
13 0.500000 0.500000 0.833333 0.820896
4 0.509259 0.500000 0.796296 0.814815
28 0.500000 0.505102 0.837838 0.826531
5 0.500000 0.500000 0.841270 0.826087
21 0.500000 0.503676 0.837838 0.830882
18 0.500000 0.500000 0.835443 0.828571
6 0.552632 0.510870 0.789474 0.760870
36 0.512195 0.500000 0.731707 0.761905
34 0.500000 0.500000 0.823529 0.823529
9 0.504167 0.503788 0.825000 0.825758
42 0.507353 0.500000 0.808824 0.826087
2 0.493902 0.500000 0.817073 0.818182
20 0.504032 0.500000 0.830645 0.831933
17 0.509615 0.500000 0.788462 0.807692
40 0.500000 0.504464 0.840000 0.830357
16 0.500000 0.500000 0.789474 0.818182
31 0.506944 0.500000 0.819444 0.843750
8 0.507692 0.500000 0.830769 0.843750
