23 0.511364 0.511628 0.750000 0.744186
41 0.511111 0.500000 0.755556 0.744681
20 0.500000 0.500000 0.800000 0.777778
1 0.500000 0.500000 0.837838 0.837838
30 0.500000 0.510638 0.800000 0.765957
6 0.510417 0.510204 0.770833 0.775510
32 0.500000 0.500000 0.750000 0.750000
12 0.487500 0.500000 0.725000 0.739130
19 0.505000 0.500000 0.830000 0.835294
40 0.500000 0.510204 0.803922 0.775510
31 0.500000 0.500000 0.843750 0.827586
42 0.500000 0.500000 0.767442 0.772727
7 0.511364 0.500000 0.750000 0.767442
22 0.500000 0.509434 0.824561 0.792453
9 0.500000 0.500000 0.782609 0.777778
26 0.509091 0.490385 0.800000 0.788462
4 0.508929 0.500000 0.803571 0.818182
10 0.510638 0.500000 0.765957 0.787234
25 0.507812 0.507937 0.828125 0.825397
35 0.500000 0.508475 0.827586 0.813559
0 0.500000 0.500000 0.800000 0.791667
8 0.500000 0.510638 0.772727 0.765957
39 0.504274 0.504237 0.820513 0.822034
15 0.500000 0.500000 0.803922 0.803922
14 0.500000 0.506098 0.827160 0.817073
18 0.500000 0.500000 0.677419 0.642857
11 0.500000 0.511364 0.795918 0.750000
17 0.500000 0.500000 0.642857 0.647059
21 0.500000 0.500000 0.806452 0.793103
37 0.500000 0.511628 0.772727 0.744186
16 0.500000 0.500000 0.837209 0.839080
28 0.500000 0.511628 0.733333 0.744186
5 0.500000 0.510870 0.772727 0.760870
