36 0.515625 0.515152 0.656250 0.666667
23 0.500000 0.500000 0.761905 0.736842
11 0.490566 0.500000 0.792453 0.760000
20 0.500000 0.500000 0.642857 0.642857
28 0.507937 0.490909 0.825397 0.800000
33 0.490566 0.500000 0.792453 0.781818
15 0.516129 0.500000 0.645161 0.696970
13 0.511905 0.512821 0.738095 0.717949
6 0.517241 0.500000 0.620690 0.655172
26 0.500000 0.515625 0.696970 0.656250
41 0.500000 0.500000 0.722222 0.722222
22 0.510417 0.512195 0.770833 0.731707
34 0.515625 0.515625 0.656250 0.656250
10 0.500000 0.500000 0.736842 0.736842
42 0.515625 0.500000 0.656250 0.687500
7 0.513158 0.500000 0.710526 0.729730
27 0.512821 0.500000 0.717949 0.714286
25 0.500000 0.491667 0.800000 0.816667
29 0.500000 0.511905 0.750000 0.738095
40 0.484848 0.500000 0.666667 0.687500
24 0.510870 0.500000 0.760870 0.750000
39 0.500000 0.500000 0.806452 0.812500
16 0.483333 0.516667 0.633333 0.633333
32 0.500000 0.515625 0.636364 0.656250
9 0.515152 0.515625 0.666667 0.656250
18 0.507353 0.500000 0.808824 0.800000
30 0.510417 0.500000 0.770833 0.772727
4 0.500000 0.515152 0.647059 0.666667
1 0.500000 0.508475 0.830508 0.813559
17 0.515152 0.515152 0.666667 0.666667
35 0.500000 0.500000 0.636364 0.677419
2 0.487179 0.500000 0.717949 0.692308
