22 0.500000 0.510417 0.795918 0.770833
3 0.500000 0.500000 0.777778 0.777778
19 0.508475 0.509615 0.813559 0.788462
41 0.511364 0.500000 0.750000 0.767442
21 0.500000 0.500000 0.833333 0.824561
28 0.500000 0.500000 0.843750 0.820896
39 0.500000 0.500000 0.824561 0.824561
36 0.500000 0.500000 0.807692 0.807692
35 0.500000 0.512500 0.743590 0.725000
31 0.510000 0.500000 0.780000 0.787234
38 0.500000 0.500000 0.795918 0.800000
25 0.507812 0.508333 0.828125 0.816667
42 0.500000 0.513158 0.750000 0.710526
24 0.500000 0.500000 0.782609 0.772727
2 0.500000 0.490196 0.795918 0.784314
29 0.500000 0.508621 0.820896 0.810345
17 0.489130 0.510870 0.760870 0.760870
15 0.500000 0.500000 0.767442 0.767442
7 0.507692 0.507692 0.830769 0.830769
26 0.509091 0.510204 0.800000 0.775510
33 0.506944 0.507143 0.819444 0.814286
13 0.500000 0.500000 0.830508 0.818182
18 0.504098 0.504464 0.827869 0.830357
37 0.500000 0.506173 0.842105 0.814815
1 0.500000 0.500000 0.811321 0.807692
6 0.512195 0.511364 0.731707 0.750000
11 0.500000 0.506667 0.835294 0.826667
0 0.500000 0.500000 0.807692 0.795918
9 0.500000 0.510638 0.782609 0.765957
16 0.500000 0.512500 0.743590 0.725000
40 0.505682 0.500000 0.829545 0.835294
10 0.500000 0.511111 0.772727 0.755556
20 0.500000 0.510638 0.795918 0.765957
27 0.500000 0.489583 0.807692 0.770833
