19 0.500000 0.509804 0.824561 0.784314
5 0.500000 0.515625 0.677419 0.656250
20 0.511364 0.512195 0.750000 0.731707
28 0.509259 0.500000 0.796296 0.791667
31 0.510638 0.500000 0.765957 0.767442
15 0.513514 0.500000 0.702703 0.772727
24 0.500000 0.500000 0.833333 0.824561
32 0.500000 0.513889 0.714286 0.694444
12 0.500000 0.510870 0.727273 0.760870
1 0.500000 0.509091 0.807692 0.800000
26 0.513514 0.500000 0.702703 0.696970
17 0.500000 0.500000 0.655172 0.767442
25 0.500000 0.500000 0.700000 0.729730
33 0.511111 0.500000 0.755556 0.767442
2 0.516129 0.515152 0.645161 0.666667
21 0.500000 0.513158 0.736842 0.710526
35 0.514286 0.500000 0.685714 0.714286
23 0.500000 0.500000 0.787234 0.767442
11 0.500000 0.505814 0.831579 0.825581
10 0.513514 0.514286 0.702703 0.685714
18 0.500000 0.511905 0.767442 0.738095
37 0.511628 0.511905 0.744186 0.738095
30 0.509804 0.500000 0.784314 0.782609
22 0.500000 0.511628 0.772727 0.744186
16 0.500000 0.515152 0.687500 0.666667
9 0.500000 0.510417 0.791667 0.770833
7 0.500000 0.509615 0.787234 0.788462
13 0.511111 0.500000 0.755556 0.772727
14 0.488095 0.488095 0.738095 0.738095
36 0.487500 0.500000 0.725000 0.743590
29 0.510638 0.500000 0.765957 0.767442
8 0.500000 0.500000 0.647059 0.647059
40 0.500000 0.500000 0.750000 0.750000
6 0.513514 0.512821 0.702703 0.717949
39 0.490741 0.500000 0.796296 0.827586
34 0.500000 0.514286 0.675676 0.685714
41 0.500000 0.487805 0.743590 0.731707
38 0.488095 0.500000 0.738095 0.727273
3 0.500000 0.500000 0.714286 0.729730
42 0.500000 0.484848 0.647059 0.666667
