33 0.500000 0.500000 0.810811 0.810811
36 0.510000 0.500000 0.780000 0.795918
31 0.500000 0.509259 0.827586 0.796296
34 0.510000 0.500000 0.780000 0.800000
4 0.509615 0.509804 0.788462 0.784314
38 0.500000 0.500000 0.714286 0.714286
40 0.493976 0.493976 0.819277 0.819277
1 0.500000 0.500000 0.811321 0.830508
14 0.500000 0.507812 0.818182 0.828125
15 0.509434 0.500000 0.792453 0.807692
17 0.500000 0.500000 0.666667 0.687500
24 0.500000 0.500000 0.795918 0.811321
21 0.500000 0.500000 0.833333 0.840000
5 0.508475 0.500000 0.813559 0.827586
12 0.491667 0.500000 0.816667 0.836066
35 0.500000 0.500000 0.830986 0.826087
3 0.500000 0.500000 0.814815 0.814815
8 0.510870 0.500000 0.760870 0.777778
25 0.496429 0.500000 0.821429 0.829457
39 0.500000 0.510000 0.795918 0.780000
2 0.510870 0.500000 0.760870 0.782609
9 0.510638 0.511905 0.765957 0.738095
7 0.510417 0.500000 0.770833 0.795918
13 0.500000 0.506494 0.800000 0.831169
26 0.500000 0.509259 0.830508 0.796296
11 0.500000 0.500000 0.835294 0.842105
23 0.500000 0.506250 0.833333 0.812500
