22 0.500000 0.500000 0.655172 0.642857
17 0.500000 0.516667 0.629630 0.633333
30 0.500000 0.500000 0.722222 0.696970
25 0.506173 0.500000 0.814815 0.840000
23 0.500000 0.500000 0.782609 0.767442
35 0.500000 0.500000 0.782609 0.744681
4 0.516129 0.515625 0.645161 0.656250
24 0.511905 0.500000 0.738095 0.772727
1 0.510870 0.500000 0.760870 0.795918
5 0.514286 0.514286 0.685714 0.685714
26 0.500000 0.500000 0.692308 0.705882
11 0.500000 0.500000 0.807692 0.795918
10 0.500000 0.514706 0.696970 0.676471
36 0.516667 0.515625 0.633333 0.656250
16 0.500000 0.500000 0.838710 0.838710
9 0.500000 0.500000 0.642857 0.642857
40 0.500000 0.500000 0.722222 0.707317
38 0.516667 0.483333 0.633333 0.633333
8 0.514706 0.514706 0.676471 0.676471
20 0.500000 0.515152 0.687500 0.666667
34 0.515625 0.514706 0.656250 0.676471
6 0.500000 0.483333 0.629630 0.633333
39 0.514286 0.500000 0.685714 0.705882
14 0.500000 0.512195 0.722222 0.731707
21 0.509434 0.500000 0.792453 0.782609
2 0.500000 0.516667 0.600000 0.633333
15 0.500000 0.512821 0.736842 0.717949
33 0.500000 0.490566 0.803922 0.792453
3 0.500000 0.515152 0.687500 0.666667
13 0.511111 0.500000 0.755556 0.795918
