19 0.500000 0.511628 0.782609 0.744186
28 0.490741 0.491071 0.796296 0.803571
35 0.513889 0.500000 0.694444 0.714286
33 0.492857 0.507143 0.814286 0.814286
34 0.500000 0.500000 0.722222 0.707317
20 0.500000 0.486842 0.750000 0.710526
26 0.510417 0.500000 0.770833 0.761905
3 0.500000 0.512195 0.750000 0.731707
2 0.511628 0.500000 0.744186 0.761905
17 0.500000 0.500000 0.736842 0.736842
29 0.509615 0.500000 0.788462 0.782609
38 0.512500 0.500000 0.725000 0.714286
15 0.500000 0.486111 0.714286 0.694444
32 0.515152 0.500000 0.666667 0.705882
8 0.512500 0.511905 0.725000 0.738095
24 0.514286 0.500000 0.685714 0.687500
4 0.500000 0.507812 0.843750 0.828125
39 0.500000 0.500000 0.782609 0.782609
11 0.507246 0.500000 0.811594 0.833333
31 0.500000 0.500000 0.767442 0.756098
13 0.510638 0.500000 0.765957 0.772727
14 0.500000 0.500000 0.824561 0.796610
41 0.500000 0.486486 0.675676 0.702703
16 0.500000 0.500000 0.705882 0.705882
6 0.514286 0.500000 0.685714 0.729730
12 0.507353 0.500000 0.808824 0.815385
40 0.506579 0.506667 0.828947 0.826667
21 0.500000 0.500000 0.787234 0.777778
9 0.487179 0.487179 0.717949 0.717949
23 0.510000 0.510870 0.780000 0.760870
27 0.500000 0.513158 0.750000 0.710526
36 0.511111 0.511111 0.755556 0.755556
