31 0.500000 0.513514 0.743590 0.702703
14 0.500000 0.514706 0.696970 0.676471
6 0.516129 0.500000 0.645161 0.677419
4 0.512821 0.512821 0.717949 0.717949
36 0.515152 0.515625 0.666667 0.656250
2 0.517857 0.517857 0.607143 0.607143
28 0.513158 0.500000 0.710526 0.705882
23 0.507353 0.507937 0.808824 0.825397
27 0.513158 0.513889 0.710526 0.694444
8 0.500000 0.500000 0.629630 0.642857
10 0.482759 0.500000 0.620690 0.615385
9 0.500000 0.518519 0.615385 0.592593
38 0.500000 0.486486 0.612903 0.702703
39 0.518519 0.500000 0.592593 0.586207
5 0.500000 0.500000 0.615385 0.629630
16 0.500000 0.511628 0.736842 0.744186
21 0.514706 0.500000 0.676471 0.677419
3 0.517241 0.500000 0.620690 0.642857
11 0.500000 0.509434 0.800000 0.792453
20 0.500000 0.516129 0.677419 0.645161
29 0.486842 0.500000 0.710526 0.705882
22 0.515625 0.500000 0.656250 0.642857
17 0.500000 0.516667 0.655172 0.633333
33 0.500000 0.518519 0.629630 0.592593
1 0.483871 0.515152 0.645161 0.666667
13 0.500000 0.516667 0.615385 0.633333
15 0.500000 0.508772 0.615385 0.807018
25 0.500000 0.508065 0.843750 0.822581
34 0.500000 0.500000 0.642857 0.655172
30 0.513889 0.484848 0.694444 0.666667
26 0.512195 0.512821 0.731707 0.717949
0 0.516667 0.500000 0.633333 0.655172
