6 0.500000 0.500000 0.615385 0.586207
19 0.486842 0.500000 0.710526 0.675676
16 0.506757 0.500000 0.824324 0.835616
32 0.517241 0.517241 0.620690 0.620690
34 0.500000 0.500000 0.629630 0.655172
30 0.517241 0.500000 0.620690 0.642857
37 0.512500 0.500000 0.725000 0.756098
14 0.515625 0.500000 0.656250 0.696970
27 0.511905 0.500000 0.738095 0.736842
1 0.511364 0.500000 0.750000 0.800000
5 0.500000 0.500000 0.677419 0.687500
33 0.500000 0.482759 0.629630 0.620690
13 0.517857 0.500000 0.607143 0.615385
22 0.500000 0.516667 0.666667 0.633333
23 0.513889 0.515152 0.694444 0.666667
38 0.508197 0.500000 0.819672 0.835616
10 0.516667 0.500000 0.633333 0.612903
36 0.500000 0.516667 0.655172 0.633333
8 0.500000 0.516129 0.666667 0.645161
25 0.482143 0.500000 0.607143 0.571429
31 0.515625 0.500000 0.656250 0.687500
3 0.500000 0.500000 0.772727 0.782609
17 0.516667 0.483333 0.633333 0.633333
39 0.500000 0.516667 0.642857 0.633333
9 0.500000 0.517241 0.642857 0.620690
41 0.481481 0.517857 0.592593 0.607143
42 0.516129 0.500000 0.645161 0.666667
26 0.484375 0.516667 0.656250 0.633333
15 0.500000 0.500000 0.629630 0.655172
12 0.500000 0.500000 0.666667 0.642857
0 0.500000 0.513158 0.714286 0.710526
7 0.513158 0.500000 0.710526 0.729730
40 0.513158 0.500000 0.710526 0.729730
18 0.511628 0.512821 0.744186 0.717949
11 0.517241 0.519231 0.620690 0.576923
29 0.500000 0.500000 0.655172 0.655172
