9 0.488889 0.488636 0.755556 0.750000
15 0.514286 0.500000 0.685714 0.761905
26 0.500000 0.515152 0.722222 0.666667
38 0.500000 0.500000 0.707317 0.743590
33 0.512195 0.512500 0.731707 0.725000
35 0.500000 0.514286 0.696970 0.685714
22 0.512500 0.512821 0.725000 0.717949
14 0.512500 0.500000 0.725000 0.743590
2 0.482143 0.482143 0.607143 0.607143
25 0.513889 0.500000 0.694444 0.705882
11 0.505747 0.500000 0.827586 0.825000
40 0.500000 0.500000 0.684211 0.722222
24 0.508333 0.500000 0.816667 0.821429
41 0.513514 0.500000 0.702703 0.729730
19 0.500000 0.489130 0.773585 0.760870
1 0.500000 0.500000 0.795918 0.800000
17 0.500000 0.511364 0.629630 0.750000
8 0.516129 0.516129 0.645161 0.645161
21 0.500000 0.500000 0.729730 0.714286
3 0.500000 0.500000 0.705882 0.714286
4 0.513889 0.500000 0.694444 0.722222
13 0.511905 0.512821 0.738095 0.717949
37 0.500000 0.513514 0.729730 0.702703
20 0.500000 0.512821 0.743590 0.717949
12 0.512500 0.511905 0.725000 0.738095
10 0.500000 0.500000 0.666667 0.647059
23 0.511364 0.512500 0.750000 0.725000
32 0.500000 0.500000 0.657143 0.657143
34 0.484848 0.500000 0.666667 0.677419
28 0.500000 0.511111 0.795918 0.755556
0 0.514706 0.500000 0.676471 0.696970
7 0.511364 0.510417 0.750000 0.770833
42 0.516129 0.516129 0.645161 0.645161
31 0.512195 0.500000 0.731707 0.743590
36 0.513514 0.500000 0.702703 0.722222
