16 0.506579 0.506494 0.828947 0.831169
23 0.507042 0.500000 0.816901 0.823529
35 0.500000 0.491935 0.830508 0.822581
9 0.500000 0.500000 0.827586 0.827586
15 0.492188 0.492188 0.828125 0.828125
4 0.500000 0.504505 0.826087 0.828829
5 0.507812 0.500000 0.828125 0.826087
39 0.500000 0.500000 0.824176 0.827957
29 0.500000 0.494118 0.824176 0.823529
27 0.500000 0.500000 0.833333 0.828571
2 0.507692 0.500000 0.830769 0.820896
3 0.508475 0.508333 0.813559 0.816667
40 0.500000 0.504762 0.836364 0.819048
33 0.500000 0.506250 0.837838 0.812500
31 0.500000 0.507246 0.831325 0.811594
26 0.500000 0.500000 0.840000 0.839080
42 0.500000 0.507692 0.820896 0.830769
6 0.500000 0.508475 0.833333 0.813559
11 0.504032 0.500000 0.830645 0.819672
13 0.505319 0.500000 0.819149 0.827160
37 0.509091 0.508772 0.800000 0.807018
19 0.505682 0.500000 0.829545 0.831325
36 0.500000 0.490385 0.791667 0.788462
0 0.500000 0.505208 0.822222 0.822917
7 0.500000 0.506667 0.837838 0.826667
34 0.505814 0.500000 0.825581 0.835294
28 0.500000 0.507937 0.802817 0.825397
10 0.509615 0.500000 0.788462 0.803922
21 0.500000 0.509615 0.833333 0.788462
30 0.500000 0.504808 0.831933 0.817308
