29 0.503731 0.504310 0.828358 0.818966
26 0.500000 0.508333 0.826087 0.816667
1 0.492063 0.500000 0.825397 0.809524
42 0.491667 0.508929 0.816667 0.803571
0 0.505263 0.494681 0.821053 0.819149
28 0.504673 0.505102 0.822430 0.826531
2 0.493056 0.500000 0.819444 0.837838
31 0.500000 0.500000 0.826087 0.841270
36 0.506579 0.500000 0.828947 0.835616
22 0.500000 0.500000 0.823529 0.828571
10 0.508333 0.500000 0.816667 0.830508
13 0.500000 0.504310 0.837838 0.818966
15 0.500000 0.507692 0.843750 0.830769
35 0.500000 0.500000 0.843750 0.843750
14 0.506098 0.506098 0.817073 0.817073
27 0.505435 0.493976 0.815217 0.819277
17 0.500000 0.500000 0.843750 0.818182
16 0.510417 0.500000 0.770833 0.795918
38 0.500000 0.500000 0.828571 0.840000
33 0.500000 0.500000 0.833333 0.826087
7 0.503759 0.503759 0.827068 0.827068
40 0.500000 0.500000 0.837398 0.829060
34 0.508621 0.500000 0.810345 0.815385
37 0.504505 0.500000 0.828829 0.831776
6 0.508929 0.491525 0.803571 0.813559
24 0.494949 0.505319 0.828283 0.819149
30 0.505000 0.500000 0.830000 0.835294
23 0.496324 0.504098 0.830882 0.827869
9 0.493333 0.500000 0.826667 0.842105
11 0.500000 0.500000 0.827160 0.832168
32 0.487179 0.500000 0.717949 0.767442
5 0.510417 0.500000 0.770833 0.800000
25 0.495935 0.500000 0.829268 0.815126
20 0.507353 0.500000 0.808824 0.833333
12 0.500000 0.500000 0.827957 0.806452
