9 0.500000 0.500000 0.795918 0.795918
8 0.509615 0.509804 0.788462 0.784314
12 0.515152 0.500000 0.666667 0.629630
28 0.500000 0.509091 0.800000 0.800000
24 0.493333 0.500000 0.826667 0.828571
33 0.500000 0.500000 0.838710 0.843750
23 0.500000 0.500000 0.821429 0.818182
15 0.500000 0.500000 0.811321 0.785714
16 0.509091 0.500000 0.800000 0.814815
11 0.500000 0.505435 0.826087 0.815217
0 0.500000 0.500000 0.809524 0.840909
22 0.491071 0.500000 0.803571 0.807692
13 0.507143 0.491667 0.814286 0.816667
35 0.500000 0.490566 0.773585 0.792453
31 0.507353 0.508772 0.808824 0.807018
6 0.509091 0.509259 0.800000 0.796296
34 0.493902 0.500000 0.817073 0.827160
42 0.500000 0.508929 0.793103 0.803571
29 0.500000 0.507692 0.828571 0.830769
20 0.500000 0.500000 0.761905 0.761905
25 0.508475 0.500000 0.813559 0.807692
14 0.500000 0.505155 0.829787 0.824742
30 0.505376 0.500000 0.817204 0.827160
5 0.509615 0.509259 0.788462 0.796296
41 0.500000 0.510000 0.791667 0.780000
27 0.500000 0.500000 0.838710 0.830508
3 0.500000 0.490385 0.773585 0.788462
18 0.503650 0.504065 0.832117 0.829268
21 0.500000 0.500000 0.814815 0.787234
40 0.505682 0.505747 0.829545 0.827586
38 0.510204 0.509434 0.775510 0.792453
36 0.488636 0.500000 0.750000 0.750000
19 0.506667 0.507042 0.826667 0.816901
2 0.500000 0.509615 0.800000 0.788462
