1 0.500000 0.507812 0.841270 0.828125
2 0.503759 0.500000 0.827068 0.838710
11 0.500000 0.505814 0.833333 0.825581
3 0.507246 0.506849 0.811594 0.821918
6 0.500000 0.500000 0.791667 0.800000
25 0.500000 0.505814 0.833333 0.825581
22 0.500000 0.505155 0.837838 0.824742
21 0.504587 0.500000 0.825688 0.825243
35 0.500000 0.500000 0.826923 0.826923
15 0.506757 0.506757 0.824324 0.824324
9 0.505435 0.500000 0.815217 0.826087
13 0.500000 0.506849 0.840000 0.821918
38 0.500000 0.507143 0.841270 0.814286
23 0.500000 0.500000 0.829268 0.835616
31 0.500000 0.500000 0.836735 0.839080
10 0.500000 0.508475 0.827586 0.813559
12 0.505814 0.494118 0.825581 0.823529
7 0.511364 0.500000 0.750000 0.777778
20 0.508772 0.508772 0.807018 0.807018
4 0.508621 0.500000 0.810345 0.824561
5 0.504762 0.500000 0.819048 0.833333
30 0.500000 0.504310 0.833333 0.818966
39 0.507353 0.500000 0.808824 0.830986
18 0.500000 0.510204 0.807692 0.775510
16 0.489583 0.500000 0.770833 0.803922
33 0.504762 0.495238 0.819048 0.819048
36 0.492754 0.506757 0.811594 0.824324
26 0.500000 0.506098 0.840909 0.817073
34 0.500000 0.506579 0.835616 0.828947
