39 0.500000 0.504950 0.829787 0.831683
30 0.504202 0.500000 0.823529 0.831776
25 0.500000 0.495413 0.830508 0.825688
13 0.507692 0.508333 0.830769 0.816667
17 0.510638 0.510000 0.765957 0.780000
41 0.500000 0.500000 0.833333 0.841270
9 0.505435 0.500000 0.815217 0.831579
4 0.500000 0.490385 0.769231 0.788462
33 0.496212 0.503571 0.825758 0.821429
7 0.500000 0.500000 0.825243 0.825243
14 0.500000 0.500000 0.835821 0.830769
1 0.500000 0.500000 0.840000 0.836735
11 0.494048 0.506667 0.821429 0.826667
18 0.500000 0.500000 0.837037 0.818182
20 0.505682 0.500000 0.829545 0.833333
8 0.508475 0.491525 0.813559 0.813559
16 0.509615 0.500000 0.788462 0.803922
5 0.508475 0.500000 0.813559 0.836066
23 0.506494 0.500000 0.831169 0.828571
6 0.487179 0.500000 0.717949 0.727273
31 0.500000 0.500000 0.820896 0.830508
10 0.500000 0.505102 0.835052 0.826531
28 0.495238 0.505435 0.819048 0.815217
32 0.491935 0.491803 0.822581 0.819672
27 0.506757 0.500000 0.824324 0.823529
36 0.500000 0.512821 0.729730 0.717949
15 0.511364 0.510417 0.750000 0.770833
21 0.504464 0.504950 0.830357 0.831683
35 0.505814 0.494186 0.825581 0.825581
29 0.494624 0.500000 0.817204 0.826087
2 0.506944 0.507143 0.819444 0.814286
22 0.500000 0.500000 0.830986 0.838710
