16 0.500000 0.510638 0.782609 0.765957
5 0.512195 0.512195 0.731707 0.731707
42 0.510638 0.489362 0.765957 0.765957
35 0.500000 0.512500 0.729730 0.725000
20 0.492188 0.508197 0.828125 0.819672
0 0.500000 0.500000 0.811321 0.814815
21 0.500000 0.508197 0.843750 0.819672
31 0.508333 0.508772 0.816667 0.807018
13 0.500000 0.494382 0.835052 0.831461
7 0.508621 0.500000 0.810345 0.824561
3 0.500000 0.500000 0.777778 0.777778
36 0.500000 0.510000 0.795918 0.780000
32 0.511364 0.500000 0.750000 0.787234
34 0.500000 0.494565 0.813953 0.815217
18 0.506494 0.500000 0.831169 0.837838
28 0.500000 0.508333 0.841270 0.816667
2 0.491935 0.507937 0.822581 0.825397
29 0.506579 0.507042 0.828947 0.816901
39 0.509804 0.500000 0.784314 0.803922
26 0.500000 0.507937 0.823529 0.825397
9 0.500000 0.500000 0.767442 0.767442
41 0.500000 0.509091 0.803922 0.800000
8 0.500000 0.510204 0.787234 0.775510
33 0.509091 0.508475 0.800000 0.813559
6 0.510417 0.510000 0.770833 0.780000
1 0.500000 0.500000 0.793103 0.796610
23 0.505208 0.500000 0.822917 0.833333
24 0.505102 0.500000 0.826531 0.824176
10 0.487805 0.500000 0.731707 0.720930
25 0.503676 0.504202 0.830882 0.823529
15 0.512500 0.511628 0.725000 0.744186
11 0.506579 0.507143 0.828947 0.814286
38 0.509804 0.509434 0.784314 0.792453
37 0.500000 0.500000 0.777778 0.782609
17 0.500000 0.500000 0.743590 0.707317
30 0.500000 0.500000 0.840909 0.840000
