39 0.500000 0.500000 0.777778 0.750000
19 0.500000 0.500000 0.837838 0.818182
42 0.508197 0.508333 0.819672 0.816667
1 0.500000 0.509259 0.781818 0.796296
25 0.503571 0.504132 0.821429 0.826446
24 0.500000 0.500000 0.833333 0.808219
20 0.509091 0.500000 0.800000 0.787234
36 0.491071 0.508929 0.803571 0.803571
12 0.508333 0.491525 0.816667 0.813559
31 0.508065 0.508621 0.822581 0.810345
38 0.508772 0.500000 0.807018 0.840000
37 0.507246 0.507692 0.811594 0.830769
11 0.504762 0.505155 0.819048 0.824742
8 0.509434 0.509615 0.792453 0.788462
21 0.500000 0.500000 0.823529 0.827586
18 0.506579 0.507246 0.828947 0.811594
10 0.492188 0.490909 0.828125 0.800000
17 0.500000 0.511628 0.761905 0.744186
22 0.500000 0.500000 0.793103 0.803922
13 0.506757 0.506944 0.824324 0.819444
26 0.500000 0.507042 0.835616 0.816901
5 0.500000 0.500000 0.743590 0.743590
23 0.500000 0.503676 0.834483 0.830882
2 0.500000 0.508065 0.806452 0.822581
40 0.508065 0.491935 0.822581 0.822581
0 0.489362 0.489583 0.765957 0.770833
33 0.491379 0.500000 0.810345 0.827586
28 0.500000 0.500000 0.805556 0.838710
16 0.505435 0.505263 0.815217 0.821053
41 0.510000 0.500000 0.780000 0.807692
32 0.511111 0.511628 0.755556 0.744186
27 0.505952 0.500000 0.821429 0.835616
30 0.500000 0.500000 0.787234 0.761905
4 0.508929 0.508772 0.803571 0.807018
35 0.510417 0.510204 0.770833 0.775510
3 0.500000 0.511111 0.739130 0.755556
7 0.500000 0.500000 0.750000 0.743590
34 0.500000 0.500000 0.756098 0.750000
9 0.508929 0.500000 0.803571 0.821429
