3 0.514286 0.486111 0.685714 0.694444
15 0.514286 0.500000 0.685714 0.761905
35 0.485294 0.485714 0.676471 0.685714
14 0.500000 0.512195 0.750000 0.731707
0 0.500000 0.500000 0.705882 0.705882
6 0.500000 0.513514 0.705882 0.702703
28 0.509804 0.500000 0.784314 0.777778
37 0.500000 0.513158 0.736842 0.710526
4 0.513158 0.500000 0.710526 0.736842
1 0.510000 0.490196 0.780000 0.784314
36 0.500000 0.486842 0.729730 0.710526
10 0.500000 0.500000 0.714286 0.657143
12 0.512500 0.511905 0.725000 0.738095
32 0.514286 0.500000 0.685714 0.666667
39 0.500000 0.491228 0.773585 0.807018
31 0.511905 0.512500 0.738095 0.725000
8 0.500000 0.500000 0.625000 0.625000
42 0.516129 0.500000 0.645161 0.625000
7 0.500000 0.510204 0.772727 0.775510
21 0.512821 0.500000 0.717949 0.722222
2 0.500000 0.500000 0.666667 0.677419
11 0.505435 0.500000 0.815217 0.827160
19 0.500000 0.500000 0.811321 0.787234
34 0.485294 0.515152 0.676471 0.666667
26 0.500000 0.514706 0.729730 0.676471
24 0.491667 0.500000 0.816667 0.821429
22 0.512195 0.500000 0.731707 0.743590
27 0.488095 0.486842 0.738095 0.710526
9 0.500000 0.500000 0.744681 0.739130
20 0.500000 0.512500 0.756098 0.725000
25 0.500000 0.500000 0.684211 0.714286
41 0.513158 0.500000 0.710526 0.736842
40 0.486842 0.500000 0.710526 0.692308
38 0.512195 0.500000 0.731707 0.756098
5 0.500000 0.516129 0.666667 0.645161
