22 0.512500 0.500000 0.725000 0.736842
0 0.514706 0.514286 0.676471 0.685714
2 0.500000 0.500000 0.729730 0.696970
15 0.511628 0.500000 0.744186 0.772727
5 0.514706 0.514286 0.676471 0.685714
14 0.500000 0.500000 0.814815 0.814815
12 0.500000 0.500000 0.677419 0.696970
28 0.500000 0.513158 0.736842 0.710526
30 0.500000 0.500000 0.705882 0.687500
27 0.509091 0.500000 0.800000 0.800000
33 0.517857 0.517241 0.607143 0.620690
36 0.486842 0.500000 0.710526 0.729730
34 0.500000 0.500000 0.636364 0.736842
29 0.515625 0.500000 0.656250 0.761905
26 0.514706 0.514706 0.676471 0.676471
8 0.512500 0.500000 0.725000 0.743590
1 0.500000 0.491525 0.824561 0.813559
11 0.500000 0.500000 0.677419 0.655172
6 0.500000 0.500000 0.705882 0.714286
42 0.515152 0.515152 0.666667 0.666667
37 0.512500 0.500000 0.725000 0.743590
40 0.511905 0.512821 0.738095 0.717949
4 0.500000 0.510638 0.782609 0.765957
19 0.493333 0.500000 0.826667 0.838710
31 0.510417 0.512195 0.770833 0.731707
23 0.500000 0.516667 0.655172 0.633333
39 0.505618 0.500000 0.831461 0.840909
38 0.500000 0.500000 0.600000 0.666667
21 0.511905 0.512500 0.738095 0.725000
7 0.516129 0.500000 0.645161 0.666667
3 0.516667 0.500000 0.633333 0.655172
25 0.500000 0.510417 0.791667 0.770833
16 0.500000 0.500000 0.830508 0.833333
24 0.515152 0.516667 0.666667 0.633333
35 0.500000 0.500000 0.720930 0.720930
18 0.516667 0.517857 0.633333 0.607143
10 0.512821 0.500000 0.717949 0.750000
