22 0.500000 0.509615 0.807692 0.788462
28 0.500000 0.500000 0.813333 0.833333
18 0.500000 0.504132 0.830769 0.826446
2 0.509259 0.500000 0.796296 0.814815
32 0.500000 0.513514 0.705882 0.702703
27 0.500000 0.508929 0.827586 0.803571
30 0.500000 0.500000 0.823529 0.836066
41 0.489362 0.510417 0.765957 0.770833
1 0.508772 0.500000 0.807018 0.818182
15 0.510417 0.510417 0.770833 0.770833
12 0.505882 0.500000 0.823529 0.827160
40 0.505102 0.505376 0.826531 0.817204
34 0.510638 0.500000 0.765957 0.773585
8 0.510417 0.510000 0.770833 0.780000
11 0.505263 0.500000 0.821053 0.809524
13 0.507246 0.500000 0.811594 0.833333
23 0.500000 0.507246 0.837838 0.811594
4 0.500000 0.500000 0.827957 0.812500
17 0.500000 0.500000 0.795918 0.764706
3 0.510417 0.500000 0.770833 0.750000
39 0.508065 0.500000 0.822581 0.836066
38 0.490741 0.500000 0.796296 0.818182
33 0.500000 0.507143 0.830986 0.814286
14 0.500000 0.500000 0.823529 0.823529
21 0.500000 0.500000 0.826087 0.841270
19 0.492308 0.500000 0.830769 0.800000
9 0.509804 0.490196 0.784314 0.784314
6 0.500000 0.500000 0.767442 0.782609
24 0.500000 0.510204 0.803922 0.775510
10 0.510204 0.500000 0.775510 0.791667
37 0.500000 0.494118 0.813953 0.823529
16 0.511905 0.500000 0.738095 0.761905
26 0.508772 0.500000 0.807018 0.803922
35 0.509804 0.509615 0.784314 0.788462
0 0.508475 0.508621 0.813559 0.810345
5 0.487805 0.500000 0.731707 0.733333
7 0.500000 0.500000 0.842105 0.842105
