22 0.515625 0.500000 0.656250 0.677419
42 0.480769 0.500000 0.576923 0.600000
7 0.515152 0.515152 0.666667 0.666667
2 0.500000 0.516667 0.642857 0.633333
17 0.500000 0.500000 0.642857 0.642857
12 0.511111 0.500000 0.755556 0.743590
38 0.519231 0.480769 0.576923 0.576923
0 0.500000 0.518519 0.629630 0.592593
29 0.500000 0.516667 0.687500 0.633333
39 0.500000 0.515625 0.677419 0.656250
4 0.511628 0.500000 0.744186 0.761905
15 0.500000 0.518519 0.615385 0.592593
21 0.515152 0.500000 0.666667 0.666667
1 0.516667 0.500000 0.633333 0.642857
24 0.500000 0.480769 0.600000 0.576923
9 0.500000 0.500000 0.600000 0.555556
20 0.482143 0.519231 0.607143 0.576923
40 0.500000 0.509804 0.800000 0.784314
5 0.500000 0.500000 0.615385 0.600000
34 0.480769 0.482759 0.576923 0.620690
6 0.480769 0.500000 0.576923 0.615385
13 0.500000 0.517241 0.629630 0.620690
33 0.500000 0.507692 0.843750 0.830769
37 0.514286 0.500000 0.685714 0.722222
32 0.519231 0.500000 0.576923 0.555556
3 0.516667 0.500000 0.633333 0.655172
30 0.500000 0.515625 0.666667 0.656250
23 0.500000 0.516667 0.677419 0.633333
35 0.500000 0.518519 0.615385 0.592593
11 0.500000 0.514286 0.722222 0.685714
36 0.516667 0.500000 0.633333 0.655172
27 0.517857 0.500000 0.607143 0.600000
10 0.500000 0.516129 0.666667 0.645161
14 0.500000 0.509434 0.807692 0.792453
8 0.517241 0.500000 0.620690 0.666667
