31 0.508475 0.490909 0.813559 0.800000
23 0.503788 0.504065 0.825758 0.829268
14 0.505747 0.500000 0.827586 0.839080
6 0.500000 0.510000 0.782609 0.780000
27 0.506944 0.507937 0.819444 0.825397
2 0.490000 0.500000 0.780000 0.803922
19 0.500000 0.500000 0.841270 0.824561
17 0.512821 0.500000 0.717949 0.736842
26 0.507812 0.507937 0.828125 0.825397
20 0.500000 0.500000 0.803922 0.772727
3 0.511628 0.500000 0.744186 0.761905
30 0.510638 0.511905 0.765957 0.738095
15 0.500000 0.504762 0.791667 0.819048
25 0.500000 0.495283 0.819672 0.820755
40 0.508621 0.500000 0.810345 0.824561
10 0.500000 0.500000 0.827586 0.803922
41 0.511111 0.500000 0.755556 0.787234
24 0.507143 0.500000 0.814286 0.802817
13 0.508197 0.491803 0.819672 0.819672
16 0.500000 0.500000 0.842105 0.827160
9 0.500000 0.500000 0.795918 0.755102
38 0.509434 0.500000 0.792453 0.826087
32 0.511905 0.500000 0.738095 0.750000
1 0.509804 0.500000 0.784314 0.800000
5 0.487179 0.500000 0.717949 0.736842
29 0.506579 0.507143 0.828947 0.814286
4 0.509259 0.508772 0.796296 0.807018
0 0.511111 0.500000 0.755556 0.777778
18 0.500000 0.500000 0.833333 0.841270
36 0.490196 0.490196 0.784314 0.784314
39 0.488636 0.500000 0.750000 0.772727
21 0.508929 0.509804 0.803571 0.784314
34 0.512500 0.500000 0.725000 0.743590
11 0.505155 0.500000 0.824742 0.824176
33 0.500000 0.500000 0.800000 0.803922
35 0.511628 0.511628 0.744186 0.744186
