28 0.500000 0.500000 0.825000 0.830986
18 0.500000 0.510638 0.800000 0.765957
7 0.500000 0.511111 0.761905 0.755556
30 0.500000 0.504762 0.833333 0.819048
14 0.505952 0.500000 0.821429 0.831325
6 0.489130 0.500000 0.760870 0.787234
35 0.506173 0.506494 0.814815 0.831169
11 0.500000 0.500000 0.835294 0.840000
1 0.500000 0.508621 0.824561 0.810345
12 0.500000 0.500000 0.826087 0.823529
23 0.500000 0.507812 0.835616 0.828125
26 0.500000 0.507692 0.835616 0.830769
16 0.500000 0.500000 0.739130 0.760000
21 0.500000 0.505814 0.826087 0.825581
39 0.500000 0.508197 0.821429 0.819672
20 0.500000 0.500000 0.814815 0.814815
15 0.500000 0.507246 0.823529 0.811594
31 0.500000 0.506250 0.839080 0.812500
34 0.500000 0.507692 0.841270 0.830769
5 0.506173 0.506173 0.814815 0.814815
17 0.509615 0.500000 0.788462 0.785714
2 0.500000 0.504630 0.826087 0.824074
38 0.500000 0.508065 0.833333 0.822581
