18 0.500000 0.518519 0.629630 0.592593
24 0.480769 0.481481 0.576923 0.592593
3 0.518519 0.517857 0.592593 0.607143
42 0.517241 0.517241 0.620690 0.620690
35 0.512821 0.512821 0.717949 0.717949
33 0.500000 0.481481 0.629630 0.592593
40 0.500000 0.500000 0.714286 0.705882
10 0.513889 0.500000 0.694444 0.722222
5 0.500000 0.500000 0.677419 0.677419
36 0.500000 0.517241 0.642857 0.620690
20 0.517241 0.500000 0.620690 0.615385
31 0.487500 0.500000 0.725000 0.729730
23 0.518519 0.500000 0.592593 0.571429
28 0.500000 0.514286 0.729730 0.685714
15 0.513158 0.500000 0.710526 0.750000
34 0.500000 0.500000 0.629630 0.677419
32 0.517857 0.500000 0.607143 0.629630
25 0.500000 0.510870 0.795918 0.760870
39 0.506098 0.500000 0.817073 0.827160
0 0.500000 0.500000 0.666667 0.666667
41 0.517241 0.516129 0.620690 0.645161
8 0.500000 0.500000 0.722222 0.722222
1 0.500000 0.508929 0.821429 0.803571
7 0.500000 0.500000 0.571429 0.571429
2 0.500000 0.500000 0.714286 0.677419
37 0.512821 0.500000 0.717949 0.736842
17 0.500000 0.515152 0.571429 0.666667
22 0.485714 0.514286 0.685714 0.685714
14 0.500000 0.510870 0.795918 0.760870
26 0.500000 0.500000 0.666667 0.612903
12 0.517857 0.500000 0.607143 0.655172
11 0.500000 0.517857 0.666667 0.607143
13 0.500000 0.500000 0.615385 0.571429
21 0.513889 0.500000 0.694444 0.714286
19 0.500000 0.500000 0.823529 0.796610
6 0.515625 0.500000 0.656250 0.687500
30 0.500000 0.500000 0.677419 0.600000
