6 0.500000 0.500000 0.827586 0.821429
34 0.494048 0.500000 0.821429 0.811765
11 0.495495 0.504630 0.828829 0.824074
28 0.507353 0.508333 0.808824 0.816667
8 0.508929 0.500000 0.803571 0.814815
41 0.509259 0.509259 0.796296 0.796296
33 0.500000 0.500000 0.828571 0.835616
25 0.507812 0.508621 0.828125 0.810345
26 0.500000 0.500000 0.829787 0.835294
27 0.500000 0.507692 0.828571 0.830769
29 0.500000 0.506757 0.822785 0.824324
17 0.500000 0.500000 0.666667 0.666667
16 0.500000 0.507812 0.841270 0.828125
30 0.500000 0.505319 0.831776 0.819149
7 0.500000 0.500000 0.823529 0.823529
13 0.500000 0.506944 0.831325 0.819444
14 0.504274 0.504274 0.820513 0.820513
35 0.500000 0.508475 0.824561 0.813559
5 0.500000 0.508065 0.800000 0.822581
2 0.500000 0.508333 0.827586 0.816667
0 0.494186 0.494624 0.825581 0.817204
3 0.508772 0.500000 0.807018 0.824561
31 0.506494 0.500000 0.831169 0.838710
1 0.510417 0.510417 0.770833 0.770833
32 0.507937 0.507812 0.825397 0.828125
20 0.510638 0.500000 0.765957 0.782609
15 0.500000 0.500000 0.833333 0.833333
39 0.506173 0.506024 0.814815 0.819277
10 0.509804 0.509804 0.784314 0.784314
21 0.500000 0.510000 0.824561 0.780000
42 0.507812 0.500000 0.828125 0.836066
40 0.500000 0.500000 0.830189 0.836735
23 0.500000 0.491935 0.815385 0.822581
