38 0.517241 0.482759 0.620690 0.620690
17 0.518519 0.517241 0.592593 0.620690
16 0.500000 0.508621 0.824561 0.810345
3 0.517241 0.500000 0.620690 0.655172
4 0.482759 0.500000 0.620690 0.655172
15 0.513514 0.513514 0.702703 0.702703
23 0.500000 0.500000 0.772727 0.756098
2 0.500000 0.516667 0.642857 0.633333
29 0.500000 0.500000 0.743590 0.736842
20 0.500000 0.516129 0.666667 0.645161
26 0.500000 0.500000 0.714286 0.677419
5 0.500000 0.516129 0.666667 0.645161
6 0.500000 0.517241 0.615385 0.620690
39 0.514706 0.500000 0.676471 0.696970
1 0.500000 0.500000 0.767442 0.787234
40 0.500000 0.500000 0.642857 0.636364
9 0.500000 0.517857 0.629630 0.607143
18 0.490566 0.489362 0.792453 0.765957
34 0.500000 0.500000 0.655172 0.666667
31 0.513158 0.500000 0.710526 0.714286
14 0.515152 0.500000 0.666667 0.722222
25 0.492958 0.500000 0.816901 0.800000
30 0.514706 0.500000 0.676471 0.666667
12 0.515625 0.500000 0.656250 0.677419
7 0.500000 0.516667 0.655172 0.633333
13 0.500000 0.500000 0.750000 0.744681
21 0.510417 0.510638 0.770833 0.765957
22 0.500000 0.519231 0.642857 0.576923
8 0.500000 0.484375 0.636364 0.656250
28 0.491525 0.500000 0.813559 0.777778
33 0.500000 0.500000 0.760000 0.795918
