19 0.500000 0.500000 0.826087 0.806452
33 0.504717 0.500000 0.820755 0.825243
18 0.505952 0.506579 0.821429 0.828947
22 0.504505 0.500000 0.828829 0.836364
5 0.511111 0.510638 0.755556 0.765957
31 0.500000 0.504310 0.833333 0.818966
35 0.509434 0.500000 0.792453 0.781818
21 0.506944 0.500000 0.819444 0.836066
20 0.505747 0.500000 0.827586 0.827160
38 0.506024 0.506024 0.819277 0.819277
32 0.506667 0.507042 0.826667 0.816901
36 0.507143 0.500000 0.814286 0.828571
30 0.504132 0.504673 0.826446 0.822430
9 0.500000 0.500000 0.804878 0.809524
15 0.500000 0.504587 0.829787 0.825688
37 0.504032 0.504098 0.830645 0.827869
8 0.506173 0.506944 0.814815 0.819444
24 0.506849 0.500000 0.821918 0.820896
1 0.500000 0.507353 0.828571 0.808824
13 0.500000 0.492958 0.800000 0.816901
39 0.500000 0.504808 0.836735 0.817308
27 0.504167 0.495370 0.825000 0.824074
12 0.504000 0.503846 0.832000 0.823077
16 0.500000 0.508621 0.824561 0.810345
6 0.506173 0.500000 0.814815 0.835294
34 0.500000 0.500000 0.837838 0.822785
40 0.495000 0.495192 0.830000 0.817308
28 0.503788 0.504310 0.825758 0.818966
41 0.504808 0.495536 0.817308 0.830357
10 0.500000 0.500000 0.787234 0.772727
11 0.502618 0.500000 0.827225 0.833333
4 0.500000 0.500000 0.833333 0.835294
42 0.500000 0.500000 0.782609 0.787234
26 0.500000 0.500000 0.791667 0.767442
7 0.500000 0.500000 0.823009 0.838710
