17 0.516129 0.500000 0.645161 0.696970
38 0.515152 0.515152 0.666667 0.666667
18 0.516129 0.500000 0.645161 0.629630
6 0.500000 0.482143 0.555556 0.607143
9 0.500000 0.516129 0.600000 0.645161
2 0.500000 0.513158 0.736842 0.710526
39 0.518519 0.500000 0.592593 0.642857
20 0.513514 0.500000 0.702703 0.722222
40 0.500000 0.500000 0.615385 0.615385
14 0.500000 0.500000 0.642857 0.666667
35 0.500000 0.518519 0.615385 0.592593
36 0.519231 0.482143 0.576923 0.607143
12 0.515152 0.515625 0.666667 0.656250
23 0.512821 0.500000 0.717949 0.736842
31 0.500000 0.500000 0.714286 0.722222
26 0.516129 0.500000 0.645161 0.629630
8 0.500000 0.484848 0.647059 0.666667
34 0.515625 0.515625 0.656250 0.656250
1 0.500000 0.500000 0.642857 0.655172
22 0.500000 0.516667 0.696970 0.633333
25 0.500000 0.500000 0.571429 0.615385
21 0.514706 0.500000 0.676471 0.696970
3 0.517241 0.516129 0.620690 0.645161
5 0.500000 0.500000 0.666667 0.666667
16 0.517241 0.517241 0.620690 0.620690
30 0.512195 0.511905 0.731707 0.738095
7 0.518519 0.517857 0.592593 0.607143
33 0.506757 0.506667 0.824324 0.826667
