31 0.507042 0.500000 0.816901 0.812500
7 0.512500 0.500000 0.725000 0.750000
18 0.500000 0.511905 0.744681 0.738095
39 0.510638 0.509804 0.765957 0.784314
10 0.510204 0.500000 0.775510 0.791667
38 0.500000 0.500000 0.811321 0.811321
15 0.508065 0.500000 0.822581 0.836066
25 0.491379 0.490909 0.810345 0.800000
36 0.489796 0.510000 0.775510 0.780000
1 0.500000 0.500000 0.803922 0.800000
21 0.507042 0.492188 0.816901 0.828125
35 0.508197 0.500000 0.819672 0.830508
6 0.511905 0.511628 0.738095 0.744186
16 0.500000 0.500000 0.756098 0.733333
23 0.500000 0.508475 0.820896 0.813559
2 0.500000 0.500000 0.837209 0.807229
9 0.500000 0.508333 0.830508 0.816667
13 0.507937 0.500000 0.825397 0.800000
4 0.510417 0.510204 0.770833 0.775510
34 0.509434 0.509434 0.792453 0.792453
30 0.500000 0.500000 0.824176 0.827160
3 0.500000 0.500000 0.800000 0.807692
33 0.505102 0.500000 0.826531 0.814433
5 0.507812 0.500000 0.828125 0.841270
22 0.507042 0.508197 0.816901 0.819672
