24 0.500000 0.506250 0.839080 0.812500
7 0.500000 0.506849 0.815789 0.821918
30 0.504505 0.500000 0.828829 0.833333
40 0.500000 0.508197 0.833333 0.819672
32 0.500000 0.500000 0.830986 0.828571
16 0.503704 0.503759 0.829630 0.827068
20 0.505814 0.500000 0.825581 0.840000
36 0.500000 0.508621 0.821429 0.810345
11 0.500000 0.506494 0.829268 0.831169
12 0.500000 0.508065 0.814815 0.822581
6 0.508621 0.500000 0.810345 0.833333
37 0.500000 0.500000 0.800000 0.764706
2 0.500000 0.506757 0.840000 0.824324
25 0.505435 0.505682 0.815217 0.829545
18 0.516129 0.500000 0.645161 0.642857
29 0.500000 0.495495 0.827586 0.828829
3 0.508197 0.508065 0.819672 0.822581
19 0.503876 0.500000 0.821705 0.821429
0 0.500000 0.505814 0.835294 0.825581
35 0.505882 0.500000 0.823529 0.824176
1 0.500000 0.500000 0.814433 0.833333
39 0.500000 0.503205 0.827815 0.826923
28 0.500000 0.500000 0.795918 0.744681
34 0.500000 0.506494 0.843750 0.831169
38 0.507042 0.506944 0.816901 0.819444
31 0.504950 0.500000 0.831683 0.826087
9 0.509615 0.500000 0.788462 0.803922
13 0.500000 0.508065 0.820896 0.822581
42 0.508929 0.500000 0.803571 0.821429
4 0.506250 0.500000 0.812500 0.833333
33 0.506098 0.505814 0.817073 0.825581
15 0.508772 0.500000 0.807018 0.793103
21 0.505051 0.505319 0.828283 0.819149
10 0.500000 0.509091 0.807692 0.800000
17 0.500000 0.514286 0.666667 0.685714
