35 0.506173 0.500000 0.814815 0.802469
33 0.500000 0.500000 0.838710 0.826772
40 0.506849 0.500000 0.821918 0.842105
3 0.491071 0.500000 0.803571 0.800000
6 0.500000 0.500000 0.736842 0.756098
39 0.500000 0.500000 0.826087 0.836735
8 0.500000 0.500000 0.821429 0.821429
16 0.490000 0.510000 0.780000 0.780000
26 0.500000 0.500000 0.777778 0.764706
10 0.505682 0.500000 0.829545 0.839080
38 0.506024 0.505882 0.819277 0.823529
34 0.507937 0.500000 0.825397 0.838710
24 0.504630 0.505376 0.824074 0.817204
14 0.500000 0.504065 0.828125 0.829268
7 0.505319 0.500000 0.819149 0.827957
27 0.507246 0.508065 0.811594 0.822581
22 0.496154 0.500000 0.823077 0.811966
41 0.508475 0.500000 0.813559 0.833333
17 0.500000 0.500000 0.772727 0.782609
23 0.500000 0.507692 0.833333 0.830769
30 0.500000 0.505102 0.837838 0.826531
32 0.500000 0.500000 0.830508 0.824561
21 0.500000 0.500000 0.825243 0.827957
13 0.507812 0.508333 0.828125 0.816667
29 0.500000 0.505952 0.833333 0.821429
20 0.506757 0.507042 0.824324 0.816901
31 0.507692 0.508475 0.830769 0.813559
11 0.493976 0.500000 0.819277 0.810811
28 0.505051 0.505814 0.828283 0.825581
5 0.508772 0.508475 0.807018 0.813559
36 0.512821 0.500000 0.717949 0.743590
1 0.500000 0.505208 0.835052 0.822917
42 0.500000 0.500000 0.821429 0.827586
2 0.507353 0.507812 0.808824 0.828125
