34 0.500000 0.507246 0.823529 0.811594
13 0.500000 0.507812 0.818182 0.828125
28 0.500000 0.510638 0.800000 0.765957
14 0.500000 0.500000 0.838710 0.838710
36 0.500000 0.500000 0.800000 0.803922
6 0.511111 0.500000 0.755556 0.772727
15 0.508475 0.508197 0.813559 0.819672
30 0.500000 0.508333 0.827586 0.816667
20 0.510417 0.510870 0.770833 0.760870
2 0.510870 0.500000 0.760870 0.720930
31 0.511111 0.500000 0.755556 0.777778
25 0.494792 0.504717 0.822917 0.820755
40 0.500000 0.500000 0.773585 0.811321
10 0.500000 0.509434 0.807692 0.792453
4 0.511111 0.510870 0.755556 0.760870
22 0.500000 0.490385 0.781818 0.788462
17 0.517241 0.500000 0.620690 0.655172
9 0.508621 0.500000 0.810345 0.796610
11 0.506849 0.507812 0.821918 0.828125
8 0.500000 0.510000 0.795918 0.780000
35 0.500000 0.500000 0.756098 0.761905
18 0.500000 0.509434 0.821429 0.792453
16 0.500000 0.511905 0.714286 0.738095
7 0.509434 0.509434 0.792453 0.792453
1 0.500000 0.500000 0.800000 0.791667
12 0.500000 0.500000 0.843750 0.828571
26 0.500000 0.500000 0.822785 0.833333
