7 0.515152 0.500000 0.666667 0.687500
33 0.500000 0.488372 0.727273 0.744186
2 0.515625 0.500000 0.656250 0.687500
23 0.500000 0.500000 0.733333 0.720930
9 0.514286 0.514286 0.685714 0.685714
10 0.500000 0.500000 0.736842 0.736842
28 0.489130 0.500000 0.760870 0.744681
34 0.500000 0.500000 0.743590 0.743590
30 0.514706 0.500000 0.676471 0.655172
4 0.517241 0.517241 0.620690 0.620690
12 0.516667 0.516667 0.633333 0.633333
13 0.511905 0.513158 0.738095 0.710526
5 0.500000 0.500000 0.677419 0.677419
6 0.483333 0.500000 0.633333 0.612903
25 0.516129 0.516129 0.645161 0.645161
11 0.511905 0.512195 0.738095 0.731707
35 0.516667 0.500000 0.633333 0.655172
8 0.500000 0.500000 0.714286 0.714286
26 0.500000 0.500000 0.677419 0.666667
3 0.483333 0.483333 0.633333 0.633333
15 0.500000 0.485714 0.687500 0.685714
16 0.500000 0.509804 0.769231 0.784314
17 0.500000 0.513158 0.655172 0.710526
38 0.500000 0.500000 0.586207 0.600000
