35 0.500000 0.484848 0.647059 0.666667
25 0.513514 0.500000 0.702703 0.666667
6 0.515152 0.515152 0.666667 0.666667
38 0.500000 0.515625 0.666667 0.656250
26 0.500000 0.500000 0.675676 0.705882
15 0.513514 0.500000 0.702703 0.743590
7 0.513158 0.513514 0.710526 0.702703
4 0.515625 0.515152 0.656250 0.666667
31 0.515152 0.500000 0.666667 0.696970
13 0.489796 0.500000 0.775510 0.739130
17 0.500000 0.513158 0.655172 0.710526
12 0.500000 0.500000 0.687500 0.687500
16 0.500000 0.509434 0.777778 0.792453
34 0.500000 0.500000 0.756098 0.756098
3 0.500000 0.500000 0.647059 0.687500
23 0.500000 0.510870 0.791667 0.760870
28 0.500000 0.490385 0.773585 0.788462
5 0.500000 0.500000 0.705882 0.705882
18 0.510870 0.510870 0.760870 0.760870
9 0.500000 0.500000 0.743590 0.743590
33 0.510204 0.510204 0.775510 0.775510
14 0.508772 0.500000 0.807018 0.824561
11 0.510417 0.500000 0.770833 0.777778
10 0.512500 0.500000 0.725000 0.743590
