35 0.500000 0.517241 0.586207 0.620690
38 0.516129 0.500000 0.645161 0.666667
18 0.500000 0.500000 0.750000 0.750000
13 0.509434 0.510417 0.792453 0.770833
10 0.500000 0.500000 0.687500 0.687500
15 0.500000 0.517857 0.629630 0.607143
11 0.500000 0.516667 0.705882 0.633333
9 0.500000 0.500000 0.629630 0.642857
5 0.515152 0.500000 0.666667 0.687500
17 0.500000 0.513158 0.714286 0.710526
31 0.500000 0.500000 0.761905 0.761905
2 0.500000 0.500000 0.696970 0.696970
14 0.486842 0.500000 0.710526 0.727273
7 0.516667 0.518519 0.633333 0.592593
25 0.500000 0.511628 0.772727 0.744186
26 0.516129 0.500000 0.645161 0.642857
12 0.500000 0.500000 0.666667 0.677419
3 0.500000 0.514286 0.696970 0.685714
