18 0.510638 0.500000 0.765957 0.782609
8 0.500000 0.512195 0.750000 0.731707
4 0.500000 0.500000 0.743590 0.743590
17 0.512500 0.512500 0.725000 0.725000
14 0.500000 0.500000 0.739130 0.777778
5 0.513514 0.500000 0.702703 0.722222
11 0.500000 0.500000 0.705882 0.666667
35 0.516129 0.500000 0.645161 0.636364
10 0.500000 0.500000 0.736842 0.736842
31 0.510417 0.510638 0.770833 0.765957
15 0.516129 0.516129 0.645161 0.645161
38 0.514286 0.500000 0.685714 0.687500
13 0.508772 0.500000 0.807018 0.769231
3 0.513514 0.513158 0.702703 0.710526
7 0.514706 0.485714 0.676471 0.685714
25 0.500000 0.500000 0.803922 0.800000
