11 0.500000 0.500000 0.840909 0.842105
26 0.500000 0.500000 0.841270 0.821429
5 0.512821 0.512821 0.717949 0.717949
12 0.500000 0.506667 0.837838 0.826667
31 0.500000 0.500000 0.827160 0.835616
18 0.500000 0.500000 0.839080 0.840000
35 0.511111 0.510638 0.755556 0.765957
13 0.500000 0.507353 0.826087 0.808824
1 0.500000 0.505376 0.839080 0.817204
38 0.509091 0.500000 0.800000 0.824561
14 0.500000 0.504808 0.838384 0.817308
4 0.500000 0.500000 0.833333 0.843750
15 0.500000 0.503731 0.836364 0.828358
2 0.500000 0.500000 0.789474 0.818182
