35 0.500000 0.500000 0.615385 0.615385
1 0.500000 0.500000 0.767442 0.767442
3 0.517241 0.517241 0.620690 0.620690
11 0.512500 0.500000 0.725000 0.736842
14 0.513158 0.513158 0.710526 0.710526
33 0.500000 0.487500 0.743590 0.725000
7 0.500000 0.500000 0.666667 0.666667
38 0.518519 0.500000 0.592593 0.629630
34 0.500000 0.500000 0.729730 0.736842
28 0.500000 0.500000 0.756098 0.767442
10 0.500000 0.500000 0.714286 0.714286
5 0.516667 0.516667 0.633333 0.633333
16 0.490000 0.500000 0.780000 0.795918
2 0.516129 0.515625 0.645161 0.656250
25 0.500000 0.482143 0.642857 0.607143
17 0.500000 0.513514 0.655172 0.702703
30 0.514706 0.516667 0.676471 0.633333
26 0.500000 0.481481 0.586207 0.592593
4 0.517857 0.500000 0.607143 0.642857
6 0.481481 0.500000 0.592593 0.571429
9 0.500000 0.515625 0.666667 0.656250
8 0.515625 0.515625 0.656250 0.656250
