6 0.500000 0.500000 0.841270 0.820896
38 0.500000 0.500000 0.827160 0.807229
18 0.500000 0.505102 0.830189 0.826531
23 0.503731 0.495798 0.828358 0.823529
14 0.500000 0.500000 0.833333 0.825243
13 0.507692 0.505618 0.830769 0.831461
16 0.509434 0.509434 0.792453 0.792453
10 0.505882 0.505882 0.823529 0.823529
26 0.503497 0.503876 0.825175 0.821705
3 0.500000 0.500000 0.839080 0.839080
31 0.507937 0.500000 0.825397 0.836066
12 0.504167 0.500000 0.825000 0.831933
5 0.500000 0.500000 0.837209 0.827957
15 0.500000 0.506173 0.837838 0.814815
7 0.500000 0.506757 0.830986 0.824324
11 0.500000 0.500000 0.821429 0.836735
35 0.500000 0.500000 0.807692 0.811321
9 0.500000 0.500000 0.834862 0.824561
1 0.500000 0.500000 0.824176 0.840909
17 0.500000 0.500000 0.655172 0.677419
34 0.505051 0.505051 0.828283 0.828283
40 0.491525 0.507937 0.813559 0.825397
20 0.500000 0.506849 0.835616 0.821918
36 0.500000 0.505435 0.840909 0.815217
2 0.500000 0.500000 0.826087 0.841270
33 0.500000 0.500000 0.839080 0.839080
8 0.506757 0.506757 0.824324 0.824324
4 0.507246 0.500000 0.811594 0.833333
