12 0.505102 0.500000 0.826531 0.835052
35 0.500000 0.504425 0.826087 0.831858
7 0.500000 0.500000 0.824561 0.830508
10 0.500000 0.500000 0.818182 0.821429
13 0.505102 0.505814 0.826531 0.825581
14 0.504808 0.500000 0.817308 0.830189
11 0.500000 0.505319 0.813084 0.819149
9 0.500000 0.505435 0.837209 0.815217
15 0.492308 0.507812 0.830769 0.828125
2 0.500000 0.500000 0.837209 0.818182
3 0.500000 0.505000 0.829787 0.830000
31 0.500000 0.500000 0.838235 0.837398
28 0.504202 0.500000 0.823529 0.828571
26 0.500000 0.500000 0.829268 0.826087
18 0.500000 0.493243 0.804878 0.824324
4 0.500000 0.500000 0.787234 0.800000
5 0.500000 0.500000 0.829787 0.829787
8 0.507353 0.507812 0.808824 0.828125
33 0.509804 0.505814 0.784314 0.825581
25 0.495413 0.500000 0.825688 0.838384
