8 0.500000 0.500000 0.696970 0.696970
25 0.517241 0.500000 0.620690 0.642857
26 0.516667 0.500000 0.633333 0.642857
34 0.513158 0.500000 0.710526 0.743590
4 0.500000 0.500000 0.629630 0.629630
17 0.500000 0.500000 0.655172 0.729730
18 0.511905 0.511905 0.738095 0.738095
13 0.512195 0.500000 0.731707 0.729730
7 0.484375 0.515625 0.656250 0.656250
31 0.500000 0.500000 0.629630 0.629630
33 0.500000 0.511905 0.756098 0.738095
1 0.500000 0.488636 0.733333 0.750000
2 0.483871 0.500000 0.645161 0.636364
35 0.517857 0.517857 0.607143 0.607143
3 0.517241 0.517241 0.620690 0.620690
9 0.514706 0.500000 0.676471 0.696970
15 0.500000 0.514286 0.687500 0.685714
10 0.500000 0.500000 0.722222 0.722222
16 0.490000 0.500000 0.780000 0.795918
23 0.500000 0.512500 0.756098 0.725000
5 0.516129 0.516129 0.645161 0.645161
