5 0.500000 0.514286 0.705882 0.685714
3 0.500000 0.500000 0.677419 0.677419
13 0.500000 0.510417 0.803922 0.770833
23 0.506024 0.500000 0.819277 0.833333
33 0.500000 0.486842 0.684211 0.710526
9 0.500000 0.512821 0.729730 0.717949
7 0.500000 0.511628 0.761905 0.744186
10 0.500000 0.500000 0.705882 0.705882
26 0.508333 0.500000 0.816667 0.811321
31 0.500000 0.511905 0.739130 0.738095
14 0.500000 0.508475 0.760000 0.813559
28 0.511905 0.512500 0.738095 0.725000
30 0.514286 0.500000 0.685714 0.666667
12 0.500000 0.513889 0.722222 0.694444
1 0.500000 0.515152 0.687500 0.666667
11 0.513158 0.513514 0.710526 0.702703
35 0.500000 0.500000 0.705882 0.705882
18 0.500000 0.500000 0.743590 0.743590
8 0.500000 0.513158 0.722222 0.710526
2 0.516667 0.516129 0.633333 0.645161
25 0.511364 0.500000 0.750000 0.743590
15 0.500000 0.486486 0.677419 0.702703
17 0.516129 0.500000 0.645161 0.696970
