30 0.500000 0.500000 0.750000 0.714286
23 0.508929 0.500000 0.803571 0.803922
4 0.500000 0.513158 0.722222 0.710526
38 0.485294 0.500000 0.676471 0.705882
15 0.500000 0.511111 0.750000 0.755556
17 0.515625 0.500000 0.656250 0.729730
28 0.508197 0.500000 0.819672 0.838710
31 0.487179 0.500000 0.717949 0.707317
8 0.500000 0.510638 0.782609 0.765957
14 0.500000 0.506250 0.825000 0.812500
16 0.491379 0.508621 0.810345 0.810345
33 0.509091 0.509259 0.800000 0.796296
7 0.500000 0.500000 0.756098 0.743590
25 0.500000 0.512821 0.743590 0.717949
5 0.487179 0.487179 0.717949 0.717949
11 0.508772 0.500000 0.807018 0.814815
9 0.511111 0.500000 0.755556 0.777778
18 0.500000 0.500000 0.756098 0.756098
6 0.513889 0.500000 0.694444 0.684211
1 0.500000 0.500000 0.807692 0.814815
