40 0.508065 0.500000 0.822581 0.841270
12 0.500000 0.500000 0.833333 0.830508
22 0.500000 0.500000 0.750000 0.744681
8 0.500000 0.509804 0.800000 0.784314
34 0.510870 0.500000 0.760870 0.781818
26 0.510000 0.488889 0.780000 0.755556
20 0.500000 0.500000 0.827586 0.807692
3 0.508772 0.508772 0.807018 0.807018
9 0.492857 0.500000 0.814286 0.823529
38 0.511364 0.500000 0.750000 0.767442
33 0.510638 0.489362 0.765957 0.765957
23 0.506173 0.500000 0.814815 0.837838
6 0.500000 0.500000 0.803922 0.811321
4 0.500000 0.500000 0.807692 0.803922
16 0.509615 0.509434 0.788462 0.792453
21 0.500000 0.500000 0.836066 0.824561
10 0.510417 0.510417 0.770833 0.770833
17 0.500000 0.500000 0.761905 0.733333
13 0.500000 0.500000 0.800000 0.843750
2 0.491228 0.508929 0.807018 0.803571
1 0.509804 0.509804 0.784314 0.784314
31 0.509615 0.500000 0.788462 0.791667
11 0.505435 0.500000 0.815217 0.825000
30 0.500000 0.510000 0.811321 0.780000
36 0.500000 0.510417 0.787234 0.770833
7 0.500000 0.500000 0.787234 0.782609
