18 0.500000 0.487179 0.720930 0.717949
14 0.500000 0.500000 0.803922 0.803922
23 0.500000 0.507692 0.835616 0.830769
13 0.511364 0.510000 0.750000 0.780000
15 0.500000 0.508475 0.800000 0.813559
17 0.500000 0.515625 0.655172 0.656250
9 0.500000 0.500000 0.744681 0.750000
12 0.490741 0.509091 0.796296 0.800000
31 0.511628 0.500000 0.744186 0.767442
26 0.508197 0.508772 0.819672 0.807018
20 0.487500 0.513158 0.725000 0.710526
11 0.500000 0.500000 0.833333 0.818182
3 0.511905 0.500000 0.738095 0.761905
8 0.511628 0.511628 0.744186 0.744186
5 0.511111 0.500000 0.755556 0.750000
7 0.500000 0.500000 0.744681 0.777778
1 0.500000 0.511905 0.756098 0.738095
10 0.511111 0.500000 0.755556 0.772727
6 0.500000 0.500000 0.743590 0.743590
40 0.510204 0.509804 0.775510 0.784314
36 0.487805 0.512195 0.731707 0.731707
28 0.510417 0.510870 0.770833 0.760870
4 0.486842 0.500000 0.710526 0.700000
2 0.486842 0.514706 0.710526 0.676471
25 0.506024 0.500000 0.819277 0.839080
16 0.514286 0.485714 0.685714 0.685714
22 0.510638 0.511364 0.765957 0.750000
