17 0.500000 0.500000 0.666667 0.687500
26 0.500000 0.480769 0.629630 0.576923
13 0.500000 0.515625 0.677419 0.656250
9 0.500000 0.500000 0.666667 0.666667
12 0.500000 0.516129 0.666667 0.645161
5 0.500000 0.500000 0.615385 0.615385
15 0.505747 0.504950 0.827586 0.831683
25 0.500000 0.500000 0.555556 0.615385
14 0.511905 0.511905 0.738095 0.738095
2 0.517241 0.517241 0.620690 0.620690
4 0.500000 0.500000 0.722222 0.736842
1 0.500000 0.500000 0.729730 0.736842
35 0.500000 0.518519 0.642857 0.592593
10 0.500000 0.516129 0.666667 0.645161
3 0.500000 0.500000 0.666667 0.666667
11 0.511628 0.500000 0.744186 0.750000
