17 0.509804 0.509615 0.784314 0.788462
15 0.500000 0.500000 0.777778 0.772727
10 0.500000 0.500000 0.750000 0.750000
25 0.500000 0.490741 0.789474 0.796296
8 0.500000 0.511905 0.767442 0.738095
9 0.511364 0.510417 0.750000 0.770833
18 0.489130 0.500000 0.760870 0.714286
33 0.500000 0.500000 0.756098 0.818182
4 0.500000 0.500000 0.736842 0.750000
11 0.510417 0.500000 0.770833 0.777778
28 0.491525 0.508929 0.813559 0.803571
31 0.500000 0.493750 0.839080 0.812500
3 0.508929 0.500000 0.803571 0.824561
12 0.509434 0.500000 0.792453 0.807692
14 0.500000 0.489362 0.750000 0.765957
1 0.500000 0.509434 0.800000 0.792453
38 0.500000 0.500000 0.772727 0.772727
5 0.500000 0.500000 0.807692 0.807692
35 0.508929 0.500000 0.803571 0.824561
