14 0.504587 0.500000 0.825688 0.819820
25 0.503448 0.500000 0.827586 0.838235
18 0.504673 0.500000 0.822430 0.830189
10 0.505882 0.500000 0.823529 0.833333
33 0.500000 0.500000 0.675676 0.729730
26 0.500000 0.500000 0.800000 0.833333
3 0.510870 0.500000 0.760870 0.767442
4 0.505155 0.500000 0.824742 0.833333
12 0.500000 0.505208 0.829787 0.822917
8 0.506849 0.506849 0.821918 0.821918
2 0.508197 0.500000 0.819672 0.841270
11 0.509091 0.500000 0.800000 0.807692
1 0.500000 0.500000 0.811321 0.811321
35 0.509434 0.500000 0.792453 0.811321
38 0.500000 0.510000 0.795918 0.780000
9 0.509259 0.509259 0.796296 0.796296
17 0.500000 0.506667 0.840000 0.826667
15 0.500000 0.500000 0.743590 0.743590
7 0.500000 0.500000 0.824561 0.836066
