1 0.495868 0.504167 0.826446 0.825000
13 0.500000 0.500000 0.837037 0.837398
17 0.509615 0.500000 0.788462 0.818182
31 0.500000 0.493827 0.820225 0.814815
11 0.505814 0.506250 0.825581 0.812500
10 0.500000 0.500000 0.826923 0.831776
3 0.500000 0.500000 0.727273 0.761905
35 0.495238 0.500000 0.819048 0.836735
14 0.500000 0.500000 0.828571 0.828571
5 0.500000 0.503676 0.830769 0.830882
15 0.505435 0.505155 0.815217 0.824742
26 0.502604 0.500000 0.828125 0.826590
9 0.500000 0.500000 0.767442 0.767442
23 0.502646 0.500000 0.825397 0.829268
28 0.500000 0.505435 0.809524 0.815217
8 0.507937 0.500000 0.825397 0.827586
12 0.500000 0.500000 0.843750 0.823529
25 0.503472 0.500000 0.826389 0.830769
2 0.500000 0.500000 0.830508 0.829457
38 0.506757 0.500000 0.824324 0.818182
