1 0.500000 0.500000 0.843750 0.843750
10 0.500000 0.508929 0.818182 0.803571
36 0.491667 0.491803 0.816667 0.819672
26 0.508621 0.500000 0.810345 0.803922
11 0.504673 0.500000 0.822430 0.833333
12 0.504950 0.505952 0.831683 0.821429
8 0.508475 0.500000 0.813559 0.827586
30 0.500000 0.508621 0.838710 0.810345
35 0.506944 0.500000 0.819444 0.835616
22 0.500000 0.500000 0.781818 0.807692
3 0.505882 0.505747 0.823529 0.827586
21 0.505000 0.505435 0.830000 0.815217
4 0.493421 0.500000 0.828947 0.818182
20 0.500000 0.500000 0.840000 0.797101
15 0.500000 0.506944 0.837838 0.819444
23 0.500000 0.500000 0.830189 0.833333
7 0.500000 0.500000 0.803922 0.800000
13 0.500000 0.500000 0.822785 0.837838
25 0.494949 0.494382 0.828283 0.831461
38 0.510417 0.500000 0.770833 0.782609
33 0.500000 0.500000 0.824561 0.824561
28 0.500000 0.500000 0.836364 0.838384
5 0.500000 0.500000 0.818182 0.789474
14 0.500000 0.500000 0.832061 0.830986
34 0.490909 0.507143 0.800000 0.814286
16 0.508333 0.508197 0.816667 0.819672
31 0.500000 0.500000 0.843750 0.833333
