18 0.507812 0.500000 0.828125 0.827586
35 0.500000 0.505882 0.833333 0.823529
25 0.500000 0.500000 0.813953 0.820513
2 0.507937 0.500000 0.825397 0.838710
5 0.500000 0.500000 0.828571 0.828571
9 0.500000 0.500000 0.841270 0.823529
26 0.492188 0.500000 0.828125 0.818182
1 0.500000 0.500000 0.820896 0.826087
3 0.500000 0.500000 0.840000 0.829268
33 0.489583 0.506849 0.770833 0.821918
11 0.506579 0.507042 0.828947 0.816901
10 0.510204 0.500000 0.775510 0.791667
7 0.509804 0.509434 0.784314 0.792453
12 0.506757 0.506667 0.824324 0.826667
28 0.505618 0.506098 0.831461 0.817073
38 0.509259 0.509259 0.796296 0.796296
4 0.500000 0.500000 0.767442 0.782609
13 0.505952 0.506250 0.821429 0.812500
31 0.500000 0.504673 0.830508 0.822430
