3 0.500000 0.511111 0.767442 0.755556
5 0.500000 0.500000 0.791667 0.800000
34 0.508065 0.500000 0.822581 0.836066
30 0.509615 0.509434 0.788462 0.792453
8 0.500000 0.500000 0.772727 0.772727
4 0.511628 0.488372 0.744186 0.744186
40 0.500000 0.500000 0.764706 0.803922
23 0.506024 0.493151 0.819277 0.821918
31 0.511628 0.500000 0.744186 0.767442
7 0.509804 0.500000 0.784314 0.800000
11 0.500000 0.508333 0.820896 0.816667
26 0.492857 0.507812 0.814286 0.828125
6 0.511628 0.511628 0.744186 0.744186
20 0.511111 0.511628 0.755556 0.744186
13 0.509259 0.508197 0.796296 0.819672
28 0.510204 0.500000 0.775510 0.782609
38 0.509091 0.500000 0.800000 0.824561
36 0.510870 0.489583 0.760870 0.770833
9 0.500000 0.500000 0.807692 0.811321
16 0.486842 0.500000 0.710526 0.736842
33 0.509091 0.500000 0.800000 0.814815
15 0.509434 0.508475 0.792453 0.813559
22 0.509804 0.500000 0.784314 0.791667
35 0.500000 0.512195 0.750000 0.731707
2 0.500000 0.487179 0.727273 0.717949
1 0.510638 0.511111 0.765957 0.755556
10 0.510204 0.500000 0.775510 0.791667
