3 0.500000 0.511364 0.777778 0.750000
11 0.509434 0.500000 0.792453 0.791667
33 0.486111 0.486842 0.694444 0.710526
7 0.500000 0.508929 0.803922 0.803571
17 0.507246 0.507353 0.811594 0.808824
35 0.510000 0.509804 0.780000 0.784314
31 0.500000 0.500000 0.815789 0.826087
12 0.500000 0.505882 0.833333 0.823529
5 0.508065 0.508333 0.822581 0.816667
9 0.500000 0.500000 0.800000 0.800000
25 0.503906 0.500000 0.820312 0.833333
26 0.500000 0.491379 0.815385 0.810345
13 0.500000 0.506667 0.837209 0.826667
4 0.500000 0.505747 0.837209 0.827586
10 0.500000 0.506579 0.837838 0.828947
15 0.500000 0.500000 0.743590 0.743590
14 0.504717 0.504630 0.820755 0.824074
