2 0.500000 0.510000 0.795918 0.780000
31 0.505376 0.500000 0.817204 0.829268
12 0.508621 0.500000 0.810345 0.824561
33 0.500000 0.500000 0.761905 0.833333
17 0.509804 0.500000 0.784314 0.803922
26 0.500000 0.488636 0.800000 0.750000
13 0.500000 0.500000 0.828571 0.838710
5 0.500000 0.509091 0.814815 0.800000
35 0.500000 0.500000 0.827586 0.830508
1 0.490566 0.500000 0.792453 0.814815
28 0.500000 0.491228 0.836066 0.807018
14 0.500000 0.490000 0.795918 0.780000
7 0.500000 0.511628 0.761905 0.744186
25 0.491525 0.500000 0.813559 0.793103
18 0.510417 0.500000 0.770833 0.761905
8 0.500000 0.511111 0.782609 0.755556
9 0.510870 0.510000 0.760870 0.780000
10 0.512195 0.512195 0.731707 0.731707
4 0.500000 0.500000 0.743590 0.756098
