13 0.509091 0.510000 0.800000 0.780000
1 0.500000 0.489130 0.744681 0.760870
28 0.510204 0.509804 0.775510 0.784314
10 0.500000 0.500000 0.736842 0.736842
3 0.500000 0.511905 0.743590 0.738095
17 0.514706 0.500000 0.676471 0.696970
35 0.509259 0.500000 0.796296 0.811321
18 0.500000 0.513514 0.743590 0.702703
12 0.500000 0.500000 0.736842 0.729730
2 0.512500 0.500000 0.725000 0.714286
8 0.513158 0.512195 0.710526 0.731707
15 0.500000 0.500000 0.714286 0.675676
9 0.490000 0.500000 0.780000 0.795918
4 0.500000 0.512195 0.729730 0.731707
33 0.511364 0.510417 0.750000 0.770833
11 0.508333 0.508621 0.816667 0.810345
14 0.500000 0.500000 0.841270 0.812500
