35 0.500000 0.500000 0.761905 0.761905
38 0.512500 0.511628 0.725000 0.744186
5 0.511364 0.500000 0.750000 0.767442
14 0.510417 0.500000 0.770833 0.787234
1 0.487179 0.487179 0.717949 0.717949
11 0.513889 0.500000 0.694444 0.714286
31 0.500000 0.500000 0.807692 0.791667
23 0.508621 0.500000 0.810345 0.807692
25 0.490909 0.500000 0.800000 0.800000
28 0.500000 0.486486 0.714286 0.702703
4 0.500000 0.500000 0.684211 0.714286
18 0.508929 0.508929 0.803571 0.803571
26 0.500000 0.504808 0.826087 0.817308
33 0.485294 0.500000 0.676471 0.743590
8 0.500000 0.513889 0.729730 0.694444
10 0.500000 0.512821 0.736842 0.717949
13 0.505882 0.500000 0.823529 0.827160
7 0.511364 0.500000 0.750000 0.782609
