18 0.512500 0.500000 0.725000 0.743590
4 0.516129 0.500000 0.645161 0.677419
3 0.515625 0.515625 0.656250 0.656250
2 0.500000 0.500000 0.655172 0.655172
5 0.514706 0.500000 0.676471 0.696970
9 0.500000 0.500000 0.729730 0.736842
1 0.515152 0.500000 0.666667 0.687500
12 0.513889 0.513889 0.694444 0.694444
38 0.500000 0.500000 0.600000 0.625000
26 0.508475 0.500000 0.813559 0.807692
35 0.514706 0.514706 0.676471 0.676471
10 0.514286 0.514286 0.685714 0.685714
7 0.512500 0.512500 0.725000 0.725000
30 0.515152 0.515625 0.666667 0.656250
8 0.500000 0.513158 0.722222 0.710526
28 0.500000 0.487179 0.750000 0.717949
17 0.500000 0.514706 0.666667 0.676471
11 0.513514 0.500000 0.702703 0.714286
33 0.500000 0.500000 0.722222 0.692308
25 0.500000 0.487179 0.727273 0.717949
