38 0.500000 0.513158 0.722222 0.710526
33 0.513158 0.513158 0.710526 0.710526
30 0.500000 0.511628 0.782609 0.744186
14 0.500000 0.505682 0.822785 0.829545
4 0.512821 0.487500 0.717949 0.725000
31 0.512500 0.513889 0.725000 0.694444
7 0.500000 0.512195 0.756098 0.731707
17 0.500000 0.500000 0.684211 0.684211
9 0.509259 0.509259 0.796296 0.796296
16 0.500000 0.500000 0.756098 0.761905
15 0.500000 0.500000 0.729730 0.729730
1 0.512195 0.512195 0.731707 0.731707
18 0.500000 0.505814 0.814433 0.825581
2 0.500000 0.500000 0.750000 0.743590
5 0.512821 0.500000 0.717949 0.736842
11 0.500000 0.500000 0.828571 0.841270
21 0.500000 0.500000 0.772727 0.743590
25 0.500000 0.509615 0.824561 0.788462
26 0.487500 0.500000 0.725000 0.692308
3 0.500000 0.500000 0.743590 0.756098
12 0.500000 0.500000 0.811321 0.733333
36 0.500000 0.486842 0.722222 0.710526
10 0.512821 0.500000 0.717949 0.736842
20 0.500000 0.487805 0.777778 0.731707
