12 0.500000 0.500000 0.696970 0.696970
4 0.500000 0.500000 0.666667 0.677419
1 0.500000 0.500000 0.714286 0.714286
7 0.515625 0.515625 0.656250 0.656250
25 0.500000 0.485294 0.687500 0.676471
9 0.517241 0.515625 0.620690 0.656250
8 0.500000 0.500000 0.677419 0.677419
13 0.500000 0.511364 0.777778 0.750000
18 0.515625 0.517241 0.656250 0.620690
10 0.515625 0.515625 0.656250 0.656250
31 0.508475 0.500000 0.813559 0.811321
38 0.515152 0.500000 0.666667 0.687500
35 0.513889 0.500000 0.694444 0.684211
26 0.484848 0.517241 0.666667 0.620690
