1 0.510870 0.510638 0.760870 0.765957
38 0.511111 0.511111 0.755556 0.755556
18 0.500000 0.500000 0.822785 0.822785
26 0.500000 0.500000 0.777778 0.755102
10 0.508197 0.500000 0.819672 0.833333
9 0.511111 0.500000 0.755556 0.772727
11 0.510638 0.511628 0.765957 0.744186
33 0.500000 0.513158 0.714286 0.710526
8 0.508475 0.508475 0.813559 0.813559
12 0.507692 0.507937 0.830769 0.825397
3 0.511364 0.500000 0.750000 0.761905
4 0.500000 0.507812 0.841270 0.828125
35 0.500000 0.500000 0.767442 0.739130
25 0.500000 0.500000 0.835052 0.824176
13 0.506579 0.507143 0.828947 0.814286
14 0.505376 0.505102 0.817204 0.826531
7 0.500000 0.510000 0.782609 0.780000
5 0.509615 0.509615 0.788462 0.788462
