9 0.500000 0.500000 0.841270 0.820896
2 0.500000 0.500000 0.828571 0.835616
35 0.508065 0.507692 0.822581 0.830769
18 0.500000 0.503497 0.830986 0.825175
15 0.500000 0.512500 0.761905 0.725000
13 0.500000 0.500000 0.836735 0.816092
38 0.508929 0.508929 0.803571 0.803571
3 0.500000 0.510417 0.795918 0.770833
8 0.505814 0.500000 0.825581 0.835294
1 0.507812 0.507937 0.828125 0.825397
5 0.500000 0.506667 0.825000 0.826667
11 0.508197 0.508475 0.819672 0.813559
26 0.500000 0.500000 0.827957 0.831325
10 0.500000 0.504132 0.838710 0.826446
14 0.504098 0.504065 0.827869 0.829268
25 0.502500 0.502604 0.825000 0.828125
31 0.500000 0.505747 0.831579 0.827586
