26 0.500000 0.500000 0.714286 0.722222
33 0.500000 0.510638 0.705882 0.765957
1 0.508772 0.508929 0.807018 0.803571
31 0.509615 0.500000 0.788462 0.777778
12 0.500000 0.511628 0.761905 0.744186
4 0.500000 0.510000 0.782609 0.780000
11 0.500000 0.500000 0.827586 0.811321
7 0.500000 0.500000 0.705882 0.714286
10 0.500000 0.512195 0.750000 0.731707
25 0.511905 0.512821 0.738095 0.717949
13 0.511111 0.500000 0.755556 0.772727
2 0.500000 0.500000 0.714286 0.714286
9 0.486111 0.500000 0.694444 0.666667
3 0.511364 0.511364 0.750000 0.750000
38 0.515625 0.500000 0.656250 0.677419
