38 0.488889 0.500000 0.755556 0.755102
12 0.500000 0.500000 0.791667 0.795918
1 0.500000 0.488636 0.772727 0.750000
13 0.505376 0.500000 0.817204 0.818182
33 0.486486 0.500000 0.702703 0.761905
3 0.513889 0.500000 0.694444 0.714286
31 0.500000 0.500000 0.827586 0.814815
8 0.500000 0.500000 0.756098 0.743590
11 0.487179 0.512821 0.717949 0.717949
15 0.500000 0.490196 0.761905 0.784314
10 0.511628 0.511628 0.744186 0.744186
25 0.492188 0.500000 0.828125 0.803279
18 0.508333 0.500000 0.816667 0.830508
28 0.511111 0.500000 0.755556 0.761905
35 0.510638 0.510638 0.765957 0.765957
14 0.508929 0.500000 0.803571 0.818182
9 0.500000 0.500000 0.767442 0.767442
23 0.500000 0.508333 0.826087 0.816667
26 0.495968 0.504545 0.830645 0.827273
2 0.506757 0.500000 0.824324 0.840000
17 0.512821 0.500000 0.717949 0.743590
4 0.500000 0.500000 0.692308 0.684211
