9 0.500000 0.500000 0.791667 0.795918
10 0.500000 0.511905 0.756098 0.738095
7 0.500000 0.509091 0.814815 0.800000
13 0.506757 0.507353 0.824324 0.808824
3 0.500000 0.513889 0.675676 0.694444
11 0.490196 0.510638 0.784314 0.765957
38 0.514286 0.513158 0.685714 0.710526
31 0.500000 0.500000 0.830508 0.818182
28 0.509091 0.509804 0.800000 0.784314
4 0.500000 0.512195 0.736842 0.731707
2 0.500000 0.500000 0.736842 0.736842
14 0.506849 0.500000 0.821918 0.837209
12 0.510417 0.510638 0.770833 0.765957
25 0.500000 0.509615 0.818182 0.788462
26 0.505952 0.500000 0.821429 0.837838
33 0.500000 0.500000 0.750000 0.727273
17 0.500000 0.500000 0.666667 0.705882
1 0.487805 0.487805 0.731707 0.731707
23 0.500000 0.500000 0.824176 0.825000
35 0.500000 0.511111 0.772727 0.755556
8 0.500000 0.510204 0.782609 0.775510
30 0.511628 0.500000 0.744186 0.736842
5 0.511628 0.500000 0.744186 0.761905
