38 0.509434 0.508772 0.792453 0.807018
33 0.500000 0.500000 0.756098 0.795918
26 0.503571 0.504032 0.821429 0.830645
35 0.500000 0.508772 0.793103 0.807018
8 0.500000 0.500000 0.750000 0.772727
2 0.494186 0.494118 0.825581 0.823529
1 0.509434 0.509434 0.792453 0.792453
18 0.500000 0.506579 0.840000 0.828947
14 0.500000 0.500000 0.833333 0.833333
12 0.509259 0.500000 0.796296 0.824561
25 0.500000 0.493333 0.811765 0.826667
11 0.500000 0.510870 0.782609 0.760870
4 0.512500 0.512821 0.725000 0.717949
5 0.508197 0.500000 0.819672 0.836066
3 0.486842 0.486842 0.710526 0.710526
28 0.491228 0.500000 0.807018 0.795918
13 0.504587 0.494949 0.825688 0.828283
10 0.500000 0.500000 0.814815 0.814815
17 0.511628 0.511111 0.744186 0.755556
15 0.509804 0.508475 0.784314 0.813559
9 0.500000 0.500000 0.767442 0.767442
