7 0.514286 0.514286 0.685714 0.685714
12 0.512500 0.487500 0.725000 0.725000
5 0.500000 0.500000 0.743590 0.743590
1 0.500000 0.487500 0.707317 0.725000
3 0.511364 0.500000 0.750000 0.767442
26 0.500000 0.500000 0.729730 0.647059
14 0.484848 0.515152 0.666667 0.666667
11 0.500000 0.513889 0.722222 0.694444
10 0.500000 0.514286 0.705882 0.685714
2 0.485714 0.500000 0.685714 0.714286
18 0.485714 0.500000 0.685714 0.696970
15 0.500000 0.500000 0.700000 0.736842
31 0.492308 0.491667 0.830769 0.816667
33 0.500000 0.500000 0.714286 0.767442
9 0.500000 0.513158 0.687500 0.710526
35 0.512195 0.511628 0.731707 0.744186
8 0.513889 0.514286 0.694444 0.685714
