22 0.500000 0.500000 0.736842 0.692308
26 0.515152 0.516667 0.666667 0.633333
34 0.514706 0.515625 0.676471 0.656250
4 0.514286 0.500000 0.685714 0.687500
18 0.500000 0.500000 0.729730 0.736842
35 0.500000 0.500000 0.722222 0.729730
8 0.500000 0.500000 0.736842 0.736842
11 0.500000 0.500000 0.733333 0.720930
9 0.500000 0.513889 0.705882 0.694444
12 0.500000 0.500000 0.736842 0.736842
15 0.486842 0.500000 0.710526 0.720930
38 0.517241 0.500000 0.620690 0.642857
28 0.500000 0.500000 0.705882 0.687500
5 0.514286 0.500000 0.685714 0.666667
17 0.500000 0.500000 0.655172 0.629630
3 0.500000 0.500000 0.705882 0.705882
13 0.500000 0.511905 0.777778 0.738095
33 0.486842 0.500000 0.710526 0.684211
30 0.500000 0.513514 0.696970 0.702703
7 0.516129 0.500000 0.645161 0.666667
36 0.500000 0.500000 0.821429 0.821429
31 0.488095 0.500000 0.738095 0.729730
6 0.516667 0.483871 0.633333 0.645161
