38 0.516129 0.500000 0.645161 0.666667
8 0.512821 0.500000 0.717949 0.756098
18 0.500000 0.500000 0.827586 0.821429
15 0.505051 0.504202 0.828283 0.823529
17 0.514706 0.500000 0.676471 0.714286
5 0.515625 0.515625 0.656250 0.656250
13 0.500000 0.511628 0.761905 0.744186
9 0.500000 0.500000 0.714286 0.705882
26 0.500000 0.513889 0.700000 0.694444
3 0.500000 0.511905 0.756098 0.738095
35 0.486486 0.500000 0.702703 0.729730
31 0.510417 0.500000 0.770833 0.767442
2 0.514706 0.500000 0.676471 0.696970
4 0.510870 0.500000 0.760870 0.791667
1 0.509091 0.509091 0.800000 0.800000
11 0.508929 0.510000 0.803571 0.780000
7 0.500000 0.500000 0.696970 0.705882
12 0.511628 0.511628 0.744186 0.744186
