25 0.500000 0.486842 0.736842 0.710526
26 0.500000 0.500000 0.722222 0.687500
33 0.500000 0.511905 0.696970 0.738095
18 0.484848 0.500000 0.666667 0.647059
17 0.500000 0.500000 0.729730 0.736842
9 0.500000 0.500000 0.687500 0.714286
7 0.500000 0.500000 0.696970 0.696970
31 0.507812 0.508333 0.828125 0.816667
10 0.500000 0.500000 0.705882 0.705882
14 0.500000 0.514706 0.696970 0.676471
38 0.513158 0.500000 0.710526 0.729730
11 0.514286 0.500000 0.685714 0.687500
12 0.500000 0.500000 0.736842 0.736842
3 0.511628 0.511628 0.744186 0.744186
8 0.513889 0.500000 0.694444 0.705882
2 0.500000 0.485714 0.657143 0.685714
15 0.512821 0.512821 0.717949 0.717949
4 0.515152 0.500000 0.666667 0.657143
13 0.509615 0.500000 0.788462 0.782609
1 0.512821 0.500000 0.717949 0.736842
