15 0.500000 0.500000 0.675676 0.714286
26 0.506757 0.507353 0.824324 0.808824
10 0.512500 0.500000 0.725000 0.743590
7 0.510204 0.510204 0.775510 0.775510
30 0.512821 0.500000 0.717949 0.714286
35 0.500000 0.512500 0.707317 0.725000
5 0.500000 0.500000 0.736842 0.736842
11 0.510638 0.488636 0.765957 0.750000
3 0.514286 0.514286 0.685714 0.685714
1 0.500000 0.512500 0.743590 0.725000
13 0.507812 0.491379 0.828125 0.810345
8 0.500000 0.511111 0.767442 0.755556
28 0.510000 0.500000 0.780000 0.750000
14 0.507692 0.500000 0.830769 0.840000
33 0.500000 0.500000 0.736842 0.714286
17 0.516129 0.500000 0.645161 0.705882
25 0.509804 0.510870 0.784314 0.760870
23 0.500000 0.506579 0.831325 0.828947
9 0.511111 0.511111 0.755556 0.755556
12 0.500000 0.500000 0.761905 0.756098
31 0.500000 0.500000 0.811321 0.795918
