4 0.511364 0.510638 0.750000 0.765957
28 0.500000 0.508333 0.827586 0.816667
11 0.500000 0.507692 0.833333 0.830769
25 0.500000 0.490196 0.773585 0.784314
38 0.509259 0.500000 0.796296 0.843750
17 0.513158 0.512821 0.710526 0.717949
5 0.500000 0.500000 0.800000 0.800000
10 0.500000 0.511628 0.761905 0.744186
1 0.500000 0.509259 0.811321 0.796296
23 0.508475 0.500000 0.813559 0.821429
12 0.488372 0.500000 0.744186 0.720930
2 0.500000 0.500000 0.773585 0.773585
14 0.506849 0.506849 0.821918 0.821918
18 0.488889 0.500000 0.755556 0.720930
33 0.510638 0.500000 0.765957 0.800000
31 0.491228 0.490741 0.807018 0.796296
9 0.500000 0.500000 0.814815 0.781818
