33 0.512821 0.500000 0.717949 0.736842
40 0.511111 0.510638 0.755556 0.765957
6 0.500000 0.514706 0.696970 0.676471
5 0.512500 0.512195 0.725000 0.731707
36 0.513514 0.486486 0.702703 0.702703
23 0.508621 0.490385 0.810345 0.788462
7 0.500000 0.500000 0.743590 0.743590
28 0.500000 0.500000 0.756098 0.743590
14 0.510870 0.510870 0.760870 0.760870
12 0.510870 0.500000 0.760870 0.777778
17 0.517857 0.517241 0.607143 0.620690
11 0.500000 0.510417 0.803922 0.770833
26 0.500000 0.500000 0.800000 0.782609
2 0.500000 0.516129 0.647059 0.645161
8 0.513514 0.513158 0.702703 0.710526
9 0.512821 0.500000 0.717949 0.736842
38 0.488372 0.511111 0.744186 0.755556
1 0.500000 0.500000 0.714286 0.722222
34 0.516667 0.516667 0.633333 0.633333
13 0.511628 0.510870 0.744186 0.760870
18 0.500000 0.514706 0.714286 0.676471
16 0.483333 0.500000 0.633333 0.666667
15 0.500000 0.509434 0.772727 0.792453
30 0.500000 0.513514 0.722222 0.702703
22 0.512500 0.500000 0.725000 0.736842
35 0.514286 0.514286 0.685714 0.685714
20 0.500000 0.483871 0.636364 0.645161
