10 0.500000 0.500000 0.666667 0.666667
7 0.500000 0.513514 0.722222 0.702703
30 0.516667 0.500000 0.633333 0.655172
4 0.517241 0.516667 0.620690 0.633333
38 0.500000 0.483333 0.629630 0.633333
9 0.500000 0.500000 0.696970 0.705882
25 0.512821 0.513889 0.717949 0.694444
3 0.500000 0.500000 0.655172 0.655172
13 0.488889 0.511905 0.755556 0.738095
31 0.500000 0.513158 0.743590 0.710526
14 0.500000 0.489796 0.743590 0.775510
33 0.513889 0.513514 0.694444 0.702703
12 0.500000 0.514286 0.705882 0.685714
26 0.500000 0.500000 0.807692 0.787234
18 0.513514 0.500000 0.702703 0.722222
11 0.500000 0.500000 0.687500 0.687500
1 0.483333 0.500000 0.633333 0.612903
8 0.500000 0.514706 0.696970 0.676471
28 0.500000 0.500000 0.729730 0.722222
