4 0.513158 0.512500 0.710526 0.725000
1 0.512821 0.487500 0.717949 0.725000
9 0.515625 0.515625 0.656250 0.656250
35 0.500000 0.500000 0.642857 0.655172
15 0.500000 0.500000 0.840909 0.826923
8 0.514706 0.500000 0.676471 0.722222
12 0.516129 0.500000 0.645161 0.666667
38 0.517241 0.517241 0.620690 0.620690
17 0.515152 0.514286 0.666667 0.685714
26 0.517241 0.500000 0.620690 0.615385
2 0.516667 0.500000 0.633333 0.655172
7 0.500000 0.500000 0.642857 0.655172
5 0.482143 0.500000 0.607143 0.629630
10 0.500000 0.500000 0.687500 0.687500
3 0.515625 0.500000 0.656250 0.677419
