5 0.500000 0.513158 0.722222 0.710526
1 0.516129 0.484848 0.645161 0.666667
23 0.509091 0.510204 0.800000 0.775510
30 0.515625 0.484375 0.656250 0.656250
36 0.515625 0.515625 0.656250 0.656250
8 0.515152 0.515152 0.666667 0.666667
28 0.512821 0.500000 0.717949 0.714286
38 0.512821 0.511905 0.717949 0.738095
31 0.514706 0.514706 0.676471 0.676471
4 0.500000 0.516667 0.612903 0.633333
7 0.513889 0.513889 0.694444 0.694444
12 0.500000 0.487500 0.736842 0.725000
34 0.500000 0.516667 0.655172 0.633333
2 0.500000 0.500000 0.600000 0.586207
11 0.511111 0.511905 0.755556 0.738095
26 0.500000 0.500000 0.772727 0.750000
15 0.511111 0.509091 0.755556 0.800000
10 0.514706 0.500000 0.676471 0.677419
25 0.508197 0.507812 0.819672 0.828125
9 0.500000 0.486111 0.657143 0.694444
3 0.517857 0.500000 0.607143 0.629630
13 0.512500 0.511628 0.725000 0.744186
20 0.500000 0.517857 0.666667 0.607143
14 0.511628 0.500000 0.744186 0.761905
17 0.517857 0.500000 0.607143 0.655172
22 0.513889 0.485714 0.694444 0.685714
40 0.500000 0.511111 0.727273 0.755556
