26 0.500000 0.500000 0.666667 0.642857
2 0.500000 0.500000 0.696970 0.696970
11 0.513889 0.500000 0.694444 0.655172
3 0.500000 0.513889 0.705882 0.694444
18 0.512195 0.500000 0.731707 0.750000
25 0.510870 0.500000 0.760870 0.767442
14 0.487179 0.488889 0.717949 0.755556
12 0.515152 0.500000 0.666667 0.687500
17 0.500000 0.500000 0.714286 0.729730
9 0.516667 0.500000 0.633333 0.655172
13 0.509434 0.500000 0.792453 0.787234
8 0.500000 0.513889 0.714286 0.694444
35 0.500000 0.517241 0.629630 0.620690
1 0.500000 0.500000 0.666667 0.677419
4 0.500000 0.500000 0.714286 0.714286
7 0.500000 0.517857 0.655172 0.607143
15 0.500000 0.517857 0.629630 0.607143
33 0.500000 0.500000 0.625000 0.677419
