15 0.515625 0.500000 0.656250 0.729730
5 0.514706 0.514706 0.676471 0.676471
3 0.500000 0.515625 0.666667 0.656250
4 0.516129 0.516129 0.645161 0.645161
14 0.513514 0.513514 0.702703 0.702703
35 0.515152 0.514706 0.666667 0.676471
17 0.515152 0.500000 0.666667 0.729730
11 0.516667 0.516667 0.633333 0.633333
10 0.516129 0.500000 0.645161 0.666667
2 0.509259 0.508929 0.796296 0.803571
18 0.511905 0.511905 0.738095 0.738095
38 0.515152 0.500000 0.666667 0.705882
23 0.500000 0.512195 0.772727 0.731707
28 0.515152 0.516129 0.666667 0.645161
13 0.507692 0.500000 0.830769 0.836066
9 0.500000 0.500000 0.767442 0.767442
12 0.513514 0.512821 0.702703 0.717949
8 0.500000 0.516129 0.647059 0.645161
