10 0.500000 0.511111 0.772727 0.755556
28 0.500000 0.500000 0.821429 0.796610
25 0.500000 0.500000 0.736842 0.729730
5 0.500000 0.500000 0.722222 0.722222
33 0.490196 0.490000 0.784314 0.780000
13 0.500000 0.489362 0.760000 0.765957
3 0.500000 0.500000 0.722222 0.714286
7 0.512195 0.512500 0.731707 0.725000
14 0.500000 0.506944 0.828571 0.819444
8 0.500000 0.500000 0.772727 0.772727
30 0.512195 0.500000 0.731707 0.714286
17 0.500000 0.513158 0.655172 0.710526
35 0.486486 0.500000 0.702703 0.684211
4 0.514286 0.513514 0.685714 0.702703
15 0.512821 0.511905 0.717949 0.738095
2 0.514286 0.486111 0.685714 0.694444
11 0.500000 0.500000 0.811321 0.803922
16 0.500000 0.509091 0.785714 0.800000
6 0.513889 0.500000 0.694444 0.722222
9 0.500000 0.500000 0.727273 0.767442
31 0.500000 0.500000 0.684211 0.736842
38 0.514706 0.500000 0.676471 0.705882
