33 0.500000 0.500000 0.756098 0.733333
5 0.510638 0.500000 0.765957 0.782609
31 0.492958 0.500000 0.816901 0.838710
3 0.513158 0.486842 0.710526 0.710526
17 0.500000 0.513158 0.696970 0.710526
26 0.500000 0.505618 0.838384 0.831461
35 0.500000 0.510000 0.760000 0.780000
23 0.505208 0.500000 0.822917 0.831325
30 0.500000 0.500000 0.777778 0.761905
18 0.500000 0.500000 0.814815 0.814815
38 0.500000 0.510870 0.733333 0.760870
1 0.489130 0.500000 0.760870 0.782609
9 0.500000 0.500000 0.811321 0.818182
7 0.508065 0.508065 0.822581 0.822581
2 0.500000 0.510638 0.782609 0.765957
4 0.500000 0.500000 0.767442 0.782609
8 0.509434 0.500000 0.792453 0.814815
11 0.500000 0.509259 0.830508 0.796296
10 0.500000 0.510638 0.782609 0.765957
