12 0.500000 0.515625 0.677419 0.656250
7 0.500000 0.517241 0.629630 0.620690
1 0.500000 0.500000 0.692308 0.700000
10 0.515625 0.500000 0.656250 0.677419
9 0.516129 0.500000 0.645161 0.625000
26 0.517857 0.480769 0.607143 0.576923
14 0.500000 0.511364 0.727273 0.750000
13 0.515152 0.500000 0.666667 0.687500
33 0.500000 0.500000 0.642857 0.705882
3 0.500000 0.516129 0.666667 0.645161
35 0.517241 0.500000 0.620690 0.642857
15 0.500000 0.504808 0.839080 0.817308
8 0.515625 0.500000 0.656250 0.714286
18 0.500000 0.500000 0.767442 0.756098
