4 0.511905 0.511905 0.738095 0.738095
5 0.500000 0.513158 0.729730 0.710526
2 0.487179 0.512195 0.717949 0.731707
33 0.515152 0.500000 0.666667 0.657143
17 0.511905 0.500000 0.738095 0.761905
3 0.512821 0.500000 0.717949 0.743590
25 0.509091 0.500000 0.800000 0.814815
8 0.511905 0.500000 0.738095 0.756098
14 0.500000 0.500000 0.843750 0.833333
31 0.509434 0.510204 0.792453 0.775510
11 0.513889 0.500000 0.694444 0.677419
1 0.486111 0.513889 0.694444 0.694444
13 0.500000 0.500000 0.830508 0.807692
26 0.500000 0.500000 0.729730 0.696970
15 0.500000 0.500000 0.666667 0.666667
18 0.509804 0.500000 0.784314 0.800000
12 0.500000 0.500000 0.729730 0.736842
9 0.500000 0.500000 0.687500 0.696970
35 0.515152 0.500000 0.666667 0.687500
