35 0.510204 0.500000 0.775510 0.791667
5 0.509434 0.509434 0.792453 0.792453
11 0.500000 0.500000 0.750000 0.750000
10 0.510638 0.510638 0.765957 0.765957
4 0.512821 0.513158 0.717949 0.710526
1 0.489130 0.489130 0.760870 0.760870
2 0.506579 0.493506 0.828947 0.831169
14 0.500000 0.500000 0.827586 0.827586
12 0.500000 0.509804 0.791667 0.784314
25 0.507353 0.500000 0.808824 0.809524
7 0.500000 0.509804 0.791667 0.784314
15 0.500000 0.500000 0.767442 0.773585
26 0.500000 0.495575 0.815385 0.831858
9 0.500000 0.500000 0.767442 0.767442
13 0.505208 0.500000 0.822917 0.806452
3 0.486111 0.513889 0.694444 0.694444
18 0.507353 0.500000 0.808824 0.820896
38 0.500000 0.500000 0.782609 0.795918
8 0.511628 0.500000 0.744186 0.750000
31 0.500000 0.508929 0.830508 0.803571
28 0.510417 0.488636 0.770833 0.750000
