9 0.500000 0.509615 0.803922 0.788462
33 0.513889 0.500000 0.694444 0.675676
12 0.500000 0.500000 0.773585 0.720930
16 0.511905 0.500000 0.738095 0.756098
3 0.500000 0.500000 0.743590 0.756098
15 0.500000 0.500000 0.722222 0.722222
34 0.500000 0.500000 0.743590 0.772727
20 0.511364 0.512500 0.750000 0.725000
10 0.500000 0.500000 0.729730 0.729730
1 0.512821 0.487179 0.717949 0.717949
30 0.511111 0.500000 0.755556 0.750000
14 0.506579 0.500000 0.828947 0.835294
23 0.508772 0.500000 0.807018 0.803922
5 0.500000 0.500000 0.692308 0.692308
22 0.512821 0.500000 0.717949 0.736842
11 0.500000 0.507692 0.828571 0.830769
7 0.512195 0.512500 0.731707 0.725000
8 0.500000 0.511905 0.756098 0.738095
4 0.500000 0.500000 0.729730 0.736842
28 0.507353 0.508929 0.808824 0.803571
6 0.500000 0.500000 0.743590 0.750000
2 0.500000 0.500000 0.743590 0.736842
21 0.488636 0.500000 0.750000 0.743590
36 0.500000 0.500000 0.722222 0.729730
13 0.508929 0.500000 0.803571 0.800000
