13 0.488372 0.512500 0.744186 0.725000
7 0.513889 0.514286 0.694444 0.685714
9 0.500000 0.513514 0.722222 0.702703
30 0.514706 0.500000 0.676471 0.655172
31 0.515625 0.484375 0.656250 0.656250
34 0.512500 0.512500 0.725000 0.725000
15 0.513889 0.500000 0.694444 0.736842
38 0.517241 0.500000 0.620690 0.655172
3 0.483871 0.483871 0.645161 0.645161
23 0.500000 0.500000 0.782609 0.767442
5 0.500000 0.484375 0.677419 0.656250
10 0.500000 0.500000 0.736842 0.736842
25 0.500000 0.515625 0.677419 0.656250
28 0.500000 0.510417 0.787234 0.770833
26 0.500000 0.500000 0.696970 0.647059
2 0.515625 0.500000 0.656250 0.687500
33 0.488636 0.488636 0.750000 0.750000
35 0.500000 0.500000 0.600000 0.600000
18 0.511364 0.500000 0.750000 0.767442
17 0.500000 0.513158 0.655172 0.710526
4 0.516667 0.500000 0.633333 0.655172
6 0.500000 0.500000 0.677419 0.677419
