38 0.500000 0.511364 0.714286 0.750000
4 0.513158 0.513514 0.710526 0.702703
28 0.500000 0.500000 0.714286 0.684211
26 0.495798 0.504673 0.823529 0.822430
17 0.513158 0.511628 0.710526 0.744186
2 0.492857 0.506849 0.814286 0.821918
10 0.511905 0.500000 0.738095 0.756098
31 0.508772 0.500000 0.807018 0.807692
7 0.500000 0.510638 0.761905 0.765957
3 0.500000 0.485714 0.705882 0.685714
35 0.500000 0.511628 0.761905 0.744186
23 0.500000 0.509259 0.827586 0.796296
14 0.509804 0.509804 0.784314 0.784314
15 0.512500 0.510638 0.725000 0.765957
33 0.500000 0.512195 0.705882 0.731707
25 0.500000 0.500000 0.793103 0.807692
8 0.500000 0.500000 0.743590 0.729730
13 0.505618 0.500000 0.831461 0.833333
18 0.508333 0.500000 0.816667 0.830508
1 0.512195 0.487500 0.731707 0.725000
9 0.500000 0.500000 0.767442 0.767442
5 0.511111 0.500000 0.755556 0.772727
