31 0.511364 0.500000 0.750000 0.767442
17 0.500000 0.512500 0.729730 0.725000
3 0.500000 0.513889 0.705882 0.694444
7 0.517241 0.517857 0.620690 0.607143
10 0.500000 0.500000 0.722222 0.722222
35 0.500000 0.500000 0.642857 0.612903
8 0.513158 0.500000 0.710526 0.729730
2 0.485714 0.500000 0.685714 0.714286
5 0.514286 0.500000 0.685714 0.705882
15 0.500000 0.500000 0.642857 0.642857
13 0.500000 0.510000 0.814815 0.780000
33 0.484375 0.515152 0.656250 0.666667
11 0.515152 0.517241 0.666667 0.620690
38 0.500000 0.515152 0.687500 0.666667
1 0.516129 0.515625 0.645161 0.656250
4 0.513889 0.500000 0.694444 0.714286
