22 0.506173 0.500000 0.814815 0.825000
9 0.500000 0.503759 0.838710 0.827068
35 0.500000 0.509091 0.811321 0.800000
26 0.503185 0.500000 0.828025 0.828571
15 0.506494 0.506024 0.831169 0.819277
2 0.506579 0.500000 0.828947 0.830986
13 0.507143 0.505155 0.814286 0.824742
31 0.507246 0.508197 0.811594 0.819672
7 0.500000 0.500000 0.837838 0.842105
4 0.506667 0.506024 0.826667 0.819277
28 0.508333 0.508772 0.816667 0.807018
16 0.500000 0.500000 0.781818 0.811321
14 0.504167 0.504310 0.825000 0.818966
11 0.500000 0.504545 0.821138 0.827273
33 0.505263 0.505263 0.821053 0.821053
40 0.500000 0.492308 0.833333 0.830769
8 0.506173 0.506173 0.814815 0.814815
30 0.500000 0.500000 0.832061 0.828125
17 0.516667 0.515625 0.633333 0.656250
18 0.496124 0.500000 0.821705 0.811966
20 0.500000 0.500000 0.837209 0.842105
38 0.500000 0.500000 0.839080 0.840909
23 0.503521 0.500000 0.823944 0.838710
3 0.500000 0.504762 0.825243 0.819048
25 0.503145 0.502841 0.830189 0.823864
34 0.504717 0.500000 0.820755 0.830189
1 0.500000 0.500000 0.826923 0.813084
5 0.500000 0.500000 0.833333 0.825243
