18 0.512195 0.500000 0.731707 0.722222
35 0.500000 0.489583 0.782609 0.770833
17 0.500000 0.500000 0.772727 0.777778
33 0.500000 0.500000 0.729730 0.777778
12 0.500000 0.511111 0.777778 0.755556
2 0.500000 0.487500 0.700000 0.725000
28 0.510000 0.500000 0.780000 0.777778
13 0.500000 0.509259 0.827586 0.796296
15 0.511905 0.511905 0.738095 0.738095
25 0.500000 0.500000 0.782609 0.777778
31 0.506579 0.507246 0.828947 0.811594
3 0.500000 0.509804 0.791667 0.784314
5 0.511111 0.500000 0.755556 0.772727
38 0.512195 0.512195 0.731707 0.731707
10 0.513158 0.500000 0.710526 0.729730
7 0.512821 0.512821 0.717949 0.717949
14 0.512500 0.512500 0.725000 0.725000
