31 0.500000 0.500000 0.829787 0.811765
28 0.506849 0.492308 0.821918 0.830769
8 0.508197 0.500000 0.819672 0.836066
3 0.500000 0.500000 0.756098 0.756098
9 0.507692 0.500000 0.830769 0.820896
17 0.515152 0.513158 0.666667 0.710526
33 0.500000 0.511111 0.727273 0.755556
4 0.500000 0.500000 0.807692 0.818182
25 0.500000 0.500000 0.825000 0.808219
7 0.500000 0.500000 0.833333 0.829268
13 0.504202 0.504630 0.823529 0.824074
14 0.495726 0.500000 0.820513 0.826772
5 0.508772 0.500000 0.807018 0.821429
26 0.504065 0.500000 0.829268 0.836364
23 0.504762 0.500000 0.819048 0.840909
12 0.506849 0.506849 0.821918 0.821918
15 0.489583 0.500000 0.770833 0.807692
38 0.509259 0.500000 0.796296 0.824561
30 0.509434 0.500000 0.792453 0.791667
11 0.500000 0.506849 0.802469 0.821918
18 0.506098 0.500000 0.817073 0.822785
