7 0.514706 0.500000 0.676471 0.696970
22 0.516129 0.516129 0.645161 0.645161
30 0.500000 0.500000 0.722222 0.714286
35 0.511628 0.511364 0.744186 0.750000
38 0.500000 0.516667 0.655172 0.633333
1 0.516667 0.500000 0.633333 0.655172
31 0.500000 0.516667 0.677419 0.633333
33 0.516667 0.500000 0.633333 0.655172
6 0.515625 0.500000 0.656250 0.677419
17 0.500000 0.481481 0.615385 0.592593
10 0.514706 0.500000 0.676471 0.696970
36 0.500000 0.500000 0.666667 0.687500
12 0.513514 0.500000 0.702703 0.647059
11 0.500000 0.500000 0.807692 0.791667
25 0.511111 0.511628 0.755556 0.744186
18 0.493151 0.500000 0.821918 0.843750
16 0.500000 0.500000 0.687500 0.687500
8 0.515625 0.500000 0.656250 0.677419
13 0.500000 0.514286 0.705882 0.685714
5 0.500000 0.500000 0.677419 0.687500
15 0.500000 0.517241 0.642857 0.620690
40 0.514706 0.513158 0.676471 0.710526
21 0.517241 0.500000 0.620690 0.642857
26 0.515152 0.483871 0.666667 0.645161
3 0.500000 0.500000 0.666667 0.666667
9 0.512821 0.500000 0.717949 0.736842
