9 0.500000 0.500000 0.767442 0.767442
4 0.486111 0.485714 0.694444 0.685714
13 0.493421 0.493243 0.828947 0.824324
26 0.500000 0.500000 0.830189 0.829787
5 0.500000 0.512500 0.743590 0.725000
18 0.510870 0.510870 0.760870 0.760870
15 0.514286 0.500000 0.685714 0.756098
25 0.489583 0.488889 0.770833 0.755556
7 0.500000 0.511628 0.750000 0.744186
31 0.500000 0.510638 0.795918 0.765957
10 0.513514 0.500000 0.702703 0.722222
14 0.500000 0.511364 0.767442 0.750000
12 0.512195 0.511628 0.731707 0.744186
11 0.500000 0.500000 0.687500 0.677419
2 0.508197 0.492063 0.819672 0.825397
23 0.500000 0.500000 0.814815 0.795918
1 0.514706 0.500000 0.676471 0.666667
35 0.512821 0.500000 0.717949 0.736842
