11 0.500000 0.509804 0.814815 0.784314
3 0.500000 0.508065 0.830508 0.822581
2 0.500000 0.500000 0.811321 0.811321
35 0.500000 0.507937 0.836066 0.825397
33 0.500000 0.500000 0.761905 0.803279
15 0.500000 0.510000 0.800000 0.780000
14 0.500000 0.500000 0.807692 0.811321
5 0.508772 0.508772 0.807018 0.807018
8 0.500000 0.510204 0.795918 0.775510
25 0.500000 0.500000 0.836066 0.800000
1 0.500000 0.500000 0.818182 0.789474
18 0.509434 0.510204 0.792453 0.775510
17 0.500000 0.500000 0.811321 0.814815
31 0.500000 0.505682 0.835052 0.829545
7 0.511111 0.500000 0.755556 0.772727
38 0.510417 0.500000 0.770833 0.777778
12 0.491525 0.491525 0.813559 0.813559
26 0.500000 0.510870 0.807692 0.760870
4 0.500000 0.511628 0.750000 0.744186
