11 0.500000 0.500000 0.797101 0.841270
34 0.510417 0.500000 0.770833 0.787234
33 0.500000 0.500000 0.833333 0.830508
31 0.500000 0.489362 0.744681 0.765957
14 0.500000 0.500000 0.829787 0.831579
5 0.500000 0.510870 0.777778 0.760870
15 0.510204 0.500000 0.775510 0.803922
30 0.500000 0.512195 0.777778 0.731707
18 0.509615 0.500000 0.788462 0.803922
7 0.510638 0.511111 0.765957 0.755556
2 0.500000 0.500000 0.729730 0.736842
10 0.508772 0.508772 0.807018 0.807018
3 0.500000 0.510870 0.772727 0.760870
6 0.500000 0.512195 0.750000 0.731707
12 0.500000 0.500000 0.707317 0.707317
25 0.500000 0.510638 0.791667 0.765957
17 0.515625 0.513158 0.656250 0.710526
26 0.511111 0.511364 0.755556 0.750000
38 0.500000 0.500000 0.736842 0.700000
28 0.500000 0.500000 0.837838 0.830986
1 0.491379 0.491667 0.810345 0.816667
