8 0.515152 0.514706 0.666667 0.676471
10 0.500000 0.515152 0.687500 0.666667
17 0.513158 0.513158 0.710526 0.710526
28 0.512821 0.500000 0.717949 0.722222
35 0.513158 0.487179 0.710526 0.717949
3 0.487805 0.500000 0.731707 0.714286
2 0.500000 0.500000 0.636364 0.687500
18 0.500000 0.500000 0.687500 0.655172
26 0.485714 0.483871 0.685714 0.645161
9 0.500000 0.515152 0.655172 0.666667
25 0.500000 0.500000 0.675676 0.722222
38 0.500000 0.513889 0.714286 0.694444
5 0.500000 0.513158 0.729730 0.710526
33 0.514706 0.500000 0.676471 0.743590
15 0.514286 0.500000 0.685714 0.684211
13 0.500000 0.510638 0.787234 0.765957
31 0.500000 0.500000 0.836066 0.821429
1 0.500000 0.513514 0.722222 0.702703
