10 0.516129 0.500000 0.645161 0.666667
33 0.500000 0.516667 0.655172 0.633333
28 0.513514 0.500000 0.702703 0.705882
17 0.500000 0.517857 0.615385 0.607143
9 0.500000 0.484848 0.666667 0.666667
31 0.484375 0.500000 0.656250 0.636364
25 0.507812 0.491525 0.828125 0.813559
40 0.512500 0.500000 0.725000 0.714286
3 0.518519 0.500000 0.592593 0.615385
20 0.500000 0.500000 0.666667 0.629630
13 0.500000 0.500000 0.722222 0.743590
4 0.482143 0.500000 0.607143 0.586207
22 0.500000 0.515152 0.696970 0.666667
34 0.517241 0.500000 0.620690 0.642857
2 0.500000 0.500000 0.629630 0.615385
7 0.484848 0.515152 0.666667 0.666667
30 0.500000 0.500000 0.655172 0.612903
1 0.517241 0.500000 0.620690 0.655172
11 0.487805 0.500000 0.731707 0.700000
35 0.516667 0.500000 0.633333 0.666667
26 0.512500 0.500000 0.725000 0.736842
16 0.480769 0.518519 0.576923 0.592593
8 0.515625 0.515625 0.656250 0.656250
18 0.500000 0.500000 0.655172 0.642857
14 0.511628 0.500000 0.744186 0.761905
36 0.500000 0.500000 0.666667 0.625000
12 0.486111 0.500000 0.694444 0.692308
