15 0.482143 0.482143 0.607143 0.607143
5 0.515625 0.515625 0.656250 0.656250
38 0.500000 0.500000 0.750000 0.791667
7 0.500000 0.515152 0.687500 0.666667
28 0.500000 0.513889 0.722222 0.694444
3 0.514286 0.500000 0.685714 0.714286
8 0.516129 0.500000 0.645161 0.655172
1 0.500000 0.485294 0.657143 0.676471
11 0.487179 0.513158 0.717949 0.710526
14 0.508621 0.508621 0.810345 0.810345
25 0.483871 0.515625 0.645161 0.656250
18 0.516129 0.517857 0.645161 0.607143
9 0.511364 0.500000 0.750000 0.772727
13 0.500000 0.500000 0.722222 0.696970
23 0.500000 0.500000 0.750000 0.736842
4 0.500000 0.500000 0.655172 0.687500
2 0.500000 0.500000 0.629630 0.642857
35 0.500000 0.512500 0.736842 0.725000
31 0.500000 0.500000 0.687500 0.677419
26 0.515152 0.500000 0.666667 0.655172
