33 0.514286 0.500000 0.685714 0.677419
9 0.516667 0.516129 0.633333 0.645161
11 0.513158 0.513514 0.710526 0.702703
5 0.500000 0.517241 0.642857 0.620690
7 0.482759 0.482759 0.620690 0.620690
36 0.508929 0.508929 0.803571 0.803571
4 0.516129 0.500000 0.645161 0.666667
14 0.500000 0.511364 0.767442 0.750000
30 0.514706 0.514706 0.676471 0.676471
31 0.500000 0.515625 0.696970 0.656250
1 0.500000 0.500000 0.642857 0.655172
3 0.516667 0.500000 0.633333 0.612903
38 0.518519 0.500000 0.592593 0.615385
23 0.518519 0.500000 0.592593 0.615385
22 0.515152 0.516129 0.666667 0.645161
2 0.500000 0.511628 0.767442 0.744186
18 0.513514 0.500000 0.702703 0.729730
17 0.500000 0.517857 0.642857 0.607143
15 0.513514 0.511905 0.702703 0.738095
12 0.500000 0.500000 0.696970 0.696970
35 0.514706 0.500000 0.676471 0.705882
26 0.483333 0.500000 0.633333 0.615385
13 0.513158 0.500000 0.710526 0.705882
10 0.515625 0.500000 0.656250 0.677419
16 0.517241 0.517241 0.620690 0.620690
34 0.516667 0.500000 0.633333 0.666667
