11 0.500000 0.503378 0.834395 0.831081
7 0.500000 0.500000 0.829545 0.828571
26 0.507246 0.500000 0.811594 0.833333
4 0.500000 0.507143 0.838710 0.814286
23 0.500000 0.500000 0.822785 0.840000
38 0.507042 0.500000 0.816901 0.837209
13 0.503125 0.500000 0.831250 0.830986
1 0.505102 0.505102 0.826531 0.826531
8 0.508065 0.507812 0.822581 0.828125
14 0.500000 0.504464 0.826087 0.830357
35 0.503906 0.500000 0.820312 0.837398
10 0.500000 0.508333 0.824561 0.816667
15 0.500000 0.500000 0.818182 0.820896
25 0.505618 0.500000 0.831461 0.824176
18 0.500000 0.507692 0.830986 0.830769
3 0.500000 0.508475 0.821429 0.813559
9 0.506757 0.500000 0.824324 0.837838
33 0.508333 0.506944 0.816667 0.819444
31 0.504274 0.500000 0.820513 0.831776
5 0.504167 0.500000 0.825000 0.831933
28 0.504673 0.504950 0.822430 0.831683
