26 0.500000 0.500000 0.814815 0.811321
35 0.500000 0.507246 0.820896 0.811594
9 0.500000 0.500000 0.830986 0.830986
13 0.500000 0.500000 0.825000 0.820896
18 0.500000 0.506757 0.835616 0.824324
17 0.515152 0.512500 0.666667 0.725000
28 0.500000 0.505051 0.809524 0.828283
30 0.500000 0.510204 0.811321 0.775510
5 0.509259 0.509259 0.796296 0.796296
12 0.500000 0.500000 0.814815 0.814815
23 0.500000 0.507353 0.835616 0.808824
15 0.500000 0.500000 0.827586 0.833333
33 0.506494 0.500000 0.831169 0.840000
38 0.500000 0.500000 0.764706 0.800000
34 0.500000 0.500000 0.818182 0.818182
6 0.500000 0.500000 0.795918 0.773585
31 0.491935 0.508333 0.822581 0.816667
2 0.488095 0.500000 0.738095 0.733333
16 0.500000 0.500000 0.815789 0.837838
1 0.492754 0.507042 0.811594 0.816901
11 0.500000 0.500000 0.816092 0.829268
3 0.500000 0.508475 0.796610 0.813559
8 0.500000 0.506494 0.842105 0.831169
7 0.508621 0.500000 0.810345 0.818182
10 0.506944 0.506667 0.819444 0.826667
