15 0.506173 0.500000 0.814815 0.818182
8 0.508475 0.500000 0.813559 0.785714
9 0.500000 0.500000 0.767442 0.767442
4 0.500000 0.500000 0.777778 0.772727
2 0.504464 0.500000 0.830357 0.819672
23 0.503106 0.503497 0.832298 0.825175
17 0.510000 0.509259 0.780000 0.796296
10 0.500000 0.505747 0.837209 0.827586
38 0.507042 0.505952 0.816901 0.821429
3 0.500000 0.500000 0.761905 0.761905
25 0.496324 0.504065 0.830882 0.829268
13 0.500000 0.500000 0.832061 0.833333
5 0.504167 0.504032 0.825000 0.830645
35 0.505263 0.500000 0.821053 0.824176
7 0.500000 0.506250 0.826087 0.812500
26 0.500000 0.500000 0.824176 0.818182
18 0.500000 0.500000 0.836364 0.826923
1 0.500000 0.500000 0.840000 0.840000
11 0.506944 0.507246 0.819444 0.811594
