5 0.513158 0.500000 0.710526 0.729730
33 0.500000 0.491935 0.761905 0.822581
9 0.500000 0.512500 0.750000 0.725000
15 0.500000 0.500000 0.834862 0.833333
25 0.492308 0.500000 0.830769 0.824561
4 0.500000 0.507937 0.827586 0.825397
12 0.500000 0.507246 0.823529 0.811594
26 0.508197 0.500000 0.819672 0.814815
14 0.505208 0.500000 0.822917 0.833333
3 0.508333 0.500000 0.816667 0.830508
31 0.506494 0.500000 0.831169 0.828571
35 0.488372 0.500000 0.744186 0.739130
17 0.500000 0.500000 0.743590 0.756098
38 0.509091 0.508772 0.800000 0.807018
11 0.500000 0.506757 0.831325 0.824324
13 0.507692 0.500000 0.830769 0.838710
10 0.500000 0.500000 0.827586 0.827586
7 0.500000 0.510638 0.782609 0.765957
18 0.500000 0.506579 0.839080 0.828947
