14 0.500000 0.500000 0.833333 0.833333
7 0.500000 0.500000 0.821429 0.833333
3 0.487179 0.500000 0.717949 0.736842
17 0.500000 0.510638 0.772727 0.765957
18 0.505882 0.505882 0.823529 0.823529
25 0.505000 0.500000 0.830000 0.840909
38 0.500000 0.508065 0.818182 0.822581
2 0.505208 0.494737 0.822917 0.821053
33 0.511364 0.490741 0.750000 0.796296
26 0.500000 0.503676 0.827815 0.830882
4 0.488095 0.500000 0.738095 0.714286
15 0.508621 0.500000 0.810345 0.843750
35 0.507692 0.507692 0.830769 0.830769
13 0.495726 0.500000 0.820513 0.830189
23 0.500000 0.500000 0.825243 0.839080
31 0.500000 0.500000 0.830986 0.841270
