9 0.500000 0.505319 0.827957 0.819149
28 0.496241 0.503876 0.827068 0.821705
8 0.505000 0.504717 0.830000 0.820755
7 0.506849 0.500000 0.821918 0.820896
2 0.500000 0.500000 0.787234 0.800000
12 0.507353 0.500000 0.808824 0.820896
17 0.515625 0.500000 0.656250 0.736842
10 0.505319 0.500000 0.819149 0.835052
18 0.505102 0.505102 0.826531 0.826531
26 0.507692 0.507812 0.830769 0.828125
13 0.506667 0.500000 0.826667 0.800000
31 0.506024 0.506250 0.819277 0.812500
30 0.508333 0.509434 0.816667 0.792453
3 0.506757 0.506250 0.824324 0.812500
14 0.503185 0.500000 0.828025 0.834395
33 0.500000 0.500000 0.836735 0.835052
35 0.494792 0.500000 0.822917 0.831579
34 0.507246 0.507692 0.811594 0.830769
23 0.505682 0.500000 0.829545 0.842105
4 0.506024 0.500000 0.819277 0.839080
25 0.500000 0.494681 0.831579 0.819149
5 0.507692 0.500000 0.830769 0.843750
15 0.507692 0.500000 0.830769 0.808219
