31 0.500000 0.500000 0.826087 0.843750
12 0.500000 0.508621 0.824561 0.810345
3 0.500000 0.500000 0.806452 0.809524
18 0.505682 0.500000 0.829545 0.839080
23 0.506250 0.500000 0.812500 0.826087
30 0.500000 0.510204 0.811321 0.775510
2 0.500000 0.500000 0.767442 0.782609
34 0.508475 0.500000 0.813559 0.827586
25 0.506667 0.506849 0.826667 0.821918
1 0.500000 0.500000 0.833333 0.837838
6 0.509434 0.490909 0.792453 0.800000
10 0.506667 0.506250 0.826667 0.812500
26 0.500000 0.491379 0.800000 0.810345
35 0.500000 0.506757 0.810811 0.824324
4 0.507937 0.507353 0.825397 0.808824
9 0.506250 0.500000 0.812500 0.825000
16 0.493902 0.500000 0.817073 0.827160
33 0.505952 0.506024 0.821429 0.819277
5 0.508772 0.500000 0.807018 0.821429
11 0.500000 0.500000 0.826087 0.837209
8 0.500000 0.505882 0.831325 0.823529
