10 0.483871 0.483871 0.645161 0.645161
2 0.516667 0.516667 0.633333 0.633333
38 0.511905 0.509804 0.738095 0.784314
31 0.500000 0.514706 0.705882 0.676471
5 0.515152 0.500000 0.666667 0.687500
12 0.500000 0.482759 0.642857 0.620690
33 0.500000 0.512821 0.729730 0.717949
18 0.483871 0.500000 0.645161 0.586207
7 0.500000 0.500000 0.696970 0.696970
1 0.513514 0.513514 0.702703 0.702703
13 0.500000 0.500000 0.750000 0.722222
11 0.500000 0.500000 0.756098 0.750000
35 0.500000 0.511905 0.750000 0.738095
26 0.514286 0.516129 0.685714 0.645161
14 0.508621 0.500000 0.810345 0.824561
17 0.517241 0.517241 0.620690 0.620690
9 0.511111 0.510870 0.755556 0.760870
15 0.517857 0.517857 0.607143 0.607143
28 0.500000 0.500000 0.722222 0.722222
8 0.515152 0.500000 0.666667 0.696970
25 0.515152 0.514706 0.666667 0.676471
