5 0.500000 0.500000 0.820896 0.820896
9 0.506250 0.500000 0.812500 0.827160
3 0.510638 0.500000 0.765957 0.787234
4 0.500000 0.500000 0.841270 0.823529
33 0.511364 0.500000 0.750000 0.744681
35 0.506667 0.506579 0.826667 0.828947
25 0.500000 0.494048 0.808511 0.821429
31 0.504000 0.504587 0.832000 0.825688
13 0.500000 0.503759 0.829787 0.827068
1 0.500000 0.506579 0.829268 0.828947
7 0.500000 0.504464 0.826087 0.830357
8 0.500000 0.506579 0.833333 0.828947
18 0.505051 0.505051 0.828283 0.828283
30 0.507812 0.500000 0.828125 0.824561
11 0.500000 0.500000 0.828571 0.826087
14 0.503650 0.496644 0.832117 0.832215
2 0.505319 0.505376 0.819149 0.817204
26 0.503401 0.500000 0.829932 0.826772
23 0.500000 0.500000 0.837838 0.838384
10 0.500000 0.507692 0.843750 0.830769
15 0.500000 0.508929 0.803922 0.803571
28 0.494118 0.493506 0.823529 0.831169
38 0.500000 0.500000 0.828571 0.835616
