4 0.513514 0.500000 0.702703 0.736842
18 0.500000 0.500000 0.795918 0.795918
12 0.511364 0.500000 0.750000 0.772727
13 0.500000 0.491667 0.820896 0.816667
8 0.500000 0.510638 0.772727 0.765957
25 0.509615 0.500000 0.788462 0.787234
11 0.500000 0.500000 0.755102 0.739130
5 0.512500 0.500000 0.725000 0.743590
10 0.500000 0.500000 0.750000 0.750000
26 0.506173 0.500000 0.814815 0.830986
17 0.500000 0.500000 0.666667 0.714286
28 0.500000 0.510417 0.800000 0.770833
38 0.500000 0.500000 0.636364 0.666667
9 0.510638 0.500000 0.765957 0.782609
14 0.500000 0.506173 0.826087 0.814815
33 0.500000 0.488095 0.743590 0.738095
3 0.500000 0.500000 0.705882 0.705882
1 0.512500 0.512500 0.725000 0.725000
15 0.513514 0.488095 0.702703 0.738095
7 0.509804 0.509804 0.784314 0.784314
35 0.500000 0.500000 0.756098 0.756098
