31 0.509434 0.500000 0.792453 0.782609
1 0.500000 0.508475 0.824561 0.813559
15 0.504950 0.504132 0.831683 0.826446
7 0.500000 0.513889 0.705882 0.694444
4 0.510417 0.500000 0.770833 0.800000
5 0.500000 0.500000 0.687500 0.687500
13 0.500000 0.510870 0.777778 0.760870
12 0.500000 0.500000 0.787234 0.787234
38 0.500000 0.515625 0.677419 0.656250
33 0.514286 0.500000 0.685714 0.782609
10 0.511905 0.500000 0.738095 0.756098
26 0.500000 0.512821 0.761905 0.717949
25 0.488372 0.500000 0.744186 0.700000
2 0.513158 0.500000 0.710526 0.729730
18 0.500000 0.500000 0.827586 0.821429
17 0.500000 0.513889 0.705882 0.694444
3 0.500000 0.511364 0.767442 0.750000
9 0.513514 0.513889 0.702703 0.694444
35 0.512821 0.512500 0.717949 0.725000
14 0.500000 0.500000 0.838710 0.841270
