33 0.507246 0.507246 0.811594 0.811594
3 0.508621 0.500000 0.810345 0.827586
26 0.505435 0.500000 0.815217 0.827160
7 0.500000 0.500000 0.821429 0.821429
25 0.504717 0.500000 0.820755 0.813559
13 0.500000 0.500000 0.824561 0.828571
31 0.510417 0.510204 0.770833 0.775510
4 0.500000 0.509615 0.795918 0.788462
10 0.508197 0.500000 0.819672 0.833333
34 0.500000 0.506667 0.837838 0.826667
17 0.517241 0.500000 0.620690 0.655172
14 0.500000 0.500000 0.828571 0.828571
6 0.500000 0.510000 0.795918 0.780000
15 0.508475 0.500000 0.813559 0.838710
38 0.491935 0.500000 0.822581 0.812500
9 0.507692 0.507353 0.830769 0.808824
20 0.509615 0.510417 0.788462 0.770833
23 0.500000 0.500000 0.838384 0.820225
30 0.492857 0.500000 0.814286 0.805556
5 0.500000 0.508333 0.827586 0.816667
1 0.500000 0.509091 0.789474 0.800000
40 0.509091 0.500000 0.800000 0.824561
18 0.500000 0.500000 0.843750 0.830508
22 0.508929 0.508772 0.803571 0.807018
35 0.511364 0.500000 0.750000 0.777778
36 0.500000 0.508772 0.821429 0.807018
12 0.500000 0.500000 0.837838 0.822785
2 0.510000 0.500000 0.780000 0.777778
