6 0.513158 0.513158 0.710526 0.710526
38 0.513889 0.500000 0.694444 0.684211
3 0.500000 0.500000 0.707317 0.743590
30 0.511905 0.500000 0.738095 0.729730
23 0.508772 0.500000 0.807018 0.807692
35 0.512195 0.512195 0.731707 0.731707
10 0.500000 0.500000 0.787234 0.791667
2 0.500000 0.513514 0.722222 0.702703
18 0.510638 0.500000 0.765957 0.782609
17 0.515625 0.513158 0.656250 0.710526
7 0.511628 0.500000 0.744186 0.750000
34 0.511111 0.500000 0.755556 0.772727
13 0.500000 0.500000 0.814815 0.800000
9 0.500000 0.500000 0.782609 0.787234
12 0.500000 0.500000 0.729730 0.729730
14 0.500000 0.500000 0.837209 0.839080
5 0.500000 0.500000 0.707317 0.743590
1 0.500000 0.491071 0.811321 0.803571
15 0.511905 0.489130 0.738095 0.760870
4 0.513158 0.500000 0.710526 0.736842
16 0.500000 0.508621 0.796610 0.810345
33 0.500000 0.509091 0.789474 0.800000
11 0.508475 0.500000 0.813559 0.793103
