4 0.500000 0.500000 0.787234 0.791667
36 0.490741 0.500000 0.796296 0.781818
23 0.500000 0.500000 0.831579 0.833333
12 0.507143 0.500000 0.814286 0.835616
28 0.509615 0.510417 0.788462 0.770833
9 0.508197 0.500000 0.819672 0.809524
38 0.500000 0.491935 0.800000 0.822581
15 0.500000 0.500000 0.827586 0.838710
11 0.506667 0.500000 0.826667 0.797101
40 0.490566 0.508929 0.792453 0.803571
2 0.510417 0.500000 0.770833 0.767442
1 0.509259 0.509615 0.796296 0.788462
18 0.508333 0.500000 0.816667 0.818182
7 0.508929 0.500000 0.803571 0.818182
35 0.500000 0.511364 0.761905 0.750000
26 0.506024 0.500000 0.819277 0.837838
13 0.508772 0.500000 0.807018 0.820896
10 0.500000 0.508621 0.824561 0.810345
6 0.500000 0.510204 0.791667 0.775510
17 0.517241 0.500000 0.620690 0.655172
31 0.500000 0.500000 0.777778 0.782609
25 0.505102 0.500000 0.826531 0.833333
22 0.500000 0.500000 0.811321 0.807692
20 0.500000 0.500000 0.800000 0.791667
3 0.509615 0.500000 0.788462 0.807692
34 0.506849 0.506849 0.821918 0.821918
30 0.492063 0.500000 0.825397 0.815385
8 0.509615 0.500000 0.788462 0.803922
