30 0.514286 0.514286 0.685714 0.685714
7 0.513158 0.500000 0.710526 0.729730
8 0.514286 0.514286 0.685714 0.685714
38 0.500000 0.500000 0.743590 0.761905
28 0.500000 0.513158 0.743590 0.710526
31 0.500000 0.500000 0.714286 0.714286
2 0.500000 0.500000 0.666667 0.629630
3 0.500000 0.500000 0.677419 0.677419
4 0.516129 0.500000 0.645161 0.625000
25 0.500000 0.500000 0.820896 0.830986
12 0.500000 0.511905 0.750000 0.738095
5 0.500000 0.513158 0.684211 0.710526
33 0.500000 0.500000 0.714286 0.714286
18 0.500000 0.500000 0.687500 0.666667
11 0.500000 0.511364 0.782609 0.750000
16 0.500000 0.517241 0.629630 0.620690
26 0.510870 0.500000 0.760870 0.756098
34 0.517241 0.500000 0.620690 0.642857
10 0.513514 0.500000 0.702703 0.722222
17 0.500000 0.517857 0.615385 0.607143
1 0.500000 0.500000 0.666667 0.687500
22 0.513514 0.513514 0.702703 0.702703
6 0.516129 0.515152 0.645161 0.666667
