8 0.509259 0.509259 0.796296 0.796296
11 0.507937 0.508197 0.825397 0.819672
23 0.508197 0.500000 0.819672 0.814815
2 0.500000 0.500000 0.722222 0.692308
16 0.500000 0.500000 0.806452 0.833333
13 0.508475 0.509434 0.813559 0.792453
28 0.507042 0.507353 0.816901 0.808824
14 0.505376 0.500000 0.817204 0.824176
5 0.511364 0.500000 0.750000 0.767442
9 0.500000 0.500000 0.800000 0.803922
4 0.511905 0.500000 0.738095 0.720930
3 0.500000 0.511628 0.720930 0.744186
33 0.508475 0.508772 0.813559 0.807018
7 0.500000 0.511628 0.772727 0.744186
30 0.500000 0.512500 0.767442 0.725000
35 0.500000 0.500000 0.727273 0.727273
6 0.512500 0.512500 0.725000 0.725000
25 0.500000 0.511111 0.782609 0.755556
10 0.509615 0.500000 0.788462 0.803922
34 0.500000 0.510638 0.782609 0.765957
1 0.500000 0.500000 0.821429 0.800000
17 0.515625 0.513158 0.656250 0.710526
18 0.500000 0.510000 0.795918 0.780000
12 0.512195 0.500000 0.731707 0.750000
31 0.488889 0.511111 0.755556 0.755556
