26 0.509091 0.500000 0.800000 0.795918
11 0.513889 0.500000 0.694444 0.714286
18 0.500000 0.512821 0.736842 0.717949
15 0.516667 0.485714 0.633333 0.685714
31 0.500000 0.512500 0.756098 0.725000
12 0.513889 0.500000 0.694444 0.714286
3 0.500000 0.500000 0.612903 0.625000
2 0.518519 0.500000 0.592593 0.615385
30 0.515625 0.516129 0.656250 0.645161
28 0.512821 0.500000 0.717949 0.729730
17 0.500000 0.514706 0.666667 0.676471
13 0.489583 0.500000 0.770833 0.772727
38 0.500000 0.500000 0.642857 0.655172
8 0.514286 0.514286 0.685714 0.685714
5 0.500000 0.500000 0.677419 0.677419
4 0.516667 0.500000 0.633333 0.666667
25 0.512500 0.500000 0.725000 0.729730
7 0.512821 0.512821 0.717949 0.717949
1 0.500000 0.515625 0.677419 0.656250
33 0.513514 0.513158 0.702703 0.710526
