18 0.500000 0.518519 0.612903 0.592593
14 0.500000 0.500000 0.642857 0.642857
3 0.500000 0.486486 0.722222 0.702703
5 0.514706 0.514706 0.676471 0.676471
33 0.516129 0.500000 0.645161 0.684211
11 0.517241 0.517857 0.620690 0.607143
13 0.500000 0.511905 0.772727 0.738095
35 0.513889 0.500000 0.694444 0.722222
1 0.500000 0.513889 0.714286 0.694444
10 0.500000 0.500000 0.655172 0.655172
17 0.513889 0.500000 0.694444 0.714286
7 0.515625 0.515625 0.656250 0.656250
15 0.514706 0.485294 0.676471 0.676471
38 0.500000 0.500000 0.687500 0.687500
28 0.500000 0.500000 0.714286 0.705882
9 0.517857 0.500000 0.607143 0.655172
12 0.500000 0.500000 0.677419 0.677419
2 0.500000 0.517857 0.629630 0.607143
26 0.484375 0.517857 0.656250 0.607143
4 0.516667 0.516129 0.633333 0.645161
