17 0.514286 0.500000 0.685714 0.722222
18 0.500000 0.500000 0.743590 0.743590
13 0.500000 0.500000 0.800000 0.777778
33 0.483333 0.500000 0.633333 0.666667
8 0.500000 0.514706 0.696970 0.676471
1 0.517857 0.517241 0.607143 0.620690
31 0.500000 0.500000 0.756098 0.756098
4 0.500000 0.500000 0.705882 0.705882
10 0.516129 0.500000 0.645161 0.666667
26 0.500000 0.500000 0.655172 0.629630
35 0.481481 0.500000 0.592593 0.586207
15 0.517241 0.517241 0.620690 0.620690
5 0.500000 0.500000 0.666667 0.666667
38 0.500000 0.500000 0.666667 0.666667
25 0.511111 0.511628 0.755556 0.744186
