34 0.516129 0.500000 0.645161 0.705882
38 0.517857 0.500000 0.607143 0.629630
14 0.500000 0.500000 0.824561 0.820896
40 0.515625 0.500000 0.656250 0.696970
2 0.500000 0.500000 0.629630 0.615385
36 0.500000 0.516129 0.666667 0.645161
4 0.500000 0.517241 0.642857 0.620690
11 0.509804 0.510638 0.784314 0.765957
7 0.500000 0.500000 0.687500 0.687500
13 0.483871 0.500000 0.645161 0.677419
16 0.515625 0.500000 0.656250 0.677419
23 0.500000 0.486486 0.700000 0.702703
33 0.500000 0.517857 0.629630 0.607143
26 0.516129 0.482759 0.645161 0.620690
9 0.500000 0.513158 0.729730 0.710526
28 0.511364 0.512500 0.750000 0.725000
17 0.500000 0.480769 0.555556 0.576923
15 0.517857 0.517857 0.607143 0.607143
22 0.517857 0.517857 0.607143 0.607143
6 0.517241 0.500000 0.620690 0.655172
10 0.515152 0.515152 0.666667 0.666667
1 0.516129 0.483333 0.645161 0.633333
35 0.500000 0.512195 0.743590 0.731707
12 0.513889 0.500000 0.694444 0.677419
30 0.513889 0.514286 0.694444 0.685714
25 0.500000 0.500000 0.772727 0.761905
18 0.500000 0.500000 0.802817 0.812500
20 0.515152 0.500000 0.666667 0.655172
3 0.517857 0.517857 0.607143 0.607143
5 0.500000 0.500000 0.677419 0.687500
21 0.500000 0.516667 0.655172 0.633333
