23 0.500000 0.507246 0.840000 0.811594
25 0.500000 0.514286 0.729730 0.685714
17 0.500000 0.500000 0.655172 0.677419
14 0.512821 0.500000 0.717949 0.787234
12 0.514286 0.500000 0.685714 0.696970
31 0.512821 0.513514 0.717949 0.702703
10 0.500000 0.516667 0.655172 0.633333
8 0.500000 0.500000 0.677419 0.677419
18 0.513514 0.500000 0.702703 0.722222
28 0.486111 0.500000 0.694444 0.666667
4 0.500000 0.500000 0.629630 0.629630
33 0.513889 0.486486 0.694444 0.702703
13 0.500000 0.500000 0.733333 0.750000
11 0.515152 0.484375 0.666667 0.656250
26 0.509615 0.500000 0.788462 0.787234
1 0.483333 0.500000 0.633333 0.642857
7 0.513889 0.500000 0.694444 0.714286
