25 0.486486 0.500000 0.702703 0.722222
3 0.486486 0.500000 0.702703 0.729730
28 0.511905 0.511628 0.738095 0.744186
9 0.500000 0.510870 0.744681 0.760870
38 0.500000 0.500000 0.777778 0.814815
18 0.485714 0.500000 0.685714 0.677419
35 0.510870 0.510870 0.760870 0.760870
1 0.512821 0.512195 0.717949 0.731707
33 0.512500 0.511628 0.725000 0.744186
11 0.510204 0.500000 0.775510 0.787234
14 0.508475 0.508475 0.813559 0.813559
17 0.500000 0.500000 0.642857 0.666667
4 0.500000 0.485714 0.677419 0.685714
31 0.500000 0.500000 0.736842 0.729730
12 0.500000 0.484375 0.636364 0.656250
10 0.514706 0.500000 0.676471 0.696970
26 0.500000 0.485294 0.722222 0.676471
8 0.500000 0.500000 0.705882 0.722222
5 0.500000 0.513158 0.729730 0.710526
