14 0.512195 0.509615 0.731707 0.788462
11 0.485294 0.500000 0.676471 0.657143
3 0.516667 0.516129 0.633333 0.645161
17 0.516667 0.500000 0.633333 0.687500
9 0.500000 0.500000 0.714286 0.714286
18 0.512821 0.512821 0.717949 0.717949
25 0.500000 0.513514 0.743590 0.702703
7 0.500000 0.513158 0.729730 0.710526
33 0.500000 0.486486 0.675676 0.702703
12 0.500000 0.500000 0.675676 0.684211
1 0.515625 0.500000 0.656250 0.677419
15 0.500000 0.514286 0.655172 0.685714
5 0.500000 0.483871 0.625000 0.645161
23 0.506250 0.507042 0.812500 0.816901
10 0.500000 0.500000 0.687500 0.687500
35 0.500000 0.500000 0.677419 0.636364
30 0.515625 0.500000 0.656250 0.666667
26 0.500000 0.510204 0.811321 0.775510
38 0.500000 0.500000 0.642857 0.612903
13 0.500000 0.500000 0.750000 0.767442
31 0.500000 0.512821 0.743590 0.717949
4 0.500000 0.516667 0.600000 0.633333
