7 0.503356 0.500000 0.832215 0.833333
31 0.500000 0.500000 0.829268 0.827338
33 0.510870 0.500000 0.760870 0.787234
14 0.500000 0.500000 0.831325 0.833333
1 0.504032 0.495238 0.830645 0.819048
23 0.525862 0.500000 0.862069 0.826923
17 0.513889 0.512195 0.694444 0.731707
13 0.502959 0.500000 0.828402 0.825000
9 0.500000 0.505000 0.829787 0.830000
15 0.509259 0.500000 0.796296 0.824561
25 0.500000 0.500000 0.830189 0.810526
38 0.505319 0.504950 0.819149 0.831683
2 0.496124 0.500000 0.821705 0.829457
10 0.500000 0.500000 0.837838 0.837838
28 0.494792 0.494186 0.822917 0.825581
4 0.500000 0.505814 0.822785 0.825581
18 0.504202 0.500000 0.823529 0.833333
8 0.500000 0.500000 0.837209 0.824176
35 0.500000 0.500000 0.826087 0.827957
3 0.500000 0.500000 0.800000 0.800000
12 0.503876 0.503876 0.821705 0.821705
26 0.500000 0.500000 0.833333 0.832258
