35 0.488889 0.500000 0.755556 0.777778
28 0.500000 0.500000 0.800000 0.772727
9 0.512195 0.512195 0.731707 0.731707
17 0.500000 0.500000 0.612903 0.666667
21 0.516129 0.516129 0.645161 0.645161
15 0.500000 0.516667 0.655172 0.633333
30 0.500000 0.513158 0.736842 0.710526
25 0.510870 0.511364 0.760870 0.750000
14 0.507937 0.506757 0.825397 0.824324
1 0.515625 0.515625 0.656250 0.656250
18 0.500000 0.500000 0.822785 0.828571
8 0.500000 0.500000 0.696970 0.696970
13 0.500000 0.500000 0.736842 0.705882
26 0.485714 0.484375 0.685714 0.656250
3 0.515625 0.514706 0.656250 0.676471
20 0.513514 0.500000 0.702703 0.696970
34 0.500000 0.500000 0.677419 0.684211
2 0.500000 0.500000 0.666667 0.655172
7 0.500000 0.513889 0.722222 0.694444
36 0.500000 0.500000 0.636364 0.647059
40 0.500000 0.500000 0.714286 0.736842
12 0.512500 0.500000 0.725000 0.714286
5 0.500000 0.500000 0.687500 0.696970
11 0.508621 0.500000 0.810345 0.807692
23 0.500000 0.488095 0.739130 0.738095
