26 0.512195 0.500000 0.731707 0.707317
30 0.500000 0.483871 0.666667 0.645161
40 0.500000 0.511905 0.743590 0.738095
22 0.500000 0.514706 0.666667 0.676471
38 0.500000 0.500000 0.722222 0.743590
17 0.500000 0.500000 0.629630 0.642857
14 0.511628 0.500000 0.744186 0.761905
36 0.500000 0.483871 0.625000 0.645161
1 0.500000 0.516129 0.655172 0.645161
28 0.500000 0.500000 0.722222 0.705882
4 0.500000 0.500000 0.600000 0.642857
10 0.515625 0.500000 0.656250 0.666667
9 0.515625 0.500000 0.656250 0.705882
3 0.500000 0.517857 0.629630 0.607143
20 0.516129 0.517857 0.645161 0.607143
2 0.517857 0.500000 0.607143 0.615385
6 0.517857 0.500000 0.607143 0.655172
11 0.488095 0.500000 0.738095 0.700000
12 0.513514 0.500000 0.702703 0.700000
16 0.519231 0.500000 0.576923 0.571429
35 0.515625 0.500000 0.656250 0.687500
23 0.490385 0.500000 0.788462 0.744681
31 0.500000 0.515152 0.647059 0.666667
18 0.516129 0.500000 0.645161 0.655172
15 0.512195 0.510204 0.731707 0.775510
