38 0.484375 0.500000 0.656250 0.657143
33 0.517857 0.500000 0.607143 0.666667
13 0.500000 0.500000 0.841270 0.833333
10 0.500000 0.500000 0.655172 0.655172
12 0.513889 0.500000 0.694444 0.729730
11 0.500000 0.516667 0.655172 0.633333
9 0.500000 0.500000 0.767442 0.767442
14 0.500000 0.500000 0.714286 0.714286
28 0.515625 0.516129 0.656250 0.645161
18 0.511628 0.511628 0.744186 0.744186
26 0.500000 0.500000 0.810526 0.831325
25 0.513889 0.500000 0.694444 0.657143
7 0.514286 0.513514 0.685714 0.702703
8 0.515152 0.500000 0.666667 0.666667
2 0.500000 0.500000 0.807692 0.814815
31 0.511111 0.500000 0.755556 0.750000
23 0.511628 0.500000 0.744186 0.743590
4 0.516129 0.516129 0.645161 0.645161
35 0.500000 0.500000 0.677419 0.687500
17 0.500000 0.500000 0.629630 0.687500
