30 0.510204 0.510204 0.775510 0.775510
13 0.492188 0.508772 0.828125 0.807018
1 0.500000 0.500000 0.777778 0.750000
8 0.500000 0.500000 0.800000 0.800000
35 0.488636 0.511111 0.750000 0.755556
15 0.500000 0.510638 0.756098 0.765957
33 0.500000 0.512500 0.750000 0.725000
25 0.506579 0.506849 0.828947 0.821918
17 0.500000 0.500000 0.666667 0.655172
11 0.492647 0.500000 0.808824 0.838710
22 0.490566 0.510204 0.792453 0.775510
34 0.500000 0.512821 0.722222 0.717949
18 0.512500 0.511905 0.725000 0.738095
23 0.512195 0.512195 0.731707 0.731707
28 0.500000 0.500000 0.787234 0.733333
12 0.500000 0.500000 0.814815 0.814815
10 0.511905 0.511905 0.738095 0.738095
7 0.512821 0.512500 0.717949 0.725000
38 0.500000 0.515152 0.687500 0.666667
36 0.500000 0.508333 0.830508 0.816667
3 0.500000 0.500000 0.767442 0.767442
14 0.510000 0.500000 0.780000 0.795918
26 0.500000 0.500000 0.777778 0.761905
2 0.506667 0.507042 0.826667 0.816901
16 0.500000 0.512500 0.743590 0.725000
6 0.500000 0.500000 0.714286 0.729730
31 0.500000 0.500000 0.818182 0.800000
