26 0.513514 0.500000 0.702703 0.705882
1 0.512500 0.511905 0.725000 0.738095
23 0.500000 0.511111 0.777778 0.755556
25 0.513158 0.500000 0.710526 0.729730
7 0.500000 0.512195 0.750000 0.731707
8 0.500000 0.500000 0.714286 0.722222
28 0.500000 0.500000 0.756098 0.761905
9 0.489362 0.500000 0.765957 0.744681
2 0.514706 0.500000 0.676471 0.666667
33 0.500000 0.511628 0.750000 0.744186
15 0.500000 0.515625 0.655172 0.656250
12 0.500000 0.500000 0.687500 0.687500
17 0.500000 0.516129 0.655172 0.645161
14 0.500000 0.508475 0.800000 0.813559
3 0.486486 0.513158 0.702703 0.710526
11 0.509615 0.510000 0.788462 0.780000
13 0.500000 0.511905 0.777778 0.738095
10 0.500000 0.514286 0.705882 0.685714
