1 0.500000 0.506944 0.826087 0.819444
15 0.500000 0.491525 0.830508 0.813559
26 0.500000 0.491667 0.805556 0.816667
35 0.494737 0.500000 0.821053 0.808511
33 0.510000 0.493506 0.780000 0.831169
8 0.500000 0.500000 0.838710 0.824561
7 0.509259 0.508929 0.796296 0.803571
13 0.500000 0.506098 0.839080 0.817073
4 0.500000 0.510204 0.777778 0.775510
3 0.500000 0.500000 0.825000 0.835294
18 0.500000 0.500000 0.826087 0.838710
17 0.507143 0.500000 0.814286 0.835616
5 0.500000 0.506250 0.822785 0.812500
38 0.500000 0.500000 0.814815 0.814815
9 0.500000 0.506579 0.826087 0.828947
2 0.507042 0.507042 0.816901 0.816901
14 0.500000 0.500000 0.831325 0.813953
25 0.500000 0.500000 0.810526 0.833333
11 0.506024 0.506667 0.819277 0.826667
28 0.500000 0.505747 0.835052 0.827586
10 0.509615 0.509615 0.788462 0.788462
