7 0.516129 0.515625 0.645161 0.656250
2 0.516129 0.516129 0.645161 0.645161
5 0.516129 0.516129 0.645161 0.645161
1 0.489362 0.489583 0.765957 0.770833
3 0.500000 0.500000 0.722222 0.722222
12 0.500000 0.512821 0.736842 0.717949
15 0.500000 0.504464 0.814433 0.830357
11 0.509615 0.510417 0.788462 0.770833
17 0.515625 0.515625 0.656250 0.656250
9 0.500000 0.500000 0.687500 0.687500
31 0.511905 0.500000 0.738095 0.736842
18 0.500000 0.509804 0.807692 0.784314
38 0.516129 0.500000 0.645161 0.677419
33 0.515625 0.500000 0.656250 0.743590
