18 0.509259 0.500000 0.796296 0.811321
25 0.500000 0.500000 0.821429 0.821429
9 0.500000 0.500000 0.714286 0.714286
1 0.500000 0.500000 0.722222 0.722222
15 0.515625 0.515625 0.656250 0.656250
2 0.500000 0.487805 0.743590 0.731707
8 0.500000 0.511628 0.761905 0.744186
13 0.508197 0.490741 0.819672 0.796296
10 0.500000 0.500000 0.761905 0.761905
12 0.513158 0.512821 0.710526 0.717949
7 0.513158 0.500000 0.710526 0.743590
26 0.512821 0.500000 0.717949 0.705882
14 0.500000 0.506849 0.818182 0.821918
35 0.515152 0.500000 0.666667 0.647059
31 0.490741 0.500000 0.796296 0.764706
17 0.511364 0.500000 0.750000 0.782609
5 0.512821 0.512821 0.717949 0.717949
4 0.500000 0.500000 0.767442 0.767442
38 0.500000 0.513889 0.714286 0.694444
33 0.500000 0.485294 0.687500 0.676471
