2 0.500000 0.517241 0.655172 0.620690
6 0.515152 0.515152 0.666667 0.666667
28 0.500000 0.500000 0.787234 0.761905
13 0.486486 0.500000 0.702703 0.722222
18 0.500000 0.507143 0.842105 0.814286
14 0.500000 0.500000 0.838710 0.830986
5 0.500000 0.500000 0.677419 0.647059
36 0.483871 0.500000 0.645161 0.677419
21 0.483333 0.500000 0.633333 0.612903
10 0.500000 0.500000 0.696970 0.696970
3 0.515625 0.500000 0.656250 0.677419
34 0.484375 0.513889 0.656250 0.694444
1 0.500000 0.500000 0.666667 0.625000
23 0.488636 0.512195 0.750000 0.731707
12 0.500000 0.500000 0.736842 0.705882
30 0.500000 0.500000 0.729730 0.722222
40 0.514286 0.513158 0.685714 0.710526
38 0.516667 0.500000 0.633333 0.655172
11 0.500000 0.500000 0.814815 0.800000
26 0.500000 0.500000 0.657143 0.677419
22 0.500000 0.500000 0.666667 0.666667
15 0.516667 0.516667 0.633333 0.633333
16 0.485294 0.500000 0.676471 0.696970
17 0.500000 0.482759 0.586207 0.620690
20 0.513514 0.514706 0.702703 0.676471
4 0.500000 0.500000 0.612903 0.666667
31 0.500000 0.516129 0.687500 0.645161
