4 0.513514 0.500000 0.702703 0.700000
5 0.511628 0.500000 0.744186 0.750000
13 0.492857 0.500000 0.814286 0.836066
1 0.512500 0.500000 0.725000 0.743590
11 0.500000 0.500000 0.760000 0.777778
28 0.509434 0.510204 0.792453 0.775510
14 0.500000 0.505952 0.828571 0.821429
12 0.500000 0.510870 0.782609 0.760870
15 0.486842 0.500000 0.710526 0.727273
38 0.514706 0.500000 0.676471 0.722222
25 0.509434 0.500000 0.792453 0.791667
9 0.500000 0.500000 0.787234 0.787234
23 0.505435 0.506173 0.815217 0.814815
3 0.514286 0.514286 0.685714 0.685714
33 0.500000 0.511628 0.750000 0.744186
18 0.510417 0.500000 0.770833 0.795918
8 0.500000 0.510204 0.782609 0.775510
2 0.500000 0.513514 0.722222 0.702703
35 0.511364 0.500000 0.750000 0.767442
