9 0.508475 0.500000 0.813559 0.833333
4 0.500000 0.509259 0.811321 0.796296
31 0.500000 0.508475 0.841270 0.813559
1 0.500000 0.500000 0.814815 0.811321
10 0.500000 0.511364 0.767442 0.750000
23 0.500000 0.510870 0.744681 0.760870
15 0.500000 0.510204 0.767442 0.775510
13 0.500000 0.500000 0.828571 0.841270
3 0.510204 0.510204 0.775510 0.775510
36 0.507937 0.500000 0.825397 0.812500
17 0.515152 0.500000 0.666667 0.666667
34 0.500000 0.512821 0.729730 0.717949
14 0.500000 0.500000 0.777778 0.777778
2 0.500000 0.500000 0.837209 0.827160
30 0.500000 0.500000 0.803922 0.803922
35 0.500000 0.510000 0.755102 0.780000
18 0.511905 0.500000 0.738095 0.767442
6 0.500000 0.487805 0.700000 0.731707
28 0.500000 0.500000 0.821429 0.811321
26 0.490000 0.500000 0.780000 0.750000
5 0.500000 0.491071 0.818182 0.803571
7 0.500000 0.511628 0.756098 0.744186
25 0.494118 0.506098 0.823529 0.817073
38 0.513889 0.500000 0.694444 0.714286
11 0.500000 0.500000 0.829268 0.842105
16 0.500000 0.510638 0.772727 0.765957
33 0.488095 0.500000 0.738095 0.743590
