11 0.500000 0.512821 0.756098 0.717949
9 0.500000 0.511905 0.729730 0.738095
31 0.500000 0.500000 0.827160 0.833333
1 0.500000 0.500000 0.777778 0.782609
17 0.500000 0.500000 0.782609 0.782609
28 0.509434 0.500000 0.792453 0.787234
15 0.500000 0.500000 0.761905 0.761905
4 0.500000 0.500000 0.722222 0.736842
33 0.500000 0.500000 0.736842 0.760000
3 0.500000 0.500000 0.800000 0.807692
35 0.510000 0.490196 0.780000 0.784314
38 0.511628 0.511628 0.744186 0.744186
10 0.500000 0.500000 0.743590 0.743590
13 0.500000 0.508621 0.838710 0.810345
8 0.512500 0.511628 0.725000 0.744186
5 0.500000 0.500000 0.787234 0.787234
18 0.500000 0.486486 0.756098 0.702703
7 0.512500 0.512500 0.725000 0.725000
26 0.511111 0.512821 0.755556 0.717949
25 0.500000 0.510204 0.791667 0.775510
