18 0.512500 0.512500 0.725000 0.725000
30 0.513889 0.516129 0.694444 0.645161
13 0.500000 0.500000 0.777778 0.756098
17 0.500000 0.513158 0.655172 0.710526
23 0.500000 0.511364 0.782609 0.750000
28 0.510417 0.500000 0.770833 0.787234
4 0.515625 0.515152 0.656250 0.666667
6 0.484375 0.500000 0.656250 0.677419
34 0.512195 0.500000 0.731707 0.750000
35 0.500000 0.516667 0.655172 0.633333
5 0.500000 0.500000 0.687500 0.687500
1 0.489362 0.500000 0.765957 0.750000
10 0.512821 0.512821 0.717949 0.717949
16 0.490385 0.509615 0.788462 0.788462
15 0.500000 0.512821 0.666667 0.717949
7 0.500000 0.514286 0.714286 0.685714
9 0.500000 0.513158 0.722222 0.710526
31 0.515152 0.514706 0.666667 0.676471
14 0.509804 0.509615 0.784314 0.788462
3 0.515625 0.500000 0.656250 0.677419
