31 0.504673 0.500000 0.822430 0.831579
38 0.500000 0.500000 0.833333 0.838710
18 0.500000 0.500000 0.828571 0.827957
4 0.507143 0.506757 0.814286 0.824324
8 0.508621 0.500000 0.810345 0.833333
9 0.500000 0.500000 0.767442 0.761905
33 0.510638 0.506250 0.765957 0.812500
7 0.508621 0.508621 0.810345 0.810345
14 0.500000 0.504065 0.833333 0.829268
17 0.500000 0.500000 0.750000 0.756098
13 0.500000 0.506173 0.833333 0.814815
5 0.500000 0.511628 0.767442 0.744186
3 0.500000 0.500000 0.835294 0.835294
25 0.505682 0.506173 0.829545 0.814815
1 0.504717 0.500000 0.820755 0.833333
10 0.500000 0.506579 0.840000 0.828947
2 0.500000 0.500000 0.810811 0.810811
26 0.505952 0.500000 0.821429 0.810811
15 0.500000 0.503571 0.813559 0.821429
