10 0.500000 0.506944 0.830986 0.819444
26 0.500000 0.500000 0.818182 0.835616
31 0.500000 0.500000 0.840000 0.826087
9 0.500000 0.500000 0.767442 0.767442
33 0.500000 0.500000 0.787234 0.803279
12 0.508197 0.500000 0.819672 0.838710
28 0.500000 0.500000 0.842105 0.823529
3 0.512195 0.512195 0.731707 0.731707
11 0.500000 0.500000 0.833333 0.789474
23 0.504132 0.500000 0.826446 0.831776
8 0.500000 0.509615 0.814815 0.788462
18 0.505319 0.500000 0.819149 0.827957
5 0.505376 0.500000 0.817204 0.827957
4 0.500000 0.488372 0.767442 0.744186
15 0.507353 0.500000 0.808824 0.837838
25 0.500000 0.500000 0.830508 0.828571
7 0.507937 0.506944 0.825397 0.819444
