12 0.500000 0.510204 0.791667 0.775510
38 0.510870 0.510638 0.760870 0.765957
30 0.500000 0.500000 0.800000 0.777778
11 0.493421 0.500000 0.828947 0.835616
17 0.500000 0.512500 0.687500 0.725000
26 0.500000 0.489796 0.795918 0.775510
15 0.509259 0.500000 0.796296 0.821429
4 0.500000 0.509091 0.803922 0.800000
33 0.507042 0.507143 0.816901 0.814286
2 0.512195 0.511628 0.731707 0.744186
7 0.500000 0.510000 0.803922 0.780000
6 0.500000 0.500000 0.777778 0.787234
3 0.500000 0.509434 0.773585 0.792453
14 0.505051 0.500000 0.828283 0.838384
34 0.509615 0.509615 0.788462 0.788462
9 0.492063 0.507937 0.825397 0.825397
8 0.500000 0.507812 0.841270 0.828125
35 0.500000 0.508929 0.789474 0.803571
31 0.500000 0.500000 0.811321 0.811321
28 0.505435 0.505747 0.815217 0.827586
16 0.492857 0.507143 0.814286 0.814286
