25 0.500000 0.514706 0.696970 0.676471
4 0.500000 0.484375 0.677419 0.656250
17 0.500000 0.513158 0.655172 0.710526
31 0.514706 0.514286 0.676471 0.685714
8 0.500000 0.500000 0.736842 0.743590
11 0.510870 0.511364 0.760870 0.750000
2 0.500000 0.514706 0.687500 0.676471
14 0.509434 0.500000 0.792453 0.811321
7 0.500000 0.513889 0.722222 0.694444
12 0.500000 0.515625 0.636364 0.656250
9 0.500000 0.512821 0.729730 0.717949
3 0.484375 0.500000 0.656250 0.677419
13 0.510417 0.500000 0.770833 0.767442
30 0.513514 0.500000 0.702703 0.677419
28 0.500000 0.500000 0.764706 0.764706
10 0.512500 0.512500 0.725000 0.725000
15 0.513889 0.512821 0.694444 0.717949
18 0.500000 0.510870 0.777778 0.760870
6 0.515152 0.500000 0.666667 0.687500
16 0.490566 0.500000 0.792453 0.807692
5 0.500000 0.500000 0.657143 0.696970
35 0.500000 0.483871 0.625000 0.645161
33 0.500000 0.500000 0.782609 0.782609
