9 0.517857 0.500000 0.607143 0.642857
12 0.500000 0.500000 0.687500 0.687500
34 0.500000 0.500000 0.629630 0.642857
4 0.500000 0.500000 0.655172 0.655172
18 0.500000 0.513158 0.722222 0.710526
15 0.513889 0.512195 0.694444 0.731707
35 0.515152 0.500000 0.666667 0.677419
23 0.500000 0.500000 0.555556 0.615385
16 0.518519 0.518519 0.592593 0.592593
17 0.518519 0.500000 0.592593 0.615385
33 0.500000 0.500000 0.696970 0.666667
26 0.500000 0.500000 0.600000 0.555556
10 0.500000 0.516129 0.666667 0.645161
5 0.500000 0.500000 0.629630 0.629630
3 0.500000 0.500000 0.655172 0.655172
25 0.500000 0.500000 0.811321 0.800000
2 0.511628 0.500000 0.744186 0.756098
22 0.515625 0.516667 0.656250 0.633333
30 0.516129 0.500000 0.645161 0.677419
8 0.515625 0.500000 0.656250 0.687500
1 0.500000 0.516667 0.642857 0.633333
7 0.517241 0.500000 0.620690 0.642857
14 0.500000 0.500000 0.767442 0.767442
28 0.516129 0.517241 0.645161 0.620690
31 0.500000 0.516129 0.677419 0.645161
38 0.500000 0.519231 0.555556 0.576923
11 0.500000 0.513514 0.729730 0.702703
