11 0.513158 0.500000 0.710526 0.722222
33 0.485294 0.516129 0.676471 0.645161
5 0.517241 0.500000 0.620690 0.642857
13 0.500000 0.514706 0.722222 0.676471
9 0.500000 0.516667 0.642857 0.633333
7 0.482759 0.500000 0.620690 0.642857
15 0.500000 0.500000 0.675676 0.750000
31 0.500000 0.483871 0.677419 0.645161
4 0.516667 0.483333 0.633333 0.633333
18 0.500000 0.513158 0.722222 0.710526
14 0.500000 0.511364 0.767442 0.750000
1 0.500000 0.500000 0.642857 0.655172
22 0.500000 0.500000 0.677419 0.655172
17 0.500000 0.500000 0.629630 0.615385
30 0.515625 0.515625 0.656250 0.656250
35 0.515152 0.514706 0.666667 0.676471
10 0.500000 0.500000 0.677419 0.677419
26 0.500000 0.500000 0.600000 0.555556
38 0.500000 0.518519 0.615385 0.592593
8 0.515152 0.514706 0.666667 0.676471
23 0.500000 0.500000 0.629630 0.629630
34 0.517241 0.500000 0.620690 0.655172
3 0.516667 0.516667 0.633333 0.633333
28 0.516129 0.517857 0.645161 0.607143
