23 0.510417 0.500000 0.770833 0.777778
13 0.500000 0.511628 0.782609 0.744186
18 0.500000 0.500000 0.675676 0.687500
25 0.500000 0.500000 0.692308 0.729730
10 0.500000 0.500000 0.714286 0.714286
12 0.514706 0.500000 0.676471 0.696970
15 0.500000 0.500000 0.687500 0.696970
38 0.500000 0.508929 0.787234 0.803571
35 0.510417 0.500000 0.770833 0.787234
26 0.512821 0.514286 0.717949 0.685714
8 0.500000 0.513514 0.722222 0.702703
28 0.511364 0.511111 0.750000 0.755556
11 0.500000 0.490196 0.811321 0.784314
33 0.500000 0.500000 0.750000 0.756098
17 0.500000 0.515152 0.666667 0.666667
4 0.500000 0.500000 0.687500 0.714286
9 0.500000 0.500000 0.755102 0.782609
5 0.500000 0.500000 0.736842 0.736842
3 0.486486 0.500000 0.702703 0.729730
