30 0.512195 0.500000 0.731707 0.761905
6 0.483871 0.484848 0.645161 0.666667
3 0.500000 0.500000 0.729730 0.692308
12 0.511111 0.500000 0.755556 0.733333
16 0.500000 0.514286 0.705882 0.685714
33 0.512821 0.500000 0.717949 0.692308
8 0.500000 0.500000 0.761905 0.761905
26 0.487500 0.500000 0.725000 0.714286
17 0.500000 0.500000 0.666667 0.642857
9 0.487179 0.500000 0.717949 0.750000
28 0.500000 0.500000 0.736842 0.722222
13 0.500000 0.500000 0.807692 0.755102
4 0.500000 0.513158 0.729730 0.710526
2 0.508475 0.500000 0.813559 0.821429
34 0.513889 0.500000 0.694444 0.714286
5 0.512500 0.500000 0.725000 0.743590
1 0.486842 0.500000 0.710526 0.700000
18 0.512821 0.512500 0.717949 0.725000
15 0.487500 0.511111 0.725000 0.755556
25 0.492308 0.500000 0.830769 0.838710
7 0.500000 0.514706 0.696970 0.676471
11 0.509434 0.509804 0.792453 0.784314
23 0.500000 0.500000 0.714286 0.722222
22 0.500000 0.511905 0.767442 0.738095
31 0.500000 0.511628 0.782609 0.744186
