1 0.506667 0.506494 0.826667 0.831169
12 0.500000 0.500000 0.837209 0.837209
4 0.510638 0.500000 0.765957 0.795918
5 0.506024 0.506024 0.819277 0.819277
9 0.506250 0.506024 0.812500 0.819277
10 0.509259 0.509259 0.796296 0.796296
31 0.503817 0.504202 0.824427 0.823529
11 0.500000 0.500000 0.824176 0.827160
7 0.509259 0.508929 0.796296 0.803571
18 0.506667 0.500000 0.826667 0.826087
35 0.500000 0.504762 0.830189 0.819048
8 0.507692 0.508475 0.830769 0.813559
2 0.506250 0.500000 0.812500 0.822785
38 0.508475 0.500000 0.813559 0.827586
17 0.506849 0.500000 0.821918 0.822785
15 0.508065 0.500000 0.822581 0.833333
13 0.500000 0.506098 0.827957 0.817073
