22 0.500000 0.485294 0.696970 0.676471
11 0.500000 0.500000 0.824561 0.811321
38 0.500000 0.500000 0.666667 0.625000
9 0.500000 0.488636 0.733333 0.750000
12 0.500000 0.486111 0.707317 0.694444
35 0.500000 0.510417 0.782609 0.770833
13 0.500000 0.513158 0.720930 0.710526
8 0.500000 0.513889 0.714286 0.694444
18 0.506098 0.500000 0.817073 0.810811
33 0.500000 0.516129 0.612903 0.645161
1 0.514706 0.500000 0.676471 0.696970
2 0.515625 0.500000 0.656250 0.666667
7 0.513158 0.513514 0.710526 0.702703
14 0.500000 0.500000 0.843750 0.842105
26 0.486111 0.500000 0.694444 0.696970
40 0.500000 0.500000 0.736842 0.714286
31 0.514286 0.515625 0.685714 0.656250
10 0.514286 0.514286 0.685714 0.685714
34 0.500000 0.487179 0.687500 0.717949
20 0.500000 0.514286 0.736842 0.685714
23 0.500000 0.500000 0.755102 0.739130
25 0.510417 0.510870 0.770833 0.760870
5 0.500000 0.500000 0.696970 0.705882
30 0.500000 0.512821 0.736842 0.717949
6 0.514706 0.500000 0.676471 0.705882
17 0.500000 0.500000 0.647059 0.647059
28 0.509434 0.510638 0.792453 0.765957
21 0.500000 0.500000 0.687500 0.687500
