3 0.500000 0.506250 0.840000 0.812500
1 0.508333 0.500000 0.816667 0.830508
5 0.500000 0.500000 0.811321 0.811321
36 0.509091 0.500000 0.800000 0.818182
34 0.500000 0.500000 0.777778 0.815385
26 0.500000 0.509804 0.821429 0.784314
28 0.500000 0.505682 0.826923 0.829545
38 0.510204 0.489362 0.775510 0.765957
9 0.493976 0.493827 0.819277 0.814815
35 0.507143 0.506944 0.814286 0.819444
31 0.508197 0.508621 0.819672 0.810345
10 0.509259 0.500000 0.796296 0.811321
21 0.505747 0.500000 0.827586 0.825000
17 0.500000 0.510204 0.787234 0.775510
11 0.500000 0.505208 0.825243 0.822917
4 0.500000 0.492308 0.815385 0.830769
18 0.504098 0.500000 0.827869 0.837838
30 0.500000 0.500000 0.830508 0.818182
8 0.500000 0.508772 0.821429 0.807018
40 0.506944 0.500000 0.819444 0.815789
12 0.500000 0.500000 0.827957 0.842105
16 0.500000 0.508475 0.821429 0.813559
14 0.504098 0.503759 0.827869 0.827068
33 0.509091 0.500000 0.800000 0.785714
23 0.500000 0.500000 0.840000 0.826087
2 0.500000 0.500000 0.810811 0.802817
13 0.500000 0.506849 0.835616 0.821918
