11 0.503731 0.504237 0.828358 0.822034
28 0.500000 0.503817 0.837037 0.824427
2 0.500000 0.495536 0.831933 0.830357
40 0.500000 0.505000 0.838384 0.830000
14 0.500000 0.502717 0.820225 0.831522
33 0.500000 0.507042 0.826087 0.816901
25 0.503731 0.504274 0.828358 0.820513
22 0.507812 0.500000 0.828125 0.838710
4 0.500000 0.504808 0.825243 0.817308
3 0.503378 0.500000 0.831081 0.832258
5 0.508065 0.507812 0.822581 0.828125
34 0.500000 0.505618 0.818182 0.831461
31 0.500000 0.500000 0.840909 0.833333
1 0.500000 0.505814 0.833333 0.825581
35 0.505882 0.505814 0.823529 0.825581
15 0.504065 0.504310 0.829268 0.818966
12 0.503472 0.504098 0.826389 0.827869
10 0.500000 0.507937 0.838710 0.825397
13 0.500000 0.500000 0.837838 0.837838
38 0.509091 0.500000 0.800000 0.811321
17 0.500000 0.509434 0.800000 0.792453
26 0.507042 0.508065 0.816901 0.822581
18 0.513889 0.500000 0.847222 0.815385
21 0.497238 0.500000 0.828729 0.830303
23 0.503425 0.500000 0.828767 0.829457
20 0.500000 0.505952 0.831579 0.821429
36 0.500000 0.500000 0.835294 0.837209
7 0.508621 0.508772 0.810345 0.807018
