7 0.510417 0.500000 0.770833 0.787234
15 0.513889 0.500000 0.694444 0.750000
2 0.513889 0.500000 0.694444 0.714286
13 0.508197 0.508929 0.819672 0.803571
17 0.500000 0.500000 0.666667 0.696970
28 0.500000 0.510638 0.791667 0.765957
9 0.511628 0.500000 0.744186 0.767442
11 0.500000 0.488095 0.733333 0.738095
4 0.500000 0.500000 0.714286 0.722222
5 0.500000 0.500000 0.729730 0.729730
1 0.500000 0.512821 0.736842 0.717949
25 0.510000 0.511111 0.780000 0.755556
8 0.511628 0.500000 0.744186 0.767442
18 0.510870 0.500000 0.760870 0.777778
10 0.512500 0.512500 0.725000 0.725000
38 0.515152 0.513889 0.666667 0.694444
35 0.512500 0.500000 0.725000 0.743590
31 0.500000 0.500000 0.773585 0.791667
23 0.505952 0.506579 0.821429 0.828947
