33 0.500000 0.500000 0.756098 0.818182
31 0.505882 0.500000 0.823529 0.840000
12 0.510000 0.500000 0.780000 0.795918
17 0.500000 0.510204 0.791667 0.775510
2 0.488636 0.511364 0.750000 0.750000
38 0.511111 0.500000 0.755556 0.772727
18 0.510870 0.512195 0.760870 0.731707
13 0.500000 0.500000 0.843750 0.830508
25 0.500000 0.490385 0.811321 0.788462
11 0.500000 0.500000 0.777778 0.767442
9 0.500000 0.500000 0.756098 0.777778
26 0.489362 0.512195 0.765957 0.731707
3 0.500000 0.500000 0.814815 0.821429
10 0.500000 0.512195 0.750000 0.731707
8 0.511364 0.500000 0.750000 0.761905
15 0.500000 0.511364 0.772727 0.750000
1 0.510204 0.509804 0.775510 0.784314
