17 0.500000 0.516667 0.642857 0.633333
3 0.500000 0.513514 0.722222 0.702703
20 0.500000 0.484375 0.657143 0.656250
22 0.511905 0.500000 0.738095 0.743590
9 0.500000 0.512500 0.743590 0.725000
31 0.500000 0.500000 0.692308 0.692308
23 0.508197 0.500000 0.819672 0.814815
30 0.500000 0.513514 0.684211 0.702703
25 0.507143 0.500000 0.814286 0.813333
26 0.509615 0.510417 0.788462 0.770833
36 0.513514 0.486486 0.702703 0.702703
16 0.500000 0.515625 0.666667 0.656250
2 0.514706 0.516129 0.676471 0.645161
10 0.500000 0.511905 0.750000 0.738095
4 0.500000 0.485294 0.647059 0.676471
40 0.511111 0.500000 0.755556 0.750000
35 0.500000 0.514286 0.705882 0.685714
6 0.513889 0.500000 0.694444 0.714286
28 0.500000 0.500000 0.756098 0.743590
7 0.500000 0.500000 0.750000 0.750000
18 0.500000 0.514286 0.722222 0.685714
15 0.500000 0.509434 0.782609 0.792453
12 0.489362 0.500000 0.765957 0.787234
