17 0.500000 0.500000 0.772727 0.744681
7 0.510204 0.500000 0.775510 0.787234
14 0.495283 0.504237 0.820755 0.822034
20 0.500000 0.500000 0.809524 0.818182
2 0.491803 0.500000 0.819672 0.827586
35 0.492188 0.500000 0.828125 0.820896
40 0.500000 0.500000 0.843750 0.823529
5 0.510000 0.510000 0.780000 0.780000
9 0.500000 0.500000 0.810811 0.830986
22 0.510204 0.500000 0.775510 0.787234
8 0.500000 0.500000 0.807692 0.807692
16 0.509615 0.509259 0.788462 0.796296
1 0.509259 0.500000 0.796296 0.811321
34 0.500000 0.500000 0.750000 0.785714
30 0.508772 0.500000 0.807018 0.807692
38 0.500000 0.500000 0.767442 0.767442
28 0.500000 0.506250 0.839080 0.812500
33 0.500000 0.500000 0.795918 0.764706
12 0.506494 0.500000 0.831169 0.841270
18 0.504274 0.495283 0.820513 0.820755
26 0.509615 0.510870 0.788462 0.760870
11 0.505319 0.500000 0.819149 0.833333
3 0.507937 0.507692 0.825397 0.830769
13 0.500000 0.500000 0.830986 0.826087
31 0.509091 0.500000 0.800000 0.803922
15 0.500000 0.509259 0.818182 0.796296
21 0.507143 0.500000 0.814286 0.838710
10 0.510000 0.510000 0.780000 0.780000
