13 0.500000 0.500000 0.835821 0.837398
3 0.509259 0.500000 0.796296 0.818182
8 0.508197 0.500000 0.819672 0.827586
2 0.495726 0.495455 0.820513 0.827273
4 0.500000 0.500000 0.803279 0.843750
14 0.504630 0.504717 0.824074 0.820755
33 0.508621 0.500000 0.810345 0.820896
25 0.500000 0.500000 0.811765 0.813953
18 0.500000 0.508065 0.820896 0.822581
10 0.508929 0.500000 0.803571 0.818182
7 0.503571 0.503571 0.821429 0.821429
1 0.500000 0.505435 0.824176 0.815217
26 0.500000 0.508475 0.841270 0.813559
9 0.507042 0.507042 0.816901 0.816901
28 0.505102 0.500000 0.826531 0.829787
5 0.500000 0.500000 0.840000 0.840000
17 0.500000 0.500000 0.838710 0.828571
23 0.506757 0.507246 0.824324 0.811594
