17 0.500000 0.500000 0.655172 0.629630
8 0.500000 0.500000 0.729730 0.729730
5 0.514706 0.500000 0.676471 0.657143
25 0.491667 0.500000 0.816667 0.789474
22 0.513158 0.500000 0.710526 0.714286
2 0.510000 0.500000 0.780000 0.791667
14 0.500000 0.511111 0.772727 0.755556
34 0.515152 0.515152 0.666667 0.666667
9 0.484848 0.485294 0.666667 0.676471
26 0.515152 0.516667 0.666667 0.633333
36 0.500000 0.500000 0.818182 0.818182
11 0.500000 0.500000 0.727273 0.750000
7 0.516129 0.500000 0.645161 0.666667
38 0.500000 0.500000 0.642857 0.642857
28 0.500000 0.500000 0.657143 0.677419
15 0.486842 0.500000 0.710526 0.720930
6 0.500000 0.500000 0.600000 0.612903
35 0.500000 0.500000 0.714286 0.722222
4 0.514706 0.500000 0.676471 0.696970
33 0.513158 0.500000 0.710526 0.722222
13 0.511364 0.512500 0.750000 0.725000
1 0.515152 0.500000 0.666667 0.705882
3 0.500000 0.514706 0.696970 0.676471
23 0.484375 0.515625 0.656250 0.656250
30 0.500000 0.500000 0.722222 0.722222
10 0.514286 0.500000 0.685714 0.705882
18 0.500000 0.500000 0.705882 0.705882
16 0.500000 0.516129 0.666667 0.645161
