7 0.514706 0.514706 0.676471 0.676471
8 0.516129 0.500000 0.645161 0.666667
36 0.516129 0.500000 0.645161 0.687500
1 0.516129 0.516129 0.645161 0.645161
15 0.500000 0.500000 0.642857 0.642857
34 0.516129 0.500000 0.645161 0.666667
10 0.515152 0.484848 0.666667 0.666667
28 0.511364 0.512500 0.750000 0.725000
23 0.500000 0.512821 0.750000 0.717949
2 0.500000 0.500000 0.629630 0.615385
3 0.516667 0.516129 0.633333 0.645161
18 0.493056 0.500000 0.819444 0.843750
12 0.500000 0.515625 0.714286 0.656250
4 0.500000 0.517241 0.642857 0.620690
16 0.484375 0.500000 0.656250 0.677419
30 0.500000 0.513889 0.722222 0.694444
21 0.500000 0.482143 0.586207 0.607143
20 0.514286 0.500000 0.685714 0.636364
13 0.500000 0.514706 0.705882 0.676471
33 0.500000 0.500000 0.586207 0.629630
31 0.500000 0.500000 0.677419 0.655172
6 0.500000 0.500000 0.642857 0.655172
22 0.500000 0.516667 0.655172 0.633333
17 0.500000 0.500000 0.615385 0.615385
11 0.500000 0.510417 0.769231 0.770833
35 0.512195 0.511905 0.731707 0.738095
5 0.500000 0.515152 0.677419 0.666667
26 0.515625 0.516667 0.656250 0.633333
