35 0.512821 0.512500 0.717949 0.725000
15 0.504808 0.500000 0.817308 0.834711
3 0.510870 0.510870 0.760870 0.760870
2 0.500000 0.500000 0.736842 0.736842
25 0.489130 0.511628 0.760870 0.744186
13 0.500000 0.500000 0.787234 0.787234
38 0.510638 0.510638 0.765957 0.765957
14 0.507353 0.500000 0.808824 0.823529
18 0.500000 0.508772 0.833333 0.807018
11 0.507937 0.500000 0.825397 0.821429
4 0.510204 0.509615 0.775510 0.788462
33 0.500000 0.500000 0.714286 0.787234
10 0.500000 0.511111 0.772727 0.755556
17 0.513889 0.500000 0.694444 0.722222
1 0.508333 0.491803 0.816667 0.819672
31 0.500000 0.510204 0.814815 0.775510
26 0.500000 0.487500 0.767442 0.725000
7 0.513514 0.513158 0.702703 0.710526
8 0.511628 0.511905 0.744186 0.738095
