3 0.500000 0.506944 0.826087 0.819444
23 0.504310 0.504950 0.818966 0.831683
34 0.500000 0.500000 0.839080 0.839080
16 0.500000 0.500000 0.787234 0.791667
17 0.517857 0.516667 0.607143 0.633333
20 0.500000 0.508475 0.838710 0.813559
31 0.508475 0.500000 0.813559 0.796610
12 0.505102 0.500000 0.826531 0.840000
15 0.500000 0.500000 0.823529 0.833333
6 0.500000 0.500000 0.821429 0.821429
35 0.500000 0.500000 0.787234 0.787234
26 0.504425 0.500000 0.831858 0.825243
18 0.500000 0.506250 0.816092 0.812500
22 0.500000 0.507937 0.820896 0.825397
1 0.500000 0.507042 0.808219 0.816901
9 0.500000 0.500000 0.839080 0.822222
33 0.500000 0.506250 0.822785 0.812500
7 0.507812 0.500000 0.828125 0.820896
8 0.507937 0.500000 0.825397 0.838710
4 0.500000 0.500000 0.827586 0.838710
11 0.505102 0.500000 0.826531 0.837209
30 0.500000 0.505747 0.835294 0.827586
14 0.500000 0.500000 0.839080 0.837209
10 0.506757 0.500000 0.824324 0.835616
