31 0.500000 0.500000 0.836066 0.830508
34 0.500000 0.505319 0.826087 0.819149
2 0.500000 0.491379 0.836066 0.810345
36 0.500000 0.500000 0.804878 0.807229
38 0.506494 0.506494 0.831169 0.831169
6 0.508475 0.508475 0.813559 0.813559
9 0.500000 0.500000 0.818182 0.821782
4 0.507812 0.500000 0.828125 0.826087
12 0.504630 0.504545 0.824074 0.827273
23 0.500000 0.500000 0.831933 0.830189
5 0.500000 0.500000 0.842105 0.829268
40 0.508621 0.500000 0.810345 0.833333
35 0.500000 0.510000 0.795918 0.780000
30 0.505102 0.500000 0.826531 0.838384
3 0.500000 0.500000 0.822785 0.822785
28 0.500000 0.509434 0.818182 0.792453
15 0.507042 0.500000 0.816901 0.825000
33 0.500000 0.506024 0.829268 0.819277
20 0.500000 0.500000 0.830986 0.830508
16 0.509804 0.500000 0.784314 0.803922
11 0.500000 0.500000 0.811321 0.827957
7 0.507246 0.507042 0.811594 0.816901
13 0.500000 0.500000 0.841270 0.833333
22 0.507246 0.507246 0.811594 0.811594
8 0.507042 0.500000 0.816901 0.828571
