8 0.500000 0.500000 0.687500 0.687500
38 0.500000 0.500000 0.655172 0.655172
7 0.500000 0.500000 0.629630 0.600000
31 0.512195 0.500000 0.731707 0.750000
1 0.517241 0.517241 0.620690 0.620690
26 0.500000 0.480769 0.586207 0.576923
9 0.518519 0.517241 0.592593 0.620690
14 0.500000 0.512500 0.722222 0.725000
5 0.516667 0.516667 0.633333 0.633333
4 0.515152 0.500000 0.666667 0.687500
13 0.500000 0.511364 0.791667 0.750000
18 0.512500 0.500000 0.725000 0.743590
12 0.518519 0.517857 0.592593 0.607143
33 0.516667 0.500000 0.633333 0.666667
11 0.517241 0.518519 0.620690 0.592593
17 0.500000 0.514706 0.677419 0.676471
25 0.511628 0.511905 0.744186 0.738095
15 0.500000 0.500000 0.629630 0.629630
