2 0.504167 0.500000 0.825000 0.829060
31 0.502959 0.503226 0.828402 0.825806
8 0.507143 0.506757 0.814286 0.824324
13 0.504673 0.500000 0.822430 0.840000
33 0.510000 0.500000 0.780000 0.829787
18 0.503906 0.500000 0.820312 0.830189
26 0.495763 0.494898 0.822034 0.826531
11 0.503497 0.503906 0.825175 0.820312
7 0.506757 0.500000 0.824324 0.830986
17 0.512195 0.511905 0.731707 0.738095
5 0.500000 0.500000 0.791667 0.787234
9 0.500000 0.510870 0.787234 0.760870
38 0.506849 0.500000 0.821918 0.837838
12 0.500000 0.500000 0.834483 0.832258
4 0.500000 0.505747 0.827160 0.827586
14 0.503165 0.500000 0.829114 0.826087
