31 0.500000 0.500000 0.675676 0.647059
9 0.500000 0.500000 0.782609 0.782609
10 0.513514 0.500000 0.702703 0.722222
35 0.500000 0.509615 0.800000 0.788462
16 0.500000 0.512500 0.743590 0.725000
23 0.509434 0.510204 0.792453 0.775510
1 0.513514 0.486111 0.702703 0.694444
20 0.500000 0.486486 0.714286 0.702703
30 0.500000 0.512195 0.767442 0.731707
8 0.512821 0.512821 0.717949 0.717949
17 0.500000 0.500000 0.705882 0.705882
11 0.500000 0.508621 0.838710 0.810345
18 0.500000 0.500000 0.837209 0.842105
14 0.492958 0.500000 0.816901 0.825000
33 0.484848 0.500000 0.666667 0.647059
13 0.510000 0.500000 0.780000 0.777778
22 0.500000 0.500000 0.666667 0.705882
34 0.500000 0.500000 0.675676 0.750000
7 0.500000 0.500000 0.700000 0.692308
2 0.513889 0.500000 0.694444 0.705882
3 0.500000 0.500000 0.722222 0.722222
28 0.500000 0.509615 0.827586 0.788462
25 0.510000 0.500000 0.780000 0.787234
