12 0.500000 0.510870 0.777778 0.760870
38 0.500000 0.511364 0.767442 0.750000
8 0.500000 0.508065 0.836066 0.822581
30 0.500000 0.511628 0.787234 0.744186
15 0.509434 0.500000 0.792453 0.814815
7 0.509615 0.500000 0.788462 0.795918
6 0.488636 0.510870 0.750000 0.760870
3 0.489796 0.500000 0.775510 0.764706
13 0.500000 0.508197 0.823529 0.819672
35 0.490196 0.490196 0.784314 0.784314
33 0.500000 0.500000 0.820896 0.843750
23 0.500000 0.508197 0.843750 0.819672
18 0.500000 0.500000 0.811321 0.811321
10 0.500000 0.508065 0.833333 0.822581
5 0.500000 0.500000 0.782609 0.782609
4 0.489583 0.500000 0.770833 0.800000
2 0.512500 0.500000 0.725000 0.720930
16 0.492308 0.500000 0.830769 0.843750
11 0.500000 0.500000 0.833333 0.828571
25 0.500000 0.500000 0.814815 0.807692
9 0.491667 0.500000 0.816667 0.830508
14 0.505155 0.505208 0.824742 0.822917
26 0.500000 0.500000 0.791667 0.787234
1 0.500000 0.500000 0.833333 0.841270
17 0.500000 0.512500 0.687500 0.725000
28 0.493976 0.493750 0.819277 0.812500
