5 0.500000 0.500000 0.722222 0.722222
35 0.500000 0.486486 0.722222 0.702703
25 0.511111 0.511905 0.755556 0.738095
28 0.489130 0.500000 0.760870 0.733333
26 0.507353 0.508333 0.808824 0.816667
13 0.500000 0.500000 0.793103 0.773585
7 0.500000 0.500000 0.772727 0.772727
38 0.500000 0.515152 0.666667 0.666667
12 0.512195 0.512500 0.731707 0.725000
8 0.500000 0.512500 0.736842 0.725000
10 0.500000 0.500000 0.729730 0.729730
15 0.500000 0.512821 0.696970 0.717949
17 0.500000 0.515625 0.666667 0.656250
18 0.511111 0.500000 0.755556 0.772727
33 0.486842 0.512500 0.710526 0.725000
3 0.515152 0.500000 0.666667 0.687500
14 0.508929 0.500000 0.803571 0.818182
4 0.514706 0.500000 0.676471 0.696970
9 0.500000 0.500000 0.750000 0.750000
