13 0.500000 0.507042 0.842105 0.816901
9 0.509804 0.500000 0.784314 0.803922
14 0.500000 0.500000 0.802469 0.824176
8 0.500000 0.510000 0.787234 0.780000
7 0.500000 0.500000 0.814815 0.818182
26 0.505682 0.506250 0.829545 0.812500
5 0.511111 0.511111 0.755556 0.755556
10 0.511628 0.500000 0.744186 0.761905
1 0.500000 0.500000 0.761905 0.761905
12 0.509615 0.500000 0.788462 0.803922
25 0.491379 0.500000 0.810345 0.807692
35 0.500000 0.510870 0.777778 0.760870
4 0.487500 0.500000 0.725000 0.761905
2 0.511905 0.500000 0.738095 0.756098
18 0.509615 0.509615 0.788462 0.788462
11 0.500000 0.500000 0.811321 0.764706
33 0.500000 0.488372 0.750000 0.744186
