3 0.500000 0.500000 0.642857 0.642857
10 0.515152 0.500000 0.666667 0.677419
17 0.500000 0.516667 0.642857 0.633333
11 0.500000 0.512195 0.767442 0.731707
31 0.500000 0.500000 0.696970 0.696970
4 0.516667 0.500000 0.633333 0.655172
30 0.483871 0.483871 0.645161 0.645161
34 0.517241 0.500000 0.620690 0.655172
35 0.516129 0.500000 0.645161 0.687500
15 0.512195 0.500000 0.731707 0.800000
14 0.500000 0.500000 0.761905 0.761905
2 0.482143 0.500000 0.607143 0.571429
20 0.500000 0.517857 0.666667 0.607143
38 0.513158 0.512195 0.710526 0.731707
26 0.511905 0.500000 0.738095 0.743590
18 0.516129 0.500000 0.645161 0.655172
1 0.500000 0.515152 0.666667 0.666667
8 0.515152 0.515152 0.666667 0.666667
36 0.500000 0.500000 0.677419 0.677419
9 0.514706 0.514286 0.676471 0.685714
28 0.500000 0.500000 0.729730 0.714286
6 0.500000 0.483333 0.629630 0.633333
25 0.508197 0.507812 0.819672 0.828125
5 0.500000 0.486111 0.705882 0.694444
