26 0.500000 0.516129 0.696970 0.645161
8 0.512821 0.512821 0.717949 0.717949
1 0.515625 0.500000 0.656250 0.687500
2 0.500000 0.486111 0.675676 0.694444
11 0.500000 0.516667 0.705882 0.633333
15 0.500000 0.516667 0.655172 0.633333
17 0.500000 0.500000 0.750000 0.756098
35 0.500000 0.516129 0.642857 0.645161
31 0.500000 0.500000 0.772727 0.772727
4 0.513158 0.500000 0.710526 0.729730
3 0.514286 0.500000 0.685714 0.714286
25 0.500000 0.510417 0.800000 0.770833
10 0.500000 0.500000 0.722222 0.722222
7 0.517241 0.500000 0.620690 0.629630
14 0.500000 0.510870 0.761905 0.760870
33 0.500000 0.484848 0.636364 0.666667
