26 0.500000 0.507143 0.815789 0.814286
18 0.500000 0.500000 0.814815 0.800000
11 0.502793 0.500000 0.826816 0.836478
15 0.500000 0.500000 0.795918 0.781818
3 0.506849 0.500000 0.821918 0.833333
9 0.500000 0.504167 0.839286 0.825000
8 0.500000 0.505952 0.831325 0.821429
4 0.500000 0.500000 0.828571 0.825243
23 0.500000 0.509259 0.811321 0.796296
10 0.500000 0.509434 0.807692 0.792453
17 0.500000 0.514706 0.714286 0.676471
2 0.496183 0.500000 0.824427 0.837398
5 0.500000 0.500000 0.837838 0.837838
33 0.511364 0.511905 0.750000 0.738095
28 0.495575 0.500000 0.831858 0.809524
16 0.508065 0.500000 0.822581 0.841270
25 0.504098 0.500000 0.827869 0.839286
36 0.500000 0.506098 0.825000 0.817073
30 0.500000 0.500000 0.835294 0.829268
1 0.494845 0.505155 0.824742 0.824742
6 0.500000 0.509259 0.807692 0.796296
22 0.500000 0.504950 0.834862 0.831683
12 0.503497 0.503546 0.825175 0.822695
7 0.500000 0.508772 0.818182 0.807018
31 0.500000 0.504762 0.827586 0.819048
