13 0.500000 0.514286 0.705882 0.685714
31 0.513158 0.514286 0.710526 0.685714
33 0.500000 0.485714 0.612903 0.685714
11 0.510638 0.511628 0.765957 0.744186
3 0.514706 0.500000 0.676471 0.696970
35 0.516667 0.500000 0.633333 0.666667
9 0.515625 0.515625 0.656250 0.656250
26 0.500000 0.481481 0.642857 0.592593
8 0.500000 0.500000 0.705882 0.722222
2 0.500000 0.500000 0.655172 0.655172
15 0.505376 0.500000 0.817204 0.830189
25 0.500000 0.500000 0.696970 0.666667
1 0.512195 0.500000 0.731707 0.720930
12 0.514706 0.514706 0.676471 0.676471
5 0.482759 0.517241 0.620690 0.620690
10 0.514286 0.514286 0.685714 0.685714
4 0.512821 0.500000 0.717949 0.714286
