14 0.500000 0.500000 0.825000 0.827160
17 0.500000 0.512195 0.729730 0.731707
9 0.500000 0.500000 0.700000 0.692308
25 0.500000 0.509804 0.803922 0.784314
33 0.500000 0.500000 0.743590 0.818182
31 0.500000 0.508621 0.836066 0.810345
18 0.506579 0.507246 0.828947 0.811594
8 0.500000 0.510204 0.782609 0.775510
7 0.500000 0.500000 0.750000 0.756098
5 0.513514 0.513514 0.702703 0.702703
11 0.506579 0.507353 0.828947 0.808824
4 0.500000 0.500000 0.777778 0.821429
12 0.500000 0.500000 0.827586 0.827586
26 0.510000 0.511111 0.780000 0.755556
10 0.509804 0.500000 0.784314 0.800000
2 0.488889 0.500000 0.755556 0.739130
3 0.509259 0.500000 0.796296 0.811321
