9 0.500000 0.506579 0.842105 0.828947
25 0.505814 0.500000 0.825581 0.842105
5 0.509615 0.500000 0.788462 0.803922
23 0.505376 0.500000 0.817204 0.813953
3 0.500000 0.507042 0.823529 0.816901
40 0.507143 0.506944 0.814286 0.819444
21 0.500000 0.507042 0.840000 0.816901
36 0.509434 0.500000 0.792453 0.807692
1 0.508772 0.500000 0.807018 0.821429
16 0.509091 0.500000 0.800000 0.821429
20 0.500000 0.500000 0.843750 0.824561
17 0.500000 0.510417 0.744681 0.770833
26 0.509091 0.510204 0.800000 0.775510
38 0.510870 0.500000 0.760870 0.772727
13 0.500000 0.492958 0.810811 0.816901
11 0.500000 0.500000 0.831579 0.835294
2 0.500000 0.500000 0.843750 0.836066
34 0.500000 0.508197 0.769231 0.819672
18 0.500000 0.500000 0.815126 0.831776
22 0.500000 0.510204 0.764706 0.775510
6 0.508772 0.508333 0.807018 0.816667
10 0.509615 0.509615 0.788462 0.788462
31 0.500000 0.500000 0.824561 0.814815
33 0.509434 0.500000 0.792453 0.807692
14 0.500000 0.504000 0.839286 0.832000
28 0.505155 0.505952 0.824742 0.821429
15 0.508333 0.508621 0.816667 0.810345
12 0.505882 0.500000 0.823529 0.830986
30 0.500000 0.509091 0.827586 0.800000
