13 0.500000 0.500000 0.835052 0.808511
35 0.500000 0.500000 0.769231 0.800000
25 0.500000 0.500000 0.833333 0.843750
2 0.500000 0.506098 0.827160 0.817073
5 0.508929 0.508929 0.803571 0.803571
9 0.500000 0.500000 0.767442 0.767442
33 0.500000 0.500000 0.692308 0.772727
12 0.509615 0.509091 0.788462 0.800000
14 0.500000 0.500000 0.836066 0.836066
4 0.512821 0.500000 0.717949 0.729730
15 0.510870 0.509091 0.760870 0.800000
18 0.507353 0.500000 0.808824 0.820896
28 0.500000 0.511364 0.800000 0.750000
26 0.503759 0.504202 0.827068 0.823529
31 0.500000 0.508772 0.836066 0.807018
38 0.500000 0.509615 0.791667 0.788462
3 0.500000 0.500000 0.684211 0.722222
11 0.488372 0.500000 0.744186 0.761905
