3 0.487805 0.500000 0.731707 0.714286
15 0.511364 0.500000 0.750000 0.755102
10 0.510000 0.500000 0.780000 0.795918
1 0.500000 0.508621 0.818182 0.810345
5 0.511905 0.500000 0.738095 0.756098
13 0.500000 0.500000 0.818182 0.803922
38 0.486842 0.500000 0.710526 0.736842
26 0.511628 0.511905 0.744186 0.738095
33 0.491379 0.508772 0.810345 0.807018
25 0.500000 0.511905 0.733333 0.738095
16 0.491667 0.508333 0.816667 0.816667
11 0.508197 0.500000 0.819672 0.800000
30 0.500000 0.512821 0.761905 0.717949
17 0.500000 0.513158 0.677419 0.710526
4 0.500000 0.500000 0.743590 0.707317
23 0.500000 0.509259 0.824561 0.796296
6 0.500000 0.512500 0.743590 0.725000
34 0.500000 0.500000 0.777778 0.777778
12 0.512821 0.487179 0.717949 0.717949
