9 0.500000 0.500000 0.625000 0.636364
15 0.500000 0.500000 0.729730 0.720930
7 0.483333 0.483333 0.633333 0.633333
22 0.500000 0.514706 0.714286 0.676471
38 0.500000 0.480769 0.555556 0.576923
35 0.485294 0.500000 0.676471 0.666667
13 0.512500 0.500000 0.725000 0.714286
33 0.500000 0.500000 0.675676 0.657143
14 0.488636 0.500000 0.750000 0.767442
16 0.500000 0.517241 0.642857 0.620690
12 0.513889 0.500000 0.694444 0.705882
6 0.500000 0.500000 0.629630 0.600000
5 0.483871 0.500000 0.645161 0.625000
23 0.500000 0.482143 0.629630 0.607143
34 0.515625 0.500000 0.656250 0.677419
18 0.500000 0.500000 0.729730 0.736842
30 0.515152 0.500000 0.666667 0.687500
4 0.500000 0.515152 0.677419 0.666667
11 0.512500 0.500000 0.725000 0.736842
1 0.516667 0.515625 0.633333 0.656250
25 0.508621 0.500000 0.810345 0.807692
8 0.513889 0.500000 0.694444 0.714286
31 0.513158 0.514286 0.710526 0.685714
36 0.508929 0.509091 0.803571 0.800000
26 0.500000 0.500000 0.636364 0.600000
