12 0.480769 0.500000 0.576923 0.555556
35 0.500000 0.500000 0.600000 0.615385
33 0.500000 0.512821 0.736842 0.717949
7 0.516129 0.516129 0.645161 0.645161
9 0.516129 0.516129 0.645161 0.645161
15 0.500000 0.516667 0.629630 0.633333
14 0.512821 0.512500 0.717949 0.725000
4 0.500000 0.517857 0.615385 0.607143
6 0.500000 0.480769 0.555556 0.576923
17 0.500000 0.500000 0.615385 0.705882
11 0.500000 0.500000 0.743590 0.736842
25 0.500000 0.480769 0.629630 0.576923
10 0.514286 0.514286 0.685714 0.685714
38 0.519231 0.500000 0.576923 0.571429
5 0.500000 0.500000 0.642857 0.642857
18 0.500000 0.500000 0.714286 0.714286
30 0.500000 0.517241 0.687500 0.620690
1 0.500000 0.500000 0.761905 0.761905
16 0.500000 0.500000 0.764706 0.795918
28 0.512500 0.500000 0.725000 0.767442
3 0.517241 0.517241 0.620690 0.620690
26 0.517857 0.500000 0.607143 0.615385
13 0.512195 0.500000 0.731707 0.722222
31 0.480769 0.500000 0.576923 0.600000
