5 0.500000 0.500000 0.800000 0.800000
9 0.500000 0.500000 0.807692 0.814815
31 0.508621 0.509434 0.810345 0.792453
16 0.500000 0.511905 0.756098 0.738095
8 0.500000 0.500000 0.807692 0.807692
28 0.510000 0.510870 0.780000 0.760870
17 0.500000 0.516129 0.677419 0.645161
36 0.500000 0.500000 0.833333 0.838710
35 0.500000 0.510870 0.777778 0.760870
12 0.508621 0.500000 0.810345 0.824561
22 0.500000 0.509804 0.785714 0.784314
25 0.500000 0.500000 0.822785 0.837838
11 0.500000 0.507692 0.828571 0.830769
2 0.500000 0.500000 0.825000 0.837838
7 0.512500 0.512195 0.725000 0.731707
6 0.500000 0.500000 0.722222 0.736842
34 0.513889 0.500000 0.694444 0.722222
13 0.507246 0.500000 0.811594 0.830508
33 0.487805 0.512500 0.731707 0.725000
4 0.510204 0.500000 0.775510 0.791667
30 0.500000 0.500000 0.800000 0.800000
23 0.500000 0.511905 0.756098 0.738095
