26 0.500000 0.500000 0.722222 0.696970
11 0.500000 0.510638 0.787234 0.765957
10 0.514706 0.514706 0.676471 0.676471
3 0.486111 0.500000 0.694444 0.684211
17 0.500000 0.500000 0.642857 0.666667
25 0.514286 0.500000 0.685714 0.657143
18 0.500000 0.483871 0.657143 0.645161
38 0.511111 0.500000 0.755556 0.807692
28 0.512500 0.511905 0.725000 0.738095
9 0.510870 0.500000 0.760870 0.777778
12 0.500000 0.515625 0.677419 0.656250
15 0.500000 0.516129 0.666667 0.645161
33 0.512500 0.511628 0.725000 0.744186
31 0.513158 0.500000 0.710526 0.722222
5 0.513514 0.500000 0.702703 0.722222
7 0.500000 0.512821 0.736842 0.717949
2 0.515625 0.514706 0.656250 0.676471
14 0.500000 0.508621 0.824561 0.810345
4 0.483871 0.485294 0.645161 0.676471
23 0.500000 0.511111 0.782609 0.755556
