1 0.500000 0.488889 0.739130 0.755556
23 0.500000 0.509804 0.803922 0.784314
3 0.500000 0.500000 0.743590 0.750000
5 0.511905 0.500000 0.738095 0.756098
11 0.508475 0.500000 0.813559 0.818182
13 0.500000 0.510417 0.807692 0.770833
28 0.500000 0.510204 0.787234 0.775510
35 0.500000 0.500000 0.803922 0.807692
14 0.508065 0.500000 0.822581 0.836066
12 0.513158 0.500000 0.710526 0.722222
25 0.500000 0.500000 0.756098 0.756098
17 0.515625 0.515625 0.656250 0.656250
8 0.513889 0.500000 0.694444 0.743590
2 0.500000 0.500000 0.743590 0.761905
26 0.512500 0.513514 0.725000 0.702703
4 0.513514 0.500000 0.702703 0.743590
