31 0.509615 0.500000 0.788462 0.787234
25 0.509434 0.510000 0.792453 0.780000
38 0.512821 0.500000 0.717949 0.750000
15 0.500000 0.500000 0.729730 0.761905
3 0.500000 0.514706 0.657143 0.676471
1 0.500000 0.500000 0.722222 0.684211
33 0.485294 0.487179 0.676471 0.717949
11 0.485714 0.500000 0.685714 0.705882
28 0.512821 0.500000 0.717949 0.722222
2 0.492188 0.500000 0.828125 0.800000
14 0.510870 0.500000 0.760870 0.777778
17 0.513514 0.500000 0.702703 0.756098
8 0.500000 0.500000 0.729730 0.714286
26 0.500000 0.495000 0.823009 0.830000
5 0.500000 0.488095 0.756098 0.738095
9 0.500000 0.500000 0.767442 0.767442
12 0.500000 0.511364 0.756098 0.750000
23 0.508929 0.500000 0.803571 0.800000
