15 0.500000 0.513514 0.722222 0.702703
13 0.500000 0.500000 0.804878 0.805556
31 0.500000 0.492063 0.826087 0.825397
3 0.500000 0.500000 0.772727 0.767442
10 0.500000 0.500000 0.838710 0.838710
5 0.500000 0.500000 0.811321 0.811321
25 0.504630 0.505000 0.824074 0.830000
17 0.500000 0.500000 0.830508 0.838710
38 0.510638 0.510638 0.765957 0.765957
1 0.510417 0.510204 0.770833 0.775510
12 0.506944 0.500000 0.819444 0.826087
14 0.500000 0.495000 0.816327 0.830000
7 0.510204 0.509615 0.775510 0.788462
18 0.505882 0.500000 0.823529 0.833333
11 0.510204 0.500000 0.775510 0.772727
