1 0.508475 0.500000 0.813559 0.827586
26 0.490196 0.500000 0.784314 0.777778
25 0.500000 0.500000 0.818182 0.814815
2 0.500000 0.500000 0.824561 0.827586
9 0.508772 0.500000 0.807018 0.821429
12 0.500000 0.511111 0.777778 0.755556
18 0.500000 0.510870 0.760000 0.760870
31 0.507937 0.500000 0.825397 0.827586
17 0.500000 0.500000 0.756098 0.767442
38 0.508929 0.507143 0.803571 0.814286
13 0.500000 0.500000 0.840000 0.830986
33 0.500000 0.500000 0.791667 0.807692
7 0.506944 0.506944 0.819444 0.819444
5 0.500000 0.508772 0.821429 0.807018
23 0.508065 0.508197 0.822581 0.819672
35 0.500000 0.500000 0.837838 0.837838
11 0.494186 0.500000 0.825581 0.802469
14 0.500000 0.500000 0.822785 0.842105
8 0.500000 0.500000 0.777778 0.777778
3 0.500000 0.510204 0.787234 0.775510
28 0.500000 0.500000 0.843750 0.843750
4 0.489130 0.500000 0.760870 0.764706
10 0.500000 0.511111 0.772727 0.755556
