10 0.500000 0.500000 0.729730 0.729730
8 0.512821 0.500000 0.717949 0.736842
3 0.500000 0.500000 0.736842 0.743590
22 0.500000 0.500000 0.729730 0.729730
15 0.513889 0.513889 0.694444 0.694444
20 0.500000 0.500000 0.727273 0.700000
26 0.500000 0.513514 0.736842 0.702703
21 0.511905 0.500000 0.738095 0.736842
1 0.500000 0.500000 0.729730 0.729730
36 0.500000 0.513514 0.714286 0.702703
12 0.510000 0.512195 0.780000 0.731707
11 0.507246 0.508065 0.811594 0.822581
30 0.500000 0.500000 0.767442 0.750000
7 0.500000 0.487179 0.743590 0.717949
23 0.500000 0.510000 0.814815 0.780000
2 0.512821 0.500000 0.717949 0.729730
5 0.500000 0.500000 0.692308 0.729730
33 0.513889 0.500000 0.694444 0.714286
16 0.512821 0.500000 0.717949 0.736842
13 0.500000 0.500000 0.811321 0.807692
4 0.500000 0.500000 0.675676 0.722222
28 0.500000 0.509091 0.841270 0.800000
9 0.500000 0.509804 0.800000 0.784314
6 0.512821 0.500000 0.717949 0.750000
31 0.512821 0.514286 0.717949 0.685714
40 0.488889 0.510417 0.755556 0.770833
17 0.500000 0.513889 0.714286 0.694444
35 0.509434 0.509434 0.792453 0.792453
