12 0.500000 0.490909 0.818182 0.800000
7 0.504425 0.504425 0.831858 0.831858
28 0.505376 0.505618 0.817204 0.831461
10 0.509259 0.500000 0.796296 0.811321
23 0.500000 0.500000 0.833333 0.826087
9 0.500000 0.507246 0.820896 0.811594
5 0.500000 0.505747 0.837209 0.827586
13 0.500000 0.504505 0.833333 0.828829
35 0.504762 0.500000 0.819048 0.828571
1 0.493902 0.500000 0.817073 0.827160
14 0.500000 0.494792 0.835052 0.822917
17 0.508621 0.507937 0.810345 0.825397
2 0.505102 0.500000 0.826531 0.833333
26 0.500000 0.509259 0.833333 0.796296
8 0.500000 0.508772 0.821429 0.807018
