33 0.513158 0.500000 0.710526 0.743590
14 0.500000 0.500000 0.824561 0.824561
26 0.485714 0.500000 0.685714 0.687500
17 0.500000 0.516129 0.655172 0.645161
13 0.500000 0.500000 0.756098 0.736842
4 0.483871 0.500000 0.645161 0.657143
18 0.500000 0.516129 0.696970 0.645161
25 0.485294 0.500000 0.676471 0.657143
10 0.500000 0.500000 0.696970 0.696970
11 0.488889 0.511364 0.755556 0.750000
35 0.511364 0.500000 0.750000 0.767442
9 0.510870 0.500000 0.760870 0.777778
31 0.513514 0.513889 0.702703 0.694444
8 0.514706 0.515152 0.676471 0.666667
7 0.513158 0.513158 0.710526 0.710526
28 0.512821 0.500000 0.717949 0.743590
38 0.511364 0.509804 0.750000 0.784314
23 0.510870 0.500000 0.760870 0.767442
5 0.500000 0.513889 0.714286 0.694444
