5 0.500000 0.500000 0.772727 0.782609
26 0.500000 0.508621 0.841270 0.810345
30 0.500000 0.510638 0.782609 0.765957
14 0.500000 0.500000 0.807692 0.807692
33 0.500000 0.500000 0.795918 0.795918
20 0.500000 0.500000 0.714286 0.736842
15 0.509804 0.500000 0.784314 0.827586
11 0.500000 0.508772 0.809524 0.807018
10 0.510870 0.510870 0.760870 0.760870
7 0.510638 0.510638 0.765957 0.765957
2 0.500000 0.513889 0.707317 0.694444
9 0.510417 0.500000 0.770833 0.791667
3 0.500000 0.500000 0.756098 0.761905
35 0.500000 0.500000 0.736842 0.736842
6 0.500000 0.500000 0.750000 0.750000
13 0.500000 0.500000 0.772727 0.795918
12 0.508772 0.508621 0.807018 0.810345
25 0.505882 0.500000 0.823529 0.808511
36 0.511628 0.511628 0.744186 0.744186
31 0.511628 0.511364 0.744186 0.750000
18 0.500000 0.500000 0.772727 0.756098
38 0.509804 0.500000 0.784314 0.811321
16 0.513889 0.513889 0.694444 0.694444
17 0.500000 0.516667 0.642857 0.633333
1 0.500000 0.500000 0.761905 0.761905
23 0.500000 0.500000 0.840000 0.823529
34 0.508621 0.508621 0.810345 0.810345
28 0.510417 0.510870 0.770833 0.760870
40 0.500000 0.509804 0.760000 0.784314
