4 0.508772 0.508475 0.807018 0.813559
26 0.504673 0.505155 0.822430 0.824742
23 0.504545 0.500000 0.827273 0.816327
16 0.510870 0.500000 0.760870 0.782609
2 0.490741 0.500000 0.796296 0.800000
17 0.500000 0.500000 0.642857 0.666667
13 0.508065 0.506579 0.822581 0.828947
5 0.500000 0.500000 0.820896 0.828571
40 0.508929 0.508475 0.803571 0.813559
14 0.500000 0.500000 0.827160 0.804878
8 0.508333 0.500000 0.816667 0.830508
10 0.507042 0.500000 0.816901 0.828571
3 0.508197 0.507937 0.819672 0.825397
22 0.508065 0.508197 0.822581 0.819672
7 0.500000 0.500000 0.830508 0.833333
30 0.500000 0.505952 0.829268 0.821429
25 0.504167 0.500000 0.825000 0.835821
35 0.500000 0.510638 0.782609 0.765957
11 0.500000 0.500000 0.826087 0.829268
31 0.509804 0.509615 0.784314 0.788462
18 0.500000 0.500000 0.825000 0.830986
36 0.500000 0.492063 0.838710 0.825397
9 0.506250 0.506173 0.812500 0.814815
28 0.500000 0.500000 0.814815 0.800000
1 0.492188 0.492063 0.828125 0.825397
6 0.509091 0.500000 0.800000 0.814815
