25 0.503846 0.504202 0.823077 0.823529
6 0.500000 0.506944 0.823529 0.819444
18 0.500000 0.504464 0.837838 0.830357
8 0.500000 0.503497 0.828571 0.825175
1 0.505435 0.500000 0.815217 0.827957
11 0.496154 0.495370 0.823077 0.824074
9 0.500000 0.500000 0.826087 0.827586
26 0.500000 0.506757 0.837838 0.824324
3 0.505435 0.505102 0.815217 0.826531
13 0.500000 0.500000 0.813953 0.810811
33 0.504237 0.504505 0.822034 0.828829
12 0.500000 0.500000 0.837209 0.829787
38 0.492308 0.500000 0.830769 0.818182
10 0.500000 0.504202 0.836364 0.823529
31 0.504630 0.500000 0.824074 0.823529
30 0.507246 0.500000 0.811594 0.827586
17 0.500000 0.500000 0.696970 0.750000
5 0.500000 0.500000 0.840000 0.837838
35 0.503788 0.503759 0.825758 0.827068
4 0.504425 0.503876 0.831858 0.821705
34 0.500000 0.507042 0.837838 0.816901
7 0.500000 0.506757 0.831325 0.824324
