10 0.500000 0.500000 0.677419 0.677419
2 0.500000 0.514706 0.696970 0.676471
7 0.517241 0.500000 0.620690 0.571429
17 0.500000 0.513158 0.714286 0.710526
4 0.500000 0.514286 0.705882 0.685714
33 0.500000 0.500000 0.612903 0.666667
25 0.500000 0.511628 0.772727 0.744186
31 0.511905 0.511905 0.738095 0.738095
15 0.517241 0.517241 0.620690 0.620690
26 0.516129 0.500000 0.645161 0.642857
12 0.500000 0.500000 0.655172 0.666667
38 0.500000 0.500000 0.666667 0.666667
14 0.500000 0.488095 0.729730 0.738095
3 0.500000 0.500000 0.696970 0.705882
1 0.500000 0.500000 0.666667 0.666667
35 0.517857 0.517241 0.607143 0.620690
5 0.515625 0.515625 0.656250 0.656250
9 0.517857 0.500000 0.607143 0.642857
18 0.512500 0.512500 0.725000 0.725000
