15 0.500000 0.500000 0.666667 0.707317
1 0.500000 0.500000 0.684211 0.684211
25 0.500000 0.500000 0.744681 0.761905
9 0.500000 0.511628 0.756098 0.744186
10 0.512821 0.512821 0.717949 0.717949
18 0.510870 0.510870 0.760870 0.760870
2 0.515625 0.515625 0.656250 0.656250
26 0.500000 0.500000 0.802817 0.809524
8 0.500000 0.511628 0.750000 0.744186
12 0.512195 0.500000 0.731707 0.750000
33 0.500000 0.512500 0.736842 0.725000
23 0.506024 0.506667 0.819277 0.826667
17 0.500000 0.514706 0.666667 0.676471
28 0.500000 0.500000 0.750000 0.739130
13 0.500000 0.500000 0.800000 0.781818
3 0.514706 0.514706 0.676471 0.676471
5 0.513158 0.513158 0.710526 0.710526
7 0.500000 0.510638 0.782609 0.765957
11 0.488095 0.500000 0.738095 0.714286
14 0.508475 0.507143 0.813559 0.814286
31 0.509804 0.500000 0.784314 0.787234
30 0.513158 0.514286 0.710526 0.685714
4 0.500000 0.513889 0.705882 0.694444
