12 0.510204 0.500000 0.775510 0.791667
33 0.500000 0.490000 0.722222 0.780000
2 0.500000 0.500000 0.714286 0.714286
10 0.500000 0.500000 0.782609 0.782609
35 0.500000 0.487500 0.700000 0.725000
38 0.510638 0.500000 0.765957 0.782609
13 0.509804 0.510417 0.784314 0.770833
14 0.507042 0.500000 0.816901 0.830986
15 0.500000 0.504065 0.826923 0.829268
31 0.500000 0.509804 0.814815 0.784314
9 0.513158 0.513514 0.710526 0.702703
4 0.510000 0.500000 0.780000 0.807692
8 0.511905 0.512195 0.738095 0.731707
1 0.500000 0.507812 0.838710 0.828125
3 0.500000 0.500000 0.787234 0.787234
