10 0.509804 0.509804 0.784314 0.784314
36 0.510417 0.500000 0.770833 0.795918
11 0.500000 0.500000 0.826087 0.806452
28 0.509804 0.510638 0.784314 0.765957
3 0.510870 0.510638 0.760870 0.765957
2 0.488636 0.500000 0.750000 0.707317
8 0.510870 0.500000 0.760870 0.777778
15 0.509091 0.500000 0.800000 0.833333
26 0.500000 0.507143 0.835616 0.814286
14 0.500000 0.500000 0.827586 0.827586
38 0.491071 0.500000 0.803571 0.800000
1 0.510417 0.489130 0.770833 0.760870
35 0.500000 0.500000 0.756098 0.756098
6 0.500000 0.500000 0.767442 0.767442
34 0.500000 0.507692 0.843750 0.830769
40 0.490196 0.490566 0.784314 0.792453
13 0.500000 0.507937 0.814815 0.825397
25 0.500000 0.500000 0.827957 0.840000
30 0.500000 0.508929 0.785714 0.803571
5 0.509434 0.509259 0.792453 0.796296
33 0.500000 0.508772 0.821429 0.807018
20 0.510638 0.511111 0.765957 0.755556
23 0.505814 0.500000 0.825581 0.840000
22 0.509434 0.500000 0.792453 0.791667
31 0.511364 0.500000 0.750000 0.772727
17 0.517241 0.500000 0.620690 0.655172
4 0.500000 0.500000 0.761905 0.767442
9 0.508929 0.500000 0.803571 0.818182
12 0.500000 0.500000 0.809524 0.797101
