38 0.500000 0.500000 0.642857 0.600000
3 0.500000 0.513889 0.705882 0.694444
18 0.514286 0.513889 0.685714 0.694444
4 0.514286 0.500000 0.685714 0.705882
30 0.513514 0.512195 0.702703 0.731707
34 0.500000 0.515152 0.705882 0.666667
11 0.500000 0.500000 0.782609 0.772727
6 0.482759 0.483871 0.620690 0.645161
8 0.500000 0.512195 0.750000 0.731707
26 0.500000 0.500000 0.687500 0.655172
13 0.510417 0.511364 0.770833 0.750000
1 0.514286 0.500000 0.685714 0.722222
25 0.500000 0.500000 0.833333 0.824561
10 0.500000 0.500000 0.722222 0.722222
7 0.515625 0.515625 0.656250 0.656250
12 0.487500 0.500000 0.725000 0.743590
35 0.500000 0.500000 0.722222 0.729730
33 0.486842 0.500000 0.710526 0.684211
17 0.500000 0.517857 0.655172 0.607143
28 0.514286 0.500000 0.685714 0.687500
31 0.500000 0.512821 0.761905 0.717949
22 0.512500 0.512500 0.725000 0.725000
16 0.500000 0.500000 0.696970 0.696970
