35 0.517241 0.516129 0.620690 0.645161
2 0.500000 0.509615 0.800000 0.788462
33 0.518519 0.516667 0.592593 0.633333
10 0.500000 0.482143 0.586207 0.607143
9 0.500000 0.500000 0.767442 0.767442
38 0.500000 0.516129 0.655172 0.645161
18 0.500000 0.511905 0.756098 0.738095
12 0.500000 0.500000 0.714286 0.729730
11 0.482143 0.500000 0.607143 0.629630
5 0.500000 0.500000 0.666667 0.666667
17 0.500000 0.516129 0.615385 0.645161
4 0.500000 0.482759 0.600000 0.620690
26 0.494624 0.500000 0.817204 0.807229
3 0.482759 0.500000 0.620690 0.600000
15 0.500000 0.500000 0.600000 0.657143
28 0.516667 0.500000 0.633333 0.642857
31 0.512195 0.512821 0.731707 0.717949
1 0.518519 0.500000 0.592593 0.571429
23 0.512195 0.513514 0.731707 0.702703
8 0.500000 0.500000 0.666667 0.642857
