10 0.513514 0.500000 0.702703 0.722222
4 0.513889 0.500000 0.694444 0.736842
26 0.500000 0.513514 0.700000 0.702703
35 0.509804 0.509804 0.784314 0.784314
23 0.509804 0.500000 0.784314 0.795918
5 0.512195 0.500000 0.731707 0.750000
28 0.500000 0.500000 0.777778 0.787234
11 0.491228 0.490741 0.807018 0.796296
17 0.500000 0.515152 0.687500 0.666667
7 0.500000 0.500000 0.772727 0.772727
12 0.500000 0.500000 0.714286 0.666667
18 0.513158 0.500000 0.710526 0.705882
8 0.513889 0.513158 0.694444 0.710526
25 0.500000 0.500000 0.743590 0.736842
13 0.500000 0.500000 0.800000 0.777778
2 0.500000 0.500000 0.729730 0.743590
33 0.500000 0.500000 0.756098 0.767442
15 0.514286 0.485294 0.685714 0.676471
14 0.500000 0.508197 0.833333 0.819672
38 0.500000 0.508621 0.791667 0.810345
1 0.488636 0.500000 0.750000 0.767442
