13 0.500000 0.500000 0.839080 0.822785
23 0.500000 0.500000 0.803922 0.795918
18 0.487500 0.500000 0.725000 0.750000
12 0.500000 0.500000 0.826087 0.829787
25 0.500000 0.494845 0.809524 0.824742
26 0.507937 0.500000 0.825397 0.827586
38 0.511905 0.500000 0.738095 0.756098
9 0.493976 0.494118 0.819277 0.823529
4 0.506849 0.500000 0.821918 0.828571
36 0.507042 0.500000 0.816901 0.830986
33 0.511628 0.512500 0.744186 0.725000
3 0.508475 0.508475 0.813559 0.813559
22 0.500000 0.506667 0.825000 0.826667
28 0.506579 0.506944 0.828947 0.819444
16 0.509804 0.500000 0.784314 0.807692
1 0.500000 0.507246 0.823529 0.811594
15 0.510638 0.500000 0.765957 0.803922
11 0.504098 0.500000 0.827869 0.837838
31 0.505952 0.506667 0.821429 0.826667
8 0.507246 0.500000 0.811594 0.823529
6 0.500000 0.489362 0.739130 0.765957
7 0.500000 0.500000 0.795918 0.800000
10 0.510204 0.500000 0.775510 0.791667
