10 0.500000 0.500000 0.705882 0.705882
12 0.514286 0.500000 0.685714 0.705882
13 0.500000 0.500000 0.722222 0.705882
9 0.515625 0.500000 0.656250 0.677419
26 0.500000 0.482143 0.612903 0.607143
25 0.500000 0.500000 0.696970 0.666667
1 0.511628 0.500000 0.744186 0.772727
18 0.510417 0.500000 0.770833 0.777778
31 0.512500 0.513514 0.725000 0.702703
3 0.514286 0.500000 0.685714 0.705882
5 0.500000 0.516667 0.655172 0.633333
15 0.500000 0.504630 0.827957 0.824074
35 0.500000 0.500000 0.625000 0.666667
14 0.510870 0.500000 0.760870 0.782609
33 0.516129 0.500000 0.645161 0.714286
7 0.500000 0.516129 0.655172 0.645161
11 0.500000 0.500000 0.791667 0.772727
17 0.515152 0.500000 0.666667 0.705882
38 0.500000 0.500000 0.666667 0.666667
