35 0.500000 0.500000 0.807692 0.807692
14 0.500000 0.509091 0.814815 0.800000
38 0.513158 0.513158 0.710526 0.710526
23 0.500000 0.510417 0.755102 0.770833
3 0.509259 0.500000 0.796296 0.811321
28 0.507812 0.500000 0.828125 0.830508
1 0.508333 0.508333 0.816667 0.816667
11 0.495000 0.505319 0.830000 0.819149
6 0.511905 0.500000 0.738095 0.767442
36 0.507353 0.500000 0.808824 0.823529
9 0.506944 0.500000 0.819444 0.833333
10 0.500000 0.510638 0.782609 0.765957
13 0.500000 0.500000 0.842105 0.828571
17 0.514706 0.516129 0.676471 0.645161
30 0.500000 0.508197 0.841270 0.819672
12 0.500000 0.500000 0.840000 0.840000
5 0.500000 0.507692 0.843750 0.830769
8 0.500000 0.508197 0.833333 0.819672
15 0.500000 0.510000 0.739130 0.780000
