3 0.500000 0.485714 0.696970 0.685714
7 0.515625 0.515625 0.656250 0.656250
1 0.514706 0.514706 0.676471 0.676471
2 0.500000 0.500000 0.629630 0.655172
15 0.500000 0.500000 0.571429 0.586207
25 0.483333 0.516129 0.633333 0.645161
18 0.500000 0.500000 0.666667 0.615385
12 0.517857 0.482143 0.607143 0.607143
33 0.500000 0.513514 0.705882 0.702703
11 0.512821 0.513158 0.717949 0.710526
14 0.508621 0.508621 0.810345 0.810345
10 0.516667 0.483333 0.633333 0.633333
13 0.500000 0.500000 0.714286 0.696970
26 0.500000 0.500000 0.636364 0.600000
31 0.500000 0.500000 0.636364 0.666667
8 0.500000 0.500000 0.612903 0.600000
35 0.512821 0.500000 0.717949 0.743590
9 0.500000 0.511111 0.772727 0.755556
4 0.500000 0.500000 0.655172 0.687500
17 0.500000 0.517241 0.615385 0.620690
5 0.500000 0.516129 0.666667 0.645161
