7 0.510870 0.500000 0.760870 0.772727
8 0.500000 0.500000 0.782609 0.782609
4 0.510417 0.510204 0.770833 0.775510
31 0.489130 0.500000 0.760870 0.727273
11 0.505952 0.506667 0.821429 0.826667
21 0.509434 0.510000 0.792453 0.780000
12 0.500000 0.500000 0.841270 0.781818
6 0.510417 0.510204 0.770833 0.775510
26 0.500000 0.511905 0.777778 0.738095
14 0.505435 0.504950 0.815217 0.831683
9 0.508197 0.500000 0.819672 0.833333
22 0.511364 0.500000 0.750000 0.761905
25 0.507812 0.500000 0.828125 0.833333
2 0.509804 0.510000 0.784314 0.780000
40 0.500000 0.508475 0.821429 0.813559
35 0.508197 0.508197 0.819672 0.819672
18 0.495327 0.500000 0.822430 0.812500
5 0.511364 0.511364 0.750000 0.750000
1 0.510638 0.500000 0.765957 0.787234
23 0.507042 0.507692 0.816901 0.830769
3 0.500000 0.509259 0.800000 0.796296
20 0.509259 0.510417 0.796296 0.770833
17 0.500000 0.500000 0.756098 0.720930
10 0.511364 0.511364 0.750000 0.750000
16 0.500000 0.510638 0.791667 0.765957
15 0.500000 0.500000 0.777778 0.772727
33 0.511905 0.500000 0.738095 0.720930
36 0.511628 0.500000 0.744186 0.767442
