3 0.500000 0.511628 0.772727 0.744186
31 0.500000 0.500000 0.830986 0.843750
2 0.500000 0.508772 0.811321 0.807018
18 0.505376 0.500000 0.817204 0.826087
35 0.500000 0.500000 0.782609 0.787234
1 0.500000 0.509615 0.800000 0.788462
11 0.500000 0.500000 0.803922 0.787234
5 0.500000 0.500000 0.818182 0.818182
17 0.508065 0.508065 0.822581 0.822581
8 0.508065 0.500000 0.822581 0.836066
7 0.509615 0.508929 0.788462 0.803571
13 0.505952 0.506849 0.821429 0.821918
10 0.507042 0.506944 0.816901 0.819444
38 0.510417 0.510417 0.770833 0.770833
12 0.506667 0.500000 0.826667 0.837838
