34 0.500000 0.507353 0.833333 0.808824
18 0.504630 0.500000 0.824074 0.831776
14 0.502825 0.500000 0.824859 0.830508
33 0.500000 0.500000 0.830189 0.826923
28 0.503401 0.496479 0.829932 0.823944
9 0.504673 0.504673 0.822430 0.822430
1 0.500000 0.500000 0.833333 0.837209
30 0.508197 0.509091 0.819672 0.800000
6 0.508197 0.500000 0.819672 0.841270
35 0.504587 0.504545 0.825688 0.827273
12 0.500000 0.493506 0.815789 0.831169
2 0.509804 0.500000 0.784314 0.811321
10 0.500000 0.504673 0.838384 0.822430
17 0.515625 0.500000 0.656250 0.736842
5 0.507246 0.500000 0.811594 0.823529
31 0.500000 0.500000 0.826087 0.839080
8 0.504202 0.500000 0.823529 0.836066
26 0.507042 0.507143 0.816901 0.814286
13 0.500000 0.507042 0.804878 0.816901
16 0.500000 0.505208 0.814433 0.822917
25 0.504167 0.504587 0.825000 0.825688
7 0.500000 0.507246 0.842105 0.811594
15 0.506667 0.506494 0.826667 0.831169
3 0.500000 0.500000 0.829268 0.839080
38 0.508065 0.491803 0.822581 0.819672
