12 0.500000 0.511628 0.767442 0.744186
13 0.500000 0.500000 0.827586 0.811321
26 0.488095 0.500000 0.738095 0.675676
1 0.511628 0.511628 0.744186 0.744186
11 0.500000 0.500000 0.743590 0.722222
4 0.485714 0.486486 0.685714 0.702703
17 0.500000 0.511111 0.767442 0.755556
8 0.500000 0.512821 0.743590 0.717949
15 0.512195 0.512195 0.731707 0.731707
9 0.514286 0.512500 0.685714 0.725000
2 0.513158 0.487179 0.710526 0.717949
28 0.500000 0.511111 0.787234 0.755556
10 0.513158 0.513158 0.710526 0.710526
3 0.510417 0.510417 0.770833 0.770833
7 0.500000 0.500000 0.729730 0.729730
14 0.500000 0.500000 0.736842 0.700000
35 0.500000 0.510638 0.777778 0.765957
38 0.512500 0.512500 0.725000 0.725000
