23 0.500000 0.511111 0.800000 0.755556
2 0.500000 0.480769 0.571429 0.576923
5 0.500000 0.500000 0.677419 0.687500
20 0.500000 0.500000 0.642857 0.600000
9 0.516129 0.515152 0.645161 0.666667
33 0.517241 0.517241 0.620690 0.620690
12 0.514286 0.513514 0.685714 0.702703
31 0.500000 0.515625 0.677419 0.656250
13 0.513158 0.500000 0.710526 0.750000
15 0.500000 0.510638 0.736842 0.765957
16 0.519231 0.518519 0.576923 0.592593
14 0.511628 0.511628 0.744186 0.744186
6 0.500000 0.517241 0.615385 0.620690
1 0.500000 0.500000 0.629630 0.642857
25 0.507812 0.500000 0.828125 0.827586
7 0.500000 0.500000 0.687500 0.687500
34 0.500000 0.500000 0.642857 0.629630
26 0.500000 0.500000 0.743590 0.729730
28 0.513514 0.500000 0.702703 0.705882
35 0.500000 0.516667 0.642857 0.633333
17 0.500000 0.517857 0.615385 0.607143
10 0.516129 0.500000 0.645161 0.666667
11 0.500000 0.512821 0.750000 0.717949
22 0.500000 0.514706 0.705882 0.676471
38 0.485294 0.500000 0.735294 0.736842
30 0.500000 0.500000 0.655172 0.655172
18 0.517241 0.517857 0.620690 0.607143
