28 0.500000 0.512195 0.761905 0.731707
26 0.509434 0.500000 0.792453 0.787234
36 0.513158 0.500000 0.710526 0.729730
5 0.512195 0.500000 0.731707 0.756098
9 0.487500 0.500000 0.725000 0.750000
14 0.500000 0.500000 0.782609 0.782609
13 0.500000 0.500000 0.761905 0.787234
23 0.507937 0.508772 0.825397 0.807018
3 0.500000 0.500000 0.722222 0.722222
33 0.500000 0.511905 0.756098 0.738095
4 0.500000 0.500000 0.705882 0.714286
40 0.500000 0.500000 0.777778 0.787234
18 0.500000 0.500000 0.736842 0.714286
12 0.500000 0.500000 0.787234 0.791667
8 0.512500 0.500000 0.725000 0.743590
30 0.500000 0.500000 0.729730 0.692308
1 0.513514 0.500000 0.702703 0.722222
6 0.500000 0.513514 0.722222 0.702703
31 0.500000 0.500000 0.736842 0.736842
2 0.514286 0.515625 0.685714 0.656250
22 0.500000 0.500000 0.756098 0.750000
