3 0.500000 0.500000 0.714286 0.714286
14 0.510638 0.500000 0.765957 0.787234
8 0.500000 0.512821 0.687500 0.717949
7 0.516667 0.500000 0.633333 0.677419
35 0.484375 0.515152 0.656250 0.666667
26 0.500000 0.482759 0.666667 0.620690
4 0.512195 0.500000 0.731707 0.761905
31 0.512500 0.500000 0.725000 0.729730
25 0.514706 0.516129 0.676471 0.645161
13 0.513158 0.500000 0.710526 0.722222
17 0.500000 0.500000 0.696970 0.714286
12 0.500000 0.500000 0.705882 0.705882
10 0.514286 0.514286 0.685714 0.685714
38 0.500000 0.516129 0.666667 0.645161
5 0.516667 0.500000 0.633333 0.655172
11 0.500000 0.510870 0.795918 0.760870
