13 0.500000 0.510638 0.791667 0.765957
8 0.513889 0.514706 0.694444 0.676471
7 0.500000 0.500000 0.696970 0.696970
38 0.513889 0.500000 0.694444 0.714286
33 0.500000 0.512195 0.657143 0.731707
4 0.484375 0.500000 0.656250 0.647059
25 0.500000 0.513158 0.729730 0.710526
14 0.500000 0.515152 0.687500 0.666667
1 0.486842 0.500000 0.710526 0.692308
11 0.484848 0.500000 0.666667 0.666667
18 0.513889 0.500000 0.694444 0.677419
35 0.500000 0.512195 0.736842 0.731707
15 0.500000 0.500000 0.722222 0.692308
10 0.515152 0.500000 0.666667 0.687500
2 0.484848 0.500000 0.666667 0.696970
31 0.507937 0.491379 0.825397 0.810345
12 0.513158 0.500000 0.710526 0.729730
5 0.500000 0.500000 0.729730 0.729730
9 0.515152 0.514286 0.666667 0.685714
