34 0.512195 0.500000 0.731707 0.787234
7 0.488372 0.500000 0.744186 0.756098
5 0.500000 0.487805 0.750000 0.731707
10 0.512195 0.500000 0.731707 0.750000
38 0.513514 0.512821 0.702703 0.717949
16 0.500000 0.510870 0.772727 0.760870
9 0.500000 0.500000 0.821429 0.793103
40 0.509615 0.490741 0.788462 0.796296
21 0.500000 0.500000 0.791667 0.772727
3 0.511111 0.510870 0.755556 0.760870
1 0.511364 0.511364 0.750000 0.750000
25 0.500000 0.500000 0.836066 0.814815
20 0.510204 0.488636 0.775510 0.750000
18 0.500000 0.494382 0.840000 0.831461
33 0.500000 0.512500 0.743590 0.725000
11 0.506667 0.500000 0.826667 0.826087
6 0.511628 0.500000 0.744186 0.772727
28 0.500000 0.508065 0.830986 0.822581
14 0.505952 0.500000 0.821429 0.827957
17 0.487500 0.512500 0.725000 0.725000
15 0.511905 0.511905 0.738095 0.738095
2 0.510870 0.511111 0.760870 0.755556
4 0.488372 0.500000 0.744186 0.733333
26 0.511628 0.512500 0.744186 0.725000
12 0.500000 0.500000 0.824561 0.755102
