34 0.510000 0.510000 0.780000 0.780000
18 0.509259 0.509259 0.796296 0.796296
6 0.500000 0.500000 0.756098 0.761905
5 0.510638 0.510638 0.765957 0.765957
3 0.510638 0.500000 0.765957 0.787234
28 0.506250 0.506667 0.812500 0.826667
1 0.500000 0.500000 0.827586 0.836066
9 0.500000 0.500000 0.789474 0.821429
33 0.500000 0.508065 0.841270 0.822581
14 0.500000 0.505319 0.829787 0.819149
2 0.500000 0.512500 0.736842 0.725000
25 0.500000 0.500000 0.807692 0.800000
4 0.489130 0.500000 0.760870 0.787234
12 0.511628 0.511628 0.744186 0.744186
15 0.509804 0.500000 0.784314 0.807692
35 0.510204 0.510204 0.775510 0.775510
10 0.500000 0.508475 0.827586 0.813559
17 0.500000 0.512500 0.687500 0.725000
31 0.500000 0.510417 0.791667 0.770833
26 0.510638 0.510870 0.765957 0.760870
8 0.500000 0.508475 0.827586 0.813559
30 0.500000 0.500000 0.782609 0.756098
16 0.500000 0.500000 0.815385 0.841270
