6 0.510204 0.500000 0.775510 0.800000
3 0.500000 0.500000 0.823529 0.823529
22 0.505155 0.505618 0.824742 0.831461
35 0.507812 0.507692 0.828125 0.830769
2 0.500000 0.500000 0.838710 0.829060
5 0.505102 0.505102 0.826531 0.826531
4 0.500000 0.505682 0.824176 0.829545
12 0.504032 0.495935 0.830645 0.829268
18 0.509615 0.510000 0.788462 0.780000
30 0.506024 0.500000 0.819277 0.840000
13 0.505208 0.505952 0.822917 0.821429
25 0.504274 0.500000 0.820513 0.834862
28 0.505155 0.494318 0.824742 0.829545
15 0.500000 0.509259 0.791667 0.796296
31 0.504762 0.500000 0.819048 0.827957
8 0.500000 0.506667 0.837838 0.826667
36 0.500000 0.506494 0.840000 0.831169
16 0.508772 0.508475 0.807018 0.813559
14 0.500000 0.508333 0.830508 0.816667
38 0.511111 0.488889 0.755556 0.755556
1 0.505952 0.500000 0.821429 0.831325
34 0.500000 0.500000 0.729730 0.743590
10 0.509615 0.500000 0.788462 0.803922
9 0.500000 0.500000 0.828571 0.834862
33 0.511628 0.511905 0.744186 0.738095
11 0.496711 0.500000 0.822368 0.826087
