31 0.512500 0.513514 0.725000 0.702703
28 0.515152 0.516129 0.666667 0.645161
23 0.500000 0.500000 0.600000 0.600000
6 0.517241 0.516667 0.620690 0.633333
11 0.500000 0.500000 0.750000 0.700000
4 0.515152 0.515152 0.666667 0.666667
33 0.500000 0.500000 0.714286 0.696970
17 0.500000 0.518519 0.642857 0.592593
9 0.484375 0.515152 0.656250 0.666667
8 0.500000 0.500000 0.722222 0.722222
34 0.515152 0.515152 0.666667 0.666667
7 0.516129 0.500000 0.645161 0.666667
12 0.500000 0.514286 0.714286 0.685714
30 0.500000 0.500000 0.729730 0.729730
1 0.483333 0.515625 0.633333 0.656250
14 0.511111 0.500000 0.755556 0.772727
13 0.500000 0.486486 0.714286 0.702703
3 0.515625 0.500000 0.656250 0.687500
15 0.513158 0.511905 0.710526 0.738095
26 0.515152 0.500000 0.666667 0.655172
10 0.514706 0.500000 0.676471 0.696970
22 0.513514 0.514706 0.702703 0.676471
16 0.500000 0.517241 0.642857 0.620690
36 0.500000 0.509091 0.818182 0.800000
2 0.510417 0.510638 0.770833 0.765957
