28 0.500000 0.500000 0.714286 0.705882
11 0.500000 0.500000 0.629630 0.615385
5 0.500000 0.500000 0.687500 0.687500
12 0.516129 0.500000 0.645161 0.666667
25 0.484375 0.500000 0.656250 0.687500
10 0.517241 0.482759 0.620690 0.620690
31 0.490909 0.509804 0.800000 0.784314
4 0.500000 0.500000 0.655172 0.666667
13 0.500000 0.512500 0.761905 0.725000
9 0.500000 0.500000 0.629630 0.655172
35 0.500000 0.513889 0.705882 0.694444
3 0.513514 0.500000 0.702703 0.722222
8 0.500000 0.517241 0.677419 0.620690
17 0.500000 0.500000 0.714286 0.714286
2 0.500000 0.500000 0.571429 0.571429
38 0.500000 0.500000 0.687500 0.687500
