5 0.500000 0.500000 0.736842 0.736842
26 0.500000 0.513158 0.736842 0.710526
38 0.514706 0.500000 0.676471 0.705882
28 0.508475 0.508333 0.813559 0.816667
18 0.488636 0.500000 0.750000 0.772727
7 0.500000 0.512821 0.750000 0.717949
31 0.513158 0.487179 0.710526 0.717949
17 0.500000 0.513158 0.655172 0.710526
33 0.509259 0.509434 0.796296 0.792453
1 0.500000 0.500000 0.764706 0.777778
34 0.511364 0.500000 0.750000 0.767442
2 0.513889 0.500000 0.694444 0.722222
16 0.500000 0.500000 0.785714 0.814815
6 0.513889 0.500000 0.694444 0.684211
4 0.500000 0.500000 0.675676 0.722222
10 0.511364 0.511111 0.750000 0.755556
15 0.500000 0.488372 0.743590 0.744186
3 0.513158 0.500000 0.710526 0.722222
35 0.500000 0.500000 0.692308 0.692308
25 0.512500 0.500000 0.725000 0.736842
8 0.500000 0.510870 0.777778 0.760870
11 0.490741 0.509615 0.796296 0.788462
30 0.512500 0.514286 0.725000 0.685714
