14 0.500000 0.500000 0.781818 0.838710
2 0.500000 0.500000 0.655172 0.666667
12 0.512821 0.500000 0.717949 0.729730
38 0.500000 0.515152 0.666667 0.666667
9 0.500000 0.500000 0.743590 0.743590
13 0.490909 0.509804 0.800000 0.784314
3 0.500000 0.484375 0.636364 0.656250
1 0.500000 0.500000 0.705882 0.705882
30 0.500000 0.500000 0.722222 0.687500
11 0.487179 0.500000 0.717949 0.692308
4 0.500000 0.514706 0.696970 0.676471
5 0.500000 0.513889 0.714286 0.694444
23 0.500000 0.506757 0.829268 0.824324
7 0.500000 0.511364 0.767442 0.750000
35 0.513514 0.513514 0.702703 0.702703
26 0.507812 0.500000 0.828125 0.824561
33 0.486842 0.500000 0.710526 0.700000
18 0.500000 0.511364 0.767442 0.750000
25 0.511111 0.512195 0.755556 0.731707
17 0.516129 0.514706 0.645161 0.676471
15 0.484848 0.486842 0.666667 0.710526
