25 0.500000 0.515152 0.677419 0.666667
9 0.518519 0.516667 0.592593 0.633333
8 0.500000 0.517241 0.666667 0.620690
33 0.483333 0.513889 0.633333 0.694444
31 0.509091 0.500000 0.800000 0.795918
17 0.500000 0.513889 0.705882 0.694444
14 0.518519 0.517857 0.592593 0.607143
2 0.518519 0.518519 0.592593 0.592593
5 0.515625 0.515625 0.656250 0.656250
38 0.515625 0.515625 0.656250 0.656250
26 0.483333 0.480769 0.633333 0.576923
18 0.500000 0.518519 0.629630 0.592593
3 0.513514 0.500000 0.702703 0.722222
1 0.514706 0.514706 0.676471 0.676471
11 0.517857 0.500000 0.607143 0.615385
13 0.511905 0.512821 0.738095 0.717949
4 0.500000 0.500000 0.655172 0.666667
15 0.515625 0.515152 0.656250 0.666667
28 0.514286 0.514706 0.685714 0.676471
