36 0.500000 0.500000 0.820896 0.823529
1 0.507042 0.507042 0.816901 0.816901
25 0.500000 0.505208 0.828571 0.822917
9 0.500000 0.500000 0.831579 0.826087
15 0.500000 0.500000 0.837209 0.829268
7 0.500000 0.500000 0.811321 0.807692
10 0.500000 0.508621 0.824561 0.810345
38 0.500000 0.500000 0.795918 0.791667
33 0.500000 0.500000 0.836066 0.836066
3 0.500000 0.500000 0.840000 0.828571
2 0.500000 0.500000 0.826087 0.839080
20 0.506173 0.507042 0.814815 0.816901
34 0.508197 0.500000 0.819672 0.837838
22 0.500000 0.500000 0.824561 0.821429
6 0.507042 0.506667 0.816901 0.826667
28 0.504132 0.504587 0.826446 0.825688
11 0.500000 0.500000 0.827586 0.826923
12 0.495495 0.505263 0.828829 0.821053
23 0.504167 0.495370 0.825000 0.824074
30 0.500000 0.508333 0.820896 0.816667
4 0.500000 0.500000 0.835294 0.833333
