31 0.491803 0.500000 0.819672 0.821429
4 0.500000 0.508929 0.818182 0.803571
17 0.500000 0.500000 0.803922 0.814815
5 0.510417 0.510417 0.770833 0.770833
11 0.500000 0.513158 0.761905 0.710526
14 0.500000 0.505747 0.809524 0.827586
13 0.500000 0.500000 0.805556 0.838710
18 0.507353 0.500000 0.808824 0.820896
10 0.500000 0.500000 0.811321 0.811321
3 0.500000 0.511628 0.767442 0.744186
8 0.500000 0.500000 0.811321 0.811321
26 0.489362 0.488095 0.765957 0.738095
7 0.511628 0.500000 0.744186 0.777778
35 0.512821 0.500000 0.717949 0.743590
1 0.500000 0.500000 0.761905 0.761905
12 0.509804 0.509804 0.784314 0.784314
38 0.500000 0.500000 0.743590 0.743590
2 0.510417 0.500000 0.770833 0.795918
