16 0.514706 0.514706 0.676471 0.676471
5 0.512821 0.512821 0.717949 0.717949
25 0.500000 0.508065 0.841270 0.822581
36 0.508929 0.508772 0.803571 0.807018
26 0.486842 0.485294 0.710526 0.676471
3 0.500000 0.500000 0.722222 0.722222
2 0.508621 0.500000 0.810345 0.818182
12 0.500000 0.500000 0.761905 0.756098
34 0.514286 0.514286 0.685714 0.685714
15 0.512500 0.500000 0.725000 0.772727
4 0.513514 0.500000 0.702703 0.722222
1 0.500000 0.500000 0.729730 0.736842
22 0.511628 0.500000 0.744186 0.756098
23 0.500000 0.514286 0.657143 0.685714
35 0.500000 0.512821 0.736842 0.717949
10 0.500000 0.513158 0.729730 0.710526
7 0.500000 0.514706 0.696970 0.676471
9 0.513158 0.487179 0.710526 0.717949
14 0.500000 0.489130 0.744681 0.760870
30 0.511905 0.511364 0.738095 0.750000
18 0.500000 0.487179 0.692308 0.717949
6 0.483333 0.500000 0.633333 0.636364
33 0.500000 0.513158 0.736842 0.710526
28 0.513158 0.500000 0.710526 0.714286
8 0.500000 0.500000 0.756098 0.756098
