8 0.500000 0.515625 0.705882 0.656250
26 0.500000 0.505682 0.833333 0.829545
33 0.483333 0.514706 0.633333 0.676471
31 0.500000 0.500000 0.777778 0.761905
18 0.500000 0.500000 0.767442 0.767442
2 0.500000 0.500000 0.818182 0.796610
5 0.500000 0.500000 0.705882 0.705882
10 0.515625 0.515152 0.656250 0.666667
14 0.513158 0.513158 0.710526 0.710526
28 0.514286 0.515625 0.685714 0.656250
1 0.516667 0.500000 0.633333 0.625000
17 0.500000 0.513158 0.687500 0.710526
25 0.500000 0.512821 0.750000 0.717949
4 0.500000 0.500000 0.677419 0.677419
23 0.511111 0.511905 0.755556 0.738095
38 0.500000 0.513889 0.657143 0.694444
12 0.512500 0.500000 0.725000 0.756098
15 0.515152 0.500000 0.666667 0.736842
7 0.500000 0.512821 0.722222 0.717949
