2 0.504673 0.504425 0.822430 0.831858
15 0.500000 0.500000 0.830986 0.827160
12 0.500000 0.500000 0.836066 0.841270
33 0.500000 0.500000 0.760000 0.812500
17 0.500000 0.500000 0.791667 0.803922
5 0.504762 0.504630 0.819048 0.824074
13 0.504000 0.495690 0.832000 0.818966
14 0.500000 0.500000 0.837838 0.836364
10 0.500000 0.500000 0.825000 0.825000
1 0.500000 0.505747 0.835294 0.827586
35 0.500000 0.505882 0.835294 0.823529
9 0.500000 0.500000 0.767442 0.767442
7 0.500000 0.506944 0.838710 0.819444
25 0.500000 0.504425 0.813953 0.831858
4 0.500000 0.500000 0.772727 0.733333
26 0.500000 0.500000 0.836257 0.832258
31 0.500000 0.506849 0.804878 0.821918
38 0.492308 0.500000 0.830769 0.825000
3 0.487805 0.500000 0.731707 0.756098
11 0.500000 0.500000 0.818182 0.806452
23 0.500000 0.500000 0.835821 0.831933
