15 0.511111 0.500000 0.755556 0.807692
22 0.512500 0.500000 0.725000 0.736842
2 0.500000 0.500000 0.655172 0.655172
30 0.486111 0.513889 0.694444 0.694444
11 0.490000 0.489130 0.780000 0.760870
16 0.500000 0.516667 0.600000 0.633333
4 0.515625 0.515152 0.656250 0.666667
5 0.512821 0.512500 0.717949 0.725000
28 0.500000 0.500000 0.756098 0.743590
12 0.511364 0.500000 0.750000 0.767442
38 0.511905 0.511111 0.738095 0.755556
31 0.500000 0.500000 0.722222 0.722222
8 0.500000 0.500000 0.722222 0.722222
23 0.500000 0.500000 0.789474 0.769231
17 0.517857 0.517241 0.607143 0.620690
25 0.500000 0.506944 0.820896 0.819444
14 0.500000 0.500000 0.772727 0.772727
6 0.500000 0.500000 0.687500 0.687500
35 0.500000 0.514286 0.705882 0.685714
9 0.513158 0.500000 0.710526 0.729730
13 0.500000 0.500000 0.756098 0.777778
26 0.500000 0.511111 0.755102 0.755556
33 0.500000 0.513514 0.722222 0.702703
20 0.500000 0.516667 0.625000 0.633333
36 0.500000 0.500000 0.675676 0.714286
