12 0.487805 0.500000 0.731707 0.750000
18 0.500000 0.500000 0.666667 0.705882
4 0.514706 0.485714 0.676471 0.685714
26 0.500000 0.500000 0.700000 0.657143
14 0.514286 0.500000 0.685714 0.666667
7 0.500000 0.500000 0.714286 0.714286
13 0.500000 0.510000 0.814815 0.780000
38 0.500000 0.512821 0.736842 0.717949
28 0.500000 0.512195 0.767442 0.731707
25 0.500000 0.487500 0.756098 0.725000
17 0.511628 0.500000 0.744186 0.767442
15 0.512500 0.500000 0.725000 0.743590
31 0.500000 0.500000 0.828571 0.812500
5 0.512195 0.500000 0.731707 0.750000
33 0.500000 0.500000 0.714286 0.733333
3 0.500000 0.500000 0.772727 0.772727
