26 0.508333 0.491071 0.816667 0.803571
23 0.500000 0.500000 0.791667 0.791667
25 0.494949 0.494681 0.828283 0.819149
11 0.500000 0.500000 0.818182 0.838384
3 0.508929 0.508929 0.803571 0.803571
22 0.506849 0.507246 0.821918 0.811594
16 0.510000 0.509615 0.780000 0.788462
12 0.493827 0.500000 0.814815 0.809524
2 0.500000 0.500000 0.840000 0.827957
9 0.500000 0.506579 0.837838 0.828947
34 0.500000 0.513514 0.729730 0.702703
6 0.511364 0.500000 0.750000 0.777778
31 0.500000 0.507042 0.842105 0.816901
38 0.512500 0.500000 0.725000 0.743590
15 0.500000 0.500000 0.739130 0.764706
18 0.500000 0.489362 0.744681 0.765957
33 0.500000 0.487500 0.761905 0.725000
7 0.500000 0.510204 0.787234 0.775510
4 0.507692 0.500000 0.830769 0.843750
10 0.500000 0.500000 0.787234 0.787234
30 0.500000 0.500000 0.820896 0.841270
5 0.500000 0.506944 0.830986 0.819444
28 0.500000 0.500000 0.800000 0.812500
36 0.507143 0.507042 0.814286 0.816901
1 0.507812 0.500000 0.828125 0.841270
14 0.508929 0.500000 0.803571 0.818182
