25 0.500000 0.507143 0.822785 0.814286
33 0.512500 0.510417 0.725000 0.770833
1 0.510000 0.490000 0.780000 0.780000
15 0.510204 0.500000 0.775510 0.821429
23 0.506173 0.500000 0.814815 0.830986
35 0.509091 0.509091 0.800000 0.800000
12 0.509615 0.509091 0.788462 0.800000
7 0.500000 0.509091 0.800000 0.800000
18 0.506579 0.506579 0.828947 0.828947
14 0.500000 0.500000 0.820896 0.820896
10 0.509434 0.509434 0.792453 0.792453
9 0.500000 0.500000 0.767442 0.767442
2 0.494048 0.500000 0.821429 0.809524
8 0.510870 0.500000 0.760870 0.767442
4 0.487179 0.500000 0.717949 0.729730
13 0.504717 0.500000 0.820755 0.816327
