1 0.500000 0.482143 0.615385 0.607143
10 0.517241 0.517241 0.620690 0.620690
4 0.500000 0.516129 0.666667 0.645161
3 0.516667 0.516129 0.633333 0.645161
12 0.513889 0.500000 0.694444 0.729730
33 0.517857 0.516129 0.607143 0.645161
31 0.511364 0.500000 0.750000 0.743590
14 0.514286 0.500000 0.685714 0.705882
8 0.500000 0.516667 0.636364 0.633333
7 0.514286 0.500000 0.685714 0.722222
28 0.515625 0.500000 0.656250 0.666667
26 0.500000 0.500000 0.827957 0.829268
38 0.500000 0.515152 0.625000 0.666667
25 0.513889 0.514706 0.694444 0.676471
2 0.509615 0.509259 0.788462 0.796296
