17 0.500000 0.515152 0.655172 0.666667
12 0.500000 0.513889 0.705882 0.694444
31 0.512500 0.486842 0.725000 0.710526
5 0.483333 0.500000 0.633333 0.612903
3 0.516667 0.483333 0.633333 0.633333
15 0.517241 0.500000 0.620690 0.687500
1 0.500000 0.483871 0.625000 0.645161
38 0.517241 0.500000 0.620690 0.666667
9 0.500000 0.500000 0.705882 0.705882
13 0.510870 0.511628 0.760870 0.744186
35 0.500000 0.500000 0.677419 0.677419
2 0.500000 0.482143 0.629630 0.607143
26 0.509434 0.489583 0.792453 0.770833
25 0.500000 0.500000 0.700000 0.722222
23 0.500000 0.500000 0.840000 0.826087
28 0.500000 0.500000 0.729730 0.722222
30 0.500000 0.500000 0.666667 0.655172
18 0.513158 0.513158 0.710526 0.710526
8 0.514706 0.500000 0.676471 0.696970
7 0.513514 0.513514 0.702703 0.702703
4 0.500000 0.516667 0.642857 0.633333
11 0.500000 0.515152 0.687500 0.666667
10 0.500000 0.500000 0.677419 0.677419
14 0.512195 0.500000 0.731707 0.769231
