31 0.508333 0.508929 0.816667 0.803571
17 0.513514 0.512500 0.702703 0.725000
3 0.510000 0.500000 0.780000 0.795918
25 0.510000 0.489583 0.780000 0.770833
8 0.511111 0.510870 0.755556 0.760870
5 0.500000 0.513889 0.714286 0.694444
11 0.500000 0.508197 0.826087 0.819672
7 0.500000 0.512195 0.743590 0.731707
1 0.507042 0.507042 0.816901 0.816901
18 0.506667 0.500000 0.826667 0.826087
2 0.488372 0.511628 0.744186 0.744186
4 0.500000 0.500000 0.803922 0.814815
13 0.500000 0.509434 0.811321 0.792453
14 0.493421 0.500000 0.828947 0.820513
35 0.500000 0.487805 0.714286 0.731707
