8 0.508772 0.508772 0.807018 0.807018
5 0.500000 0.500000 0.803922 0.803922
9 0.500000 0.508197 0.830508 0.819672
12 0.507937 0.507937 0.825397 0.825397
11 0.492754 0.500000 0.811594 0.836066
26 0.500000 0.500000 0.836364 0.826923
25 0.500000 0.507937 0.828571 0.825397
23 0.505102 0.505747 0.826531 0.827586
14 0.504950 0.500000 0.831683 0.834862
28 0.507692 0.508333 0.830769 0.816667
13 0.500000 0.494253 0.836735 0.827586
17 0.515625 0.513514 0.656250 0.702703
30 0.500000 0.510638 0.795918 0.765957
2 0.509615 0.509615 0.788462 0.788462
31 0.506173 0.506849 0.814815 0.821918
1 0.500000 0.500000 0.800000 0.803922
4 0.510417 0.509804 0.770833 0.784314
33 0.500000 0.500000 0.761905 0.772727
38 0.500000 0.500000 0.782609 0.803922
3 0.512821 0.500000 0.717949 0.736842
