15 0.500000 0.500000 0.836735 0.829060
7 0.514706 0.500000 0.676471 0.705882
1 0.500000 0.500000 0.773585 0.807692
35 0.513514 0.513158 0.702703 0.710526
38 0.500000 0.516129 0.666667 0.645161
13 0.500000 0.512195 0.750000 0.731707
8 0.513514 0.512500 0.702703 0.725000
4 0.500000 0.510417 0.772727 0.770833
14 0.500000 0.500000 0.821429 0.824561
9 0.514286 0.485294 0.685714 0.676471
25 0.500000 0.500000 0.750000 0.729730
12 0.511628 0.500000 0.744186 0.761905
31 0.510870 0.500000 0.760870 0.761905
3 0.512195 0.512195 0.731707 0.731707
2 0.514706 0.500000 0.676471 0.647059
18 0.500000 0.500000 0.818182 0.811321
17 0.515152 0.514286 0.666667 0.685714
