10 0.500000 0.500000 0.642857 0.642857
1 0.500000 0.500000 0.666667 0.642857
25 0.513514 0.500000 0.702703 0.705882
33 0.500000 0.500000 0.714286 0.729730
8 0.500000 0.500000 0.677419 0.677419
18 0.514286 0.514286 0.685714 0.685714
4 0.500000 0.517857 0.629630 0.607143
31 0.513158 0.500000 0.710526 0.714286
26 0.500000 0.510870 0.800000 0.760870
9 0.500000 0.514706 0.696970 0.676471
5 0.500000 0.500000 0.655172 0.655172
12 0.514706 0.500000 0.676471 0.696970
11 0.500000 0.500000 0.677419 0.677419
14 0.500000 0.500000 0.736842 0.782609
15 0.500000 0.516129 0.629630 0.645161
17 0.500000 0.500000 0.666667 0.687500
2 0.519231 0.480769 0.576923 0.576923
35 0.516667 0.516667 0.633333 0.633333
3 0.500000 0.516667 0.655172 0.633333
