14 0.500000 0.510000 0.795918 0.780000
6 0.513158 0.500000 0.710526 0.729730
13 0.500000 0.509804 0.767442 0.784314
12 0.490385 0.500000 0.788462 0.781818
40 0.500000 0.510000 0.787234 0.780000
1 0.500000 0.500000 0.750000 0.750000
23 0.500000 0.508197 0.802817 0.819672
26 0.508475 0.490909 0.813559 0.800000
11 0.508475 0.509259 0.813559 0.796296
35 0.500000 0.512500 0.729730 0.725000
30 0.511364 0.500000 0.750000 0.767442
18 0.500000 0.512821 0.756098 0.717949
2 0.486486 0.500000 0.702703 0.687500
31 0.500000 0.500000 0.750000 0.756098
34 0.515625 0.500000 0.656250 0.677419
16 0.514706 0.500000 0.676471 0.705882
8 0.511628 0.500000 0.744186 0.756098
17 0.500000 0.516129 0.642857 0.645161
20 0.500000 0.513889 0.692308 0.694444
9 0.500000 0.510870 0.733333 0.760870
5 0.500000 0.488372 0.750000 0.744186
