18 0.500000 0.500000 0.826087 0.820896
23 0.500000 0.505618 0.840000 0.831461
28 0.500000 0.507937 0.826087 0.825397
9 0.507937 0.507812 0.825397 0.828125
33 0.488372 0.511111 0.744186 0.755556
13 0.504717 0.500000 0.820755 0.829787
1 0.500000 0.508772 0.814815 0.807018
17 0.515152 0.513158 0.666667 0.710526
8 0.508475 0.508475 0.813559 0.813559
26 0.495726 0.504630 0.820513 0.824074
30 0.500000 0.500000 0.803922 0.782609
10 0.500000 0.500000 0.814815 0.814815
35 0.500000 0.508772 0.821429 0.807018
38 0.489796 0.490385 0.775510 0.788462
7 0.500000 0.500000 0.842105 0.842105
5 0.509434 0.500000 0.792453 0.807692
25 0.500000 0.492647 0.813333 0.808824
31 0.505747 0.500000 0.827586 0.840000
14 0.504587 0.504202 0.825688 0.823529
2 0.508772 0.500000 0.807018 0.821429
