11 0.500000 0.500000 0.838710 0.830508
36 0.508475 0.500000 0.813559 0.830508
6 0.500000 0.500000 0.657143 0.714286
3 0.500000 0.511905 0.756098 0.738095
22 0.509615 0.500000 0.788462 0.791667
35 0.500000 0.500000 0.761905 0.767442
33 0.487500 0.500000 0.725000 0.700000
18 0.513514 0.500000 0.702703 0.692308
28 0.500000 0.500000 0.782609 0.761905
7 0.513158 0.512821 0.710526 0.717949
17 0.516667 0.517241 0.633333 0.620690
12 0.500000 0.490385 0.773585 0.788462
10 0.512195 0.512195 0.731707 0.731707
31 0.509091 0.510000 0.800000 0.780000
13 0.508197 0.490741 0.819672 0.796296
25 0.500000 0.500000 0.813333 0.805556
16 0.500000 0.512821 0.736842 0.717949
4 0.488889 0.500000 0.755556 0.733333
23 0.487179 0.500000 0.717949 0.700000
1 0.500000 0.500000 0.772727 0.777778
30 0.500000 0.510417 0.782609 0.770833
5 0.500000 0.500000 0.777778 0.777778
38 0.500000 0.515625 0.687500 0.656250
14 0.510204 0.510204 0.775510 0.775510
26 0.500000 0.500000 0.772727 0.756098
