28 0.509615 0.500000 0.788462 0.811321
5 0.511628 0.511628 0.744186 0.744186
7 0.500000 0.500000 0.807692 0.807692
35 0.508475 0.508475 0.813559 0.813559
8 0.500000 0.500000 0.756098 0.761905
2 0.511364 0.500000 0.750000 0.777778
15 0.500000 0.500000 0.736842 0.743590
12 0.500000 0.500000 0.750000 0.743590
11 0.500000 0.508197 0.820896 0.819672
26 0.511364 0.500000 0.750000 0.707317
4 0.512500 0.511628 0.725000 0.744186
25 0.511364 0.500000 0.750000 0.767442
9 0.490196 0.509804 0.784314 0.784314
18 0.500000 0.500000 0.756098 0.736842
23 0.500000 0.509434 0.811321 0.792453
3 0.512195 0.500000 0.731707 0.761905
1 0.510204 0.500000 0.775510 0.791667
13 0.500000 0.509259 0.827586 0.796296
