25 0.500000 0.515625 0.696970 0.656250
11 0.517857 0.517857 0.607143 0.607143
33 0.519231 0.517241 0.576923 0.620690
28 0.517857 0.500000 0.607143 0.615385
38 0.516667 0.500000 0.633333 0.666667
10 0.500000 0.517857 0.629630 0.607143
5 0.517241 0.500000 0.620690 0.655172
4 0.500000 0.517241 0.642857 0.620690
2 0.509804 0.500000 0.784314 0.803922
3 0.517241 0.500000 0.620690 0.642857
17 0.518519 0.500000 0.592593 0.677419
14 0.500000 0.500000 0.677419 0.677419
13 0.500000 0.500000 0.827586 0.818182
1 0.500000 0.481481 0.600000 0.592593
9 0.500000 0.500000 0.767442 0.767442
8 0.516129 0.517241 0.645161 0.620690
15 0.517241 0.514706 0.620690 0.676471
31 0.512195 0.500000 0.731707 0.729730
35 0.517241 0.500000 0.620690 0.655172
12 0.500000 0.513514 0.705882 0.702703
