21 0.512500 0.500000 0.725000 0.729730
4 0.500000 0.513889 0.705882 0.694444
35 0.509615 0.509434 0.788462 0.792453
38 0.514286 0.500000 0.685714 0.705882
33 0.514286 0.500000 0.685714 0.705882
28 0.507937 0.500000 0.825397 0.811321
3 0.500000 0.512821 0.729730 0.717949
7 0.512500 0.500000 0.725000 0.736842
5 0.513514 0.513158 0.702703 0.710526
20 0.488095 0.486842 0.738095 0.710526
25 0.509615 0.500000 0.788462 0.795918
31 0.500000 0.500000 0.729730 0.696970
22 0.513514 0.500000 0.702703 0.722222
10 0.500000 0.513158 0.729730 0.710526
14 0.493056 0.500000 0.819444 0.807229
12 0.510417 0.512500 0.770833 0.725000
17 0.500000 0.500000 0.705882 0.666667
6 0.500000 0.512500 0.729730 0.725000
1 0.500000 0.513158 0.729730 0.710526
11 0.500000 0.500000 0.841270 0.830508
30 0.500000 0.512195 0.767442 0.731707
16 0.500000 0.512500 0.736842 0.725000
34 0.500000 0.500000 0.684211 0.756098
15 0.514286 0.500000 0.685714 0.705882
