35 0.506024 0.505952 0.819277 0.821429
30 0.500000 0.500000 0.843750 0.827586
17 0.500000 0.500000 0.714286 0.750000
12 0.504630 0.504545 0.824074 0.827273
23 0.500000 0.500000 0.826087 0.840000
4 0.500000 0.500000 0.826087 0.835616
7 0.500000 0.503846 0.830769 0.823077
38 0.493506 0.500000 0.831169 0.831325
25 0.504950 0.505435 0.831683 0.815217
8 0.500000 0.506173 0.840000 0.814815
28 0.505618 0.500000 0.831461 0.807229
3 0.510417 0.500000 0.770833 0.791667
9 0.505682 0.505319 0.829545 0.819149
26 0.503165 0.500000 0.829114 0.823529
31 0.503546 0.500000 0.822695 0.830508
5 0.500000 0.500000 0.833333 0.833333
14 0.503401 0.500000 0.829932 0.825000
11 0.500000 0.504717 0.815126 0.820755
18 0.504630 0.504630 0.824074 0.824074
1 0.500000 0.500000 0.829787 0.833333
