38 0.500000 0.500000 0.820896 0.820896
2 0.504717 0.504545 0.820755 0.827273
33 0.500000 0.500000 0.811321 0.829787
14 0.500000 0.496479 0.826087 0.823944
8 0.478571 0.500000 0.871429 0.835616
25 0.500000 0.504032 0.824818 0.830645
11 0.503289 0.503788 0.822368 0.825758
17 0.505747 0.505208 0.827586 0.822917
9 0.500000 0.500000 0.831933 0.837398
10 0.508065 0.500000 0.822581 0.838710
12 0.500000 0.500000 0.830508 0.827586
28 0.500000 0.500000 0.832258 0.827338
7 0.507042 0.500000 0.816901 0.835616
35 0.503226 0.503425 0.825806 0.828767
5 0.504310 0.500000 0.818966 0.826087
1 0.500000 0.500000 0.840000 0.826923
18 0.500000 0.500000 0.835052 0.827957
