33 0.500000 0.500000 0.600000 0.647059
38 0.515152 0.500000 0.666667 0.705882
28 0.500000 0.500000 0.657143 0.642857
3 0.515625 0.515625 0.656250 0.656250
17 0.500000 0.500000 0.687500 0.729730
10 0.516667 0.516129 0.633333 0.645161
13 0.500000 0.500000 0.802817 0.841270
12 0.513158 0.512500 0.710526 0.725000
4 0.500000 0.500000 0.666667 0.666667
9 0.500000 0.500000 0.767442 0.767442
14 0.513514 0.500000 0.702703 0.722222
31 0.500000 0.511905 0.777778 0.738095
35 0.500000 0.514706 0.687500 0.676471
5 0.500000 0.485294 0.696970 0.676471
23 0.511364 0.512500 0.750000 0.725000
2 0.500000 0.500000 0.814815 0.793103
18 0.500000 0.511364 0.767442 0.750000
