1 0.511364 0.500000 0.750000 0.767442
15 0.500000 0.484848 0.625000 0.666667
4 0.517857 0.517241 0.607143 0.620690
17 0.500000 0.513514 0.655172 0.702703
28 0.500000 0.500000 0.772727 0.772727
18 0.511905 0.500000 0.738095 0.756098
13 0.512195 0.513158 0.731707 0.710526
34 0.500000 0.513514 0.722222 0.702703
10 0.500000 0.513514 0.722222 0.702703
30 0.514706 0.516667 0.676471 0.633333
9 0.483871 0.515625 0.645161 0.656250
25 0.500000 0.500000 0.642857 0.642857
12 0.481481 0.518519 0.592593 0.592593
6 0.517857 0.517857 0.607143 0.607143
35 0.517857 0.518519 0.607143 0.592593
7 0.515625 0.500000 0.656250 0.625000
8 0.515152 0.515152 0.666667 0.666667
31 0.500000 0.517857 0.615385 0.607143
11 0.500000 0.500000 0.743590 0.736842
26 0.517241 0.517857 0.620690 0.607143
16 0.500000 0.500000 0.764706 0.795918
23 0.488095 0.500000 0.738095 0.743590
