33 0.500000 0.500000 0.722222 0.736842
25 0.516667 0.516129 0.633333 0.645161
26 0.500000 0.517857 0.677419 0.607143
5 0.500000 0.516667 0.655172 0.633333
31 0.516129 0.516667 0.645161 0.633333
38 0.512195 0.510204 0.731707 0.775510
9 0.511364 0.511364 0.750000 0.750000
28 0.500000 0.514286 0.696970 0.685714
3 0.514706 0.485714 0.676471 0.685714
18 0.500000 0.518519 0.666667 0.592593
11 0.500000 0.513514 0.729730 0.702703
35 0.513158 0.500000 0.710526 0.736842
1 0.515152 0.514286 0.666667 0.685714
15 0.500000 0.500000 0.615385 0.629630
12 0.500000 0.517857 0.629630 0.607143
10 0.500000 0.500000 0.655172 0.655172
14 0.508621 0.508621 0.810345 0.810345
8 0.500000 0.517241 0.655172 0.620690
13 0.500000 0.515152 0.705882 0.666667
