17 0.500000 0.500000 0.722222 0.729730
26 0.485294 0.516667 0.676471 0.633333
35 0.513514 0.513158 0.702703 0.710526
8 0.500000 0.500000 0.696970 0.677419
38 0.515152 0.515152 0.666667 0.666667
3 0.512500 0.512500 0.725000 0.725000
31 0.491525 0.500000 0.813559 0.814815
5 0.500000 0.513889 0.714286 0.694444
15 0.500000 0.500000 0.705882 0.666667
18 0.500000 0.516667 0.647059 0.633333
12 0.500000 0.500000 0.666667 0.714286
2 0.500000 0.500000 0.612903 0.666667
7 0.515152 0.515152 0.666667 0.666667
14 0.500000 0.483333 0.655172 0.633333
9 0.516667 0.500000 0.633333 0.677419
13 0.500000 0.511364 0.777778 0.750000
28 0.500000 0.500000 0.729730 0.714286
25 0.485294 0.485714 0.676471 0.685714
