18 0.500000 0.500000 0.838710 0.838710
10 0.504808 0.505102 0.817308 0.826531
4 0.504132 0.504167 0.826446 0.825000
9 0.500000 0.500000 0.830508 0.836066
11 0.500000 0.500000 0.830508 0.824561
31 0.500000 0.505952 0.806452 0.821429
26 0.500000 0.500000 0.833333 0.837838
35 0.500000 0.508333 0.824561 0.816667
13 0.500000 0.500000 0.833333 0.831325
14 0.500000 0.500000 0.830508 0.818182
3 0.500000 0.500000 0.787234 0.777778
17 0.505952 0.505882 0.821429 0.823529
25 0.502841 0.503030 0.823864 0.824242
2 0.500000 0.500000 0.820896 0.823529
33 0.513514 0.512821 0.702703 0.717949
1 0.508333 0.500000 0.816667 0.827586
5 0.500000 0.500000 0.833333 0.828571
