38 0.511628 0.500000 0.744186 0.800000
13 0.512195 0.500000 0.731707 0.722222
9 0.511111 0.510870 0.755556 0.760870
1 0.513514 0.513514 0.702703 0.702703
4 0.483333 0.500000 0.633333 0.647059
14 0.508621 0.500000 0.810345 0.824561
10 0.500000 0.515625 0.677419 0.656250
5 0.514706 0.514706 0.676471 0.676471
35 0.500000 0.500000 0.756098 0.761905
17 0.500000 0.516667 0.642857 0.633333
25 0.500000 0.500000 0.687500 0.657143
33 0.513158 0.500000 0.710526 0.750000
2 0.500000 0.515625 0.666667 0.656250
15 0.482143 0.500000 0.607143 0.586207
28 0.500000 0.512821 0.729730 0.717949
12 0.482759 0.500000 0.620690 0.600000
