14 0.512500 0.512500 0.725000 0.725000
13 0.500000 0.500000 0.830986 0.823529
8 0.500000 0.500000 0.666667 0.687500
1 0.500000 0.484375 0.625000 0.656250
31 0.510638 0.511364 0.765957 0.750000
4 0.515152 0.515152 0.666667 0.666667
12 0.512500 0.500000 0.725000 0.756098
23 0.510638 0.511628 0.765957 0.744186
5 0.500000 0.500000 0.714286 0.714286
18 0.510870 0.510870 0.760870 0.760870
2 0.500000 0.508475 0.821429 0.813559
26 0.505051 0.494382 0.828283 0.831461
35 0.500000 0.500000 0.666667 0.722222
7 0.513158 0.500000 0.710526 0.743590
9 0.500000 0.500000 0.767442 0.767442
28 0.500000 0.500000 0.675676 0.677419
