8 0.500000 0.500000 0.772727 0.772727
10 0.500000 0.500000 0.782609 0.782609
25 0.500000 0.500000 0.837209 0.829787
14 0.500000 0.509091 0.814815 0.800000
28 0.510417 0.510870 0.770833 0.760870
2 0.512195 0.486486 0.731707 0.702703
23 0.506173 0.492958 0.814815 0.816901
22 0.500000 0.500000 0.760000 0.782609
26 0.500000 0.508197 0.820896 0.819672
9 0.510000 0.509804 0.780000 0.784314
35 0.500000 0.512500 0.743590 0.725000
4 0.487805 0.500000 0.731707 0.756098
6 0.500000 0.511905 0.756098 0.738095
3 0.511364 0.500000 0.750000 0.772727
11 0.507812 0.508475 0.828125 0.813559
33 0.500000 0.500000 0.803922 0.803922
31 0.500000 0.511364 0.761905 0.750000
5 0.510417 0.500000 0.770833 0.795918
30 0.510204 0.500000 0.775510 0.791667
40 0.510000 0.500000 0.780000 0.803922
7 0.500000 0.510000 0.795918 0.780000
20 0.500000 0.512195 0.761905 0.731707
18 0.500000 0.500000 0.782609 0.733333
34 0.500000 0.508197 0.833333 0.819672
16 0.500000 0.513158 0.684211 0.710526
38 0.500000 0.500000 0.807692 0.814815
