12 0.500000 0.500000 0.826772 0.830189
10 0.508333 0.500000 0.816667 0.830508
2 0.495050 0.494792 0.831683 0.822917
4 0.505263 0.500000 0.821053 0.810526
7 0.500000 0.509091 0.818182 0.800000
25 0.500000 0.504762 0.831933 0.819048
14 0.503125 0.502924 0.831250 0.830409
36 0.506667 0.500000 0.826667 0.840000
1 0.506579 0.506579 0.828947 0.828947
35 0.500000 0.500000 0.827160 0.829268
22 0.508333 0.508475 0.816667 0.813559
33 0.507353 0.500000 0.808824 0.820896
17 0.510000 0.509615 0.780000 0.788462
20 0.494318 0.506494 0.829545 0.831169
11 0.500000 0.504630 0.833333 0.824074
3 0.504032 0.500000 0.830645 0.830769
15 0.504950 0.500000 0.831683 0.833333
16 0.500000 0.507692 0.838710 0.830769
31 0.500000 0.500000 0.804878 0.835616
6 0.506173 0.500000 0.814815 0.831325
38 0.500000 0.500000 0.807692 0.803922
23 0.500000 0.504132 0.834586 0.826446
8 0.506944 0.500000 0.819444 0.830986
13 0.500000 0.506757 0.835616 0.824324
