1 0.500000 0.510204 0.791667 0.775510
11 0.505682 0.506250 0.829545 0.812500
28 0.506250 0.500000 0.812500 0.830986
36 0.500000 0.500000 0.733333 0.739130
3 0.509259 0.508929 0.796296 0.803571
17 0.500000 0.488372 0.720930 0.744186
31 0.510204 0.500000 0.775510 0.777778
18 0.495455 0.494898 0.827273 0.826531
2 0.509259 0.509434 0.796296 0.792453
20 0.508772 0.500000 0.807018 0.800000
40 0.500000 0.491803 0.800000 0.819672
38 0.500000 0.488372 0.727273 0.744186
33 0.500000 0.511111 0.772727 0.755556
5 0.510870 0.510870 0.760870 0.760870
14 0.500000 0.504673 0.831579 0.822430
4 0.490000 0.500000 0.780000 0.764706
16 0.500000 0.500000 0.795918 0.795918
22 0.500000 0.511364 0.772727 0.750000
34 0.511364 0.509434 0.750000 0.792453
6 0.510000 0.509804 0.780000 0.784314
9 0.507812 0.507937 0.828125 0.825397
7 0.500000 0.510870 0.782609 0.760870
26 0.500000 0.511364 0.787234 0.750000
12 0.507353 0.500000 0.808824 0.821429
30 0.509615 0.500000 0.788462 0.787234
25 0.500000 0.507937 0.828571 0.825397
23 0.500000 0.500000 0.835616 0.826087
10 0.500000 0.510870 0.777778 0.760870
