10 0.500000 0.500000 0.696970 0.657143
15 0.500000 0.515625 0.677419 0.656250
36 0.515152 0.514706 0.666667 0.676471
12 0.500000 0.500000 0.743590 0.714286
1 0.500000 0.500000 0.687500 0.647059
21 0.500000 0.500000 0.625000 0.625000
18 0.500000 0.500000 0.825000 0.830986
9 0.511628 0.511628 0.744186 0.744186
20 0.500000 0.500000 0.729730 0.705882
38 0.500000 0.516129 0.666667 0.645161
33 0.515625 0.515625 0.656250 0.656250
14 0.507812 0.500000 0.828125 0.837838
3 0.500000 0.514286 0.687500 0.685714
28 0.509434 0.500000 0.792453 0.782609
16 0.500000 0.513889 0.714286 0.694444
25 0.500000 0.500000 0.787234 0.777778
17 0.515625 0.500000 0.656250 0.677419
30 0.512821 0.500000 0.717949 0.729730
23 0.510638 0.488636 0.765957 0.750000
11 0.500000 0.500000 0.821429 0.807692
6 0.500000 0.514706 0.687500 0.676471
13 0.500000 0.513514 0.750000 0.702703
2 0.500000 0.516129 0.677419 0.645161
26 0.500000 0.500000 0.714286 0.687500
5 0.515152 0.514706 0.666667 0.676471
34 0.500000 0.500000 0.636364 0.692308
35 0.500000 0.500000 0.777778 0.782609
4 0.500000 0.515152 0.677419 0.666667
