25 0.507812 0.500000 0.828125 0.821429
13 0.500000 0.500000 0.836066 0.827586
5 0.513158 0.513158 0.710526 0.710526
31 0.500000 0.507246 0.835616 0.811594
14 0.500000 0.500000 0.820225 0.822222
1 0.500000 0.500000 0.827160 0.831325
35 0.511628 0.511111 0.744186 0.755556
8 0.500000 0.500000 0.795918 0.795918
9 0.500000 0.512500 0.750000 0.725000
3 0.500000 0.508621 0.824561 0.810345
17 0.500000 0.500000 0.736842 0.750000
2 0.510000 0.510000 0.780000 0.780000
12 0.507692 0.507692 0.830769 0.830769
38 0.509259 0.500000 0.796296 0.807692
26 0.500000 0.500000 0.818182 0.800000
11 0.505814 0.506667 0.825581 0.826667
33 0.511905 0.500000 0.738095 0.830508
7 0.510870 0.510870 0.760870 0.760870
