11 0.507937 0.508621 0.825397 0.810345
10 0.510870 0.500000 0.760870 0.777778
1 0.500000 0.508197 0.803279 0.819672
17 0.500000 0.508197 0.827586 0.819672
13 0.506173 0.506849 0.814815 0.821918
2 0.500000 0.500000 0.824561 0.824561
31 0.504762 0.505263 0.819048 0.821053
35 0.500000 0.506849 0.830986 0.821918
26 0.500000 0.500000 0.824561 0.795918
33 0.489130 0.500000 0.760870 0.843750
3 0.500000 0.507246 0.820896 0.811594
12 0.507353 0.500000 0.808824 0.820896
9 0.508929 0.500000 0.803571 0.827586
15 0.509091 0.500000 0.800000 0.811321
5 0.507937 0.500000 0.825397 0.827586
