1 0.512500 0.512195 0.725000 0.731707
4 0.500000 0.500000 0.729730 0.707317
7 0.500000 0.516129 0.655172 0.645161
38 0.516667 0.500000 0.633333 0.655172
10 0.514706 0.514706 0.676471 0.676471
33 0.500000 0.500000 0.655172 0.705882
25 0.515625 0.483333 0.656250 0.633333
11 0.500000 0.500000 0.772727 0.767442
5 0.500000 0.517241 0.642857 0.620690
18 0.500000 0.511111 0.772727 0.755556
15 0.500000 0.500000 0.824176 0.813084
31 0.500000 0.514286 0.729730 0.685714
8 0.500000 0.513514 0.687500 0.702703
3 0.515152 0.500000 0.666667 0.687500
2 0.516667 0.516667 0.633333 0.633333
14 0.500000 0.500000 0.756098 0.761905
9 0.500000 0.500000 0.677419 0.677419
35 0.516129 0.500000 0.645161 0.666667
13 0.514706 0.500000 0.676471 0.696970
