1 0.500000 0.506944 0.830986 0.819444
8 0.509804 0.509434 0.784314 0.792453
18 0.508929 0.490385 0.803571 0.788462
2 0.500000 0.506494 0.822785 0.831169
4 0.500000 0.500000 0.800000 0.814815
28 0.506494 0.500000 0.831169 0.840000
3 0.500000 0.500000 0.800000 0.803922
17 0.510000 0.509259 0.780000 0.796296
15 0.500000 0.500000 0.818182 0.814815
33 0.509259 0.508197 0.796296 0.819672
26 0.509091 0.500000 0.800000 0.800000
31 0.500000 0.506250 0.833333 0.812500
14 0.505682 0.505682 0.829545 0.829545
35 0.500000 0.505618 0.840909 0.831461
23 0.500000 0.507353 0.826087 0.808824
25 0.507143 0.507353 0.814286 0.808824
9 0.500000 0.508065 0.833333 0.822581
13 0.500000 0.500000 0.833333 0.840909
38 0.508475 0.500000 0.813559 0.837838
