4 0.509434 0.508772 0.792453 0.807018
10 0.500000 0.509615 0.803922 0.788462
38 0.507937 0.506494 0.825397 0.831169
25 0.493243 0.500000 0.824324 0.833333
11 0.495690 0.504673 0.818966 0.822430
5 0.506098 0.500000 0.817073 0.827160
12 0.500000 0.500000 0.773585 0.769231
28 0.506024 0.506098 0.819277 0.817073
2 0.505618 0.505618 0.831461 0.831461
31 0.500000 0.506250 0.833333 0.812500
15 0.500000 0.508621 0.827586 0.810345
3 0.500000 0.500000 0.803922 0.807692
8 0.509259 0.500000 0.796296 0.807692
1 0.500000 0.500000 0.837838 0.818182
35 0.500000 0.500000 0.833333 0.833333
7 0.500000 0.500000 0.825243 0.825243
23 0.500000 0.507246 0.830986 0.811594
26 0.500000 0.509615 0.827586 0.788462
13 0.504673 0.500000 0.822430 0.833333
14 0.494624 0.500000 0.817204 0.806452
