33 0.484375 0.500000 0.656250 0.647059
14 0.511628 0.510870 0.744186 0.760870
25 0.510204 0.500000 0.775510 0.787234
38 0.500000 0.515152 0.705882 0.666667
1 0.515152 0.500000 0.666667 0.696970
2 0.513514 0.513158 0.702703 0.710526
3 0.513889 0.500000 0.694444 0.722222
9 0.500000 0.515625 0.677419 0.656250
17 0.512195 0.500000 0.731707 0.756098
15 0.516667 0.500000 0.633333 0.655172
4 0.500000 0.500000 0.736842 0.743590
35 0.516129 0.515625 0.645161 0.656250
8 0.500000 0.500000 0.736842 0.736842
13 0.500000 0.510000 0.818182 0.780000
31 0.510638 0.510870 0.765957 0.760870
