16 0.500000 0.500000 0.615385 0.586207
12 0.500000 0.511905 0.707317 0.738095
31 0.500000 0.500000 0.705882 0.705882
26 0.511111 0.500000 0.755556 0.750000
15 0.511111 0.509434 0.755556 0.792453
5 0.500000 0.513158 0.684211 0.710526
10 0.514286 0.500000 0.685714 0.687500
9 0.514286 0.513889 0.685714 0.694444
13 0.500000 0.511111 0.750000 0.755556
35 0.500000 0.500000 0.696970 0.696970
20 0.483871 0.500000 0.645161 0.629630
28 0.512821 0.500000 0.717949 0.722222
18 0.500000 0.483333 0.687500 0.633333
11 0.500000 0.511628 0.777778 0.744186
4 0.516129 0.500000 0.645161 0.666667
6 0.500000 0.515625 0.655172 0.656250
33 0.514706 0.500000 0.676471 0.696970
7 0.500000 0.500000 0.722222 0.722222
17 0.518519 0.500000 0.592593 0.629630
36 0.515152 0.500000 0.666667 0.687500
23 0.500000 0.500000 0.807692 0.787234
14 0.500000 0.511364 0.761905 0.750000
22 0.513514 0.500000 0.702703 0.714286
3 0.500000 0.500000 0.655172 0.655172
34 0.516667 0.516667 0.633333 0.633333
