3 0.510417 0.500000 0.770833 0.791667
9 0.508475 0.508475 0.813559 0.813559
35 0.500000 0.508333 0.833333 0.816667
13 0.500000 0.491525 0.838710 0.813559
21 0.500000 0.500000 0.800000 0.782609
30 0.500000 0.500000 0.803922 0.787234
12 0.500000 0.509804 0.830508 0.784314
28 0.500000 0.507143 0.840000 0.814286
33 0.512195 0.511905 0.731707 0.738095
17 0.500000 0.500000 0.714286 0.714286
23 0.500000 0.508197 0.843750 0.819672
4 0.510870 0.510638 0.760870 0.765957
26 0.488889 0.512195 0.755556 0.731707
1 0.511111 0.488889 0.755556 0.755556
2 0.500000 0.510417 0.791667 0.770833
34 0.500000 0.500000 0.743590 0.787234
14 0.500000 0.500000 0.816092 0.833333
18 0.500000 0.505376 0.809524 0.817204
5 0.500000 0.488095 0.720930 0.738095
16 0.500000 0.510870 0.782609 0.760870
38 0.513514 0.512821 0.702703 0.717949
22 0.511905 0.512195 0.738095 0.731707
10 0.511905 0.511905 0.738095 0.738095
