11 0.500000 0.489583 0.764706 0.770833
8 0.489583 0.500000 0.770833 0.777778
4 0.500000 0.512500 0.750000 0.725000
17 0.500000 0.500000 0.767442 0.777778
31 0.507143 0.508065 0.814286 0.822581
26 0.503472 0.500000 0.826389 0.829457
1 0.508929 0.508929 0.803571 0.803571
10 0.508475 0.500000 0.813559 0.827586
35 0.508333 0.508333 0.816667 0.816667
23 0.505319 0.500000 0.819149 0.829268
14 0.506250 0.506250 0.812500 0.812500
18 0.500000 0.500000 0.831325 0.831325
13 0.500000 0.504762 0.824561 0.819048
2 0.500000 0.500000 0.826087 0.806452
38 0.500000 0.508333 0.814815 0.816667
5 0.507692 0.507246 0.830769 0.811594
25 0.500000 0.493976 0.808511 0.819277
9 0.500000 0.500000 0.767442 0.767442
3 0.500000 0.512821 0.736842 0.717949
12 0.509091 0.500000 0.800000 0.824561
