28 0.500000 0.509434 0.824561 0.792453
1 0.500000 0.500000 0.772727 0.772727
14 0.500000 0.500000 0.833333 0.831579
35 0.489583 0.500000 0.770833 0.787234
13 0.500000 0.500000 0.831325 0.837838
10 0.500000 0.500000 0.772727 0.772727
26 0.494792 0.500000 0.822917 0.835294
33 0.500000 0.511364 0.756098 0.750000
23 0.505319 0.500000 0.819149 0.829268
5 0.500000 0.510870 0.777778 0.760870
12 0.509259 0.509259 0.796296 0.796296
30 0.500000 0.511905 0.772727 0.738095
15 0.500000 0.510204 0.767442 0.775510
3 0.513514 0.500000 0.702703 0.722222
9 0.500000 0.500000 0.807692 0.811321
31 0.500000 0.508197 0.820896 0.819672
8 0.509615 0.509259 0.788462 0.796296
4 0.511905 0.500000 0.738095 0.772727
18 0.500000 0.500000 0.807692 0.807692
25 0.491525 0.509091 0.813559 0.800000
11 0.500000 0.490385 0.818182 0.788462
2 0.500000 0.500000 0.767442 0.767442
17 0.515152 0.513514 0.666667 0.702703
