38 0.514706 0.514286 0.676471 0.685714
33 0.484375 0.512821 0.656250 0.717949
25 0.485714 0.513889 0.685714 0.694444
3 0.500000 0.500000 0.707317 0.743590
28 0.500000 0.513889 0.692308 0.694444
5 0.500000 0.513889 0.714286 0.694444
4 0.515625 0.515152 0.656250 0.666667
17 0.513514 0.500000 0.702703 0.729730
26 0.500000 0.516129 0.705882 0.645161
2 0.483871 0.484375 0.645161 0.656250
14 0.516129 0.500000 0.645161 0.625000
1 0.500000 0.486111 0.714286 0.694444
10 0.500000 0.515625 0.677419 0.656250
18 0.500000 0.483333 0.625000 0.633333
15 0.514286 0.486111 0.685714 0.694444
31 0.500000 0.508929 0.830508 0.803571
35 0.513158 0.500000 0.710526 0.736842
13 0.510638 0.510870 0.765957 0.760870
11 0.500000 0.516667 0.666667 0.633333
8 0.500000 0.513514 0.696970 0.702703
