31 0.500000 0.500000 0.838710 0.796610
12 0.500000 0.500000 0.818182 0.814815
8 0.500000 0.500000 0.811321 0.811321
25 0.500000 0.500000 0.831325 0.827160
5 0.510204 0.500000 0.775510 0.791667
4 0.508621 0.500000 0.810345 0.824561
14 0.494118 0.505435 0.823529 0.815217
13 0.500000 0.492188 0.808219 0.828125
26 0.500000 0.500000 0.760000 0.733333
2 0.500000 0.500000 0.791667 0.800000
3 0.500000 0.500000 0.767442 0.761905
15 0.500000 0.514706 0.696970 0.676471
38 0.500000 0.500000 0.761905 0.761905
1 0.500000 0.511111 0.767442 0.755556
17 0.509434 0.508929 0.792453 0.803571
10 0.500000 0.500000 0.818182 0.818182
18 0.500000 0.500000 0.828571 0.828571
