1 0.500000 0.514706 0.666667 0.676471
18 0.505952 0.506757 0.821429 0.824324
3 0.514706 0.514706 0.676471 0.676471
21 0.485294 0.500000 0.676471 0.696970
13 0.511364 0.512500 0.750000 0.725000
35 0.500000 0.510204 0.787234 0.775510
2 0.484848 0.515625 0.666667 0.656250
14 0.500000 0.500000 0.823529 0.822785
11 0.508197 0.508929 0.819672 0.803571
17 0.500000 0.514706 0.696970 0.676471
9 0.500000 0.511111 0.772727 0.755556
31 0.500000 0.515625 0.705882 0.656250
15 0.515625 0.515625 0.656250 0.656250
12 0.500000 0.513158 0.756098 0.710526
28 0.509434 0.510638 0.792453 0.765957
26 0.500000 0.500000 0.722222 0.705882
4 0.484848 0.514706 0.666667 0.676471
6 0.514286 0.513514 0.685714 0.702703
10 0.514286 0.500000 0.685714 0.705882
40 0.500000 0.500000 0.743590 0.720930
20 0.512500 0.500000 0.725000 0.714286
36 0.514706 0.514286 0.676471 0.685714
23 0.489796 0.500000 0.775510 0.744681
