35 0.500000 0.500000 0.675676 0.722222
18 0.500000 0.508475 0.827586 0.813559
13 0.500000 0.500000 0.820896 0.827586
15 0.500000 0.500000 0.666667 0.666667
12 0.510870 0.500000 0.760870 0.767442
31 0.491228 0.490566 0.807018 0.792453
4 0.500000 0.500000 0.795918 0.795918
25 0.507143 0.500000 0.814286 0.836066
7 0.512500 0.500000 0.725000 0.761905
5 0.500000 0.511364 0.767442 0.750000
10 0.510870 0.510870 0.760870 0.760870
8 0.510000 0.510000 0.780000 0.780000
3 0.511905 0.511905 0.738095 0.738095
2 0.500000 0.511111 0.772727 0.755556
17 0.510638 0.510000 0.765957 0.780000
14 0.506757 0.506494 0.824324 0.831169
