11 0.508621 0.490741 0.810345 0.796296
25 0.507812 0.500000 0.828125 0.803279
4 0.487805 0.500000 0.731707 0.727273
10 0.511111 0.511111 0.755556 0.755556
7 0.510870 0.510870 0.760870 0.760870
31 0.500000 0.505435 0.840000 0.815217
5 0.508475 0.508475 0.813559 0.813559
18 0.508929 0.500000 0.803571 0.769231
1 0.508621 0.491228 0.810345 0.807018
35 0.507246 0.507143 0.811594 0.814286
38 0.510204 0.500000 0.775510 0.787234
33 0.500000 0.508197 0.767442 0.819672
26 0.500000 0.500000 0.814815 0.750000
12 0.500000 0.491935 0.836066 0.822581
8 0.510204 0.510870 0.775510 0.760870
13 0.500000 0.507246 0.837838 0.811594
14 0.500000 0.508621 0.793103 0.810345
9 0.509804 0.500000 0.784314 0.811321
