31 0.500000 0.507246 0.833333 0.811594
23 0.507692 0.507937 0.830769 0.825397
25 0.492063 0.500000 0.825397 0.809524
18 0.490566 0.510000 0.792453 0.780000
12 0.510204 0.510417 0.775510 0.770833
8 0.500000 0.509804 0.791667 0.784314
17 0.510638 0.510204 0.765957 0.775510
9 0.508333 0.500000 0.816667 0.830508
15 0.500000 0.500000 0.807692 0.803922
33 0.509804 0.508772 0.784314 0.807018
13 0.505376 0.500000 0.817204 0.833333
14 0.494048 0.505952 0.821429 0.821429
2 0.506849 0.500000 0.821918 0.830986
3 0.510204 0.500000 0.775510 0.795918
10 0.500000 0.510204 0.791667 0.775510
11 0.494845 0.505747 0.824742 0.827586
1 0.500000 0.507246 0.823529 0.811594
5 0.507692 0.500000 0.830769 0.843750
7 0.500000 0.505814 0.835294 0.825581
4 0.500000 0.500000 0.760000 0.807692
