18 0.505952 0.500000 0.821429 0.842105
30 0.508929 0.500000 0.803571 0.803922
17 0.515152 0.513158 0.666667 0.710526
8 0.500000 0.507246 0.841270 0.811594
1 0.500000 0.500000 0.823529 0.841270
4 0.491071 0.508475 0.803571 0.813559
33 0.488372 0.488889 0.744186 0.755556
23 0.504630 0.505319 0.824074 0.819149
2 0.492754 0.492754 0.811594 0.811594
14 0.504098 0.503759 0.827869 0.827068
25 0.500000 0.500000 0.831325 0.815789
3 0.500000 0.500000 0.727273 0.767442
9 0.500000 0.500000 0.828571 0.833333
11 0.505682 0.500000 0.829545 0.842105
13 0.504032 0.500000 0.830645 0.824561
10 0.508475 0.500000 0.813559 0.827586
7 0.500000 0.505376 0.829787 0.817204
15 0.489796 0.509259 0.775510 0.796296
12 0.500000 0.493750 0.802469 0.812500
35 0.500000 0.500000 0.843750 0.815385
28 0.493333 0.492754 0.826667 0.811594
