7 0.500000 0.483333 0.655172 0.633333
25 0.508929 0.500000 0.803571 0.773585
2 0.489130 0.500000 0.760870 0.739130
12 0.514286 0.514286 0.685714 0.685714
15 0.513158 0.500000 0.710526 0.761905
22 0.500000 0.500000 0.696970 0.677419
31 0.513514 0.500000 0.702703 0.696970
18 0.500000 0.500000 0.684211 0.692308
5 0.516667 0.483333 0.633333 0.633333
1 0.516667 0.515625 0.633333 0.656250
17 0.500000 0.517857 0.642857 0.607143
11 0.500000 0.486842 0.736842 0.710526
16 0.500000 0.500000 0.655172 0.655172
30 0.515152 0.500000 0.666667 0.687500
4 0.515625 0.515625 0.656250 0.656250
34 0.500000 0.500000 0.666667 0.666667
33 0.486111 0.514706 0.694444 0.676471
26 0.500000 0.500000 0.636364 0.600000
13 0.512821 0.514286 0.717949 0.685714
35 0.514706 0.514286 0.676471 0.685714
38 0.500000 0.518519 0.615385 0.592593
10 0.515152 0.515152 0.666667 0.666667
8 0.500000 0.514286 0.705882 0.685714
14 0.511364 0.511364 0.750000 0.750000
9 0.516129 0.515625 0.645161 0.656250
6 0.500000 0.500000 0.629630 0.642857
