16 0.509091 0.508772 0.800000 0.807018
17 0.514706 0.500000 0.676471 0.677419
15 0.510417 0.509434 0.770833 0.792453
3 0.507692 0.507692 0.830769 0.830769
12 0.504717 0.500000 0.820755 0.826923
22 0.500000 0.500000 0.824176 0.833333
25 0.495455 0.504762 0.827273 0.819048
38 0.500000 0.500000 0.720930 0.727273
2 0.504545 0.504808 0.827273 0.817308
14 0.491379 0.500000 0.810345 0.824561
6 0.510417 0.500000 0.770833 0.795918
9 0.505376 0.500000 0.817204 0.833333
30 0.506757 0.500000 0.824324 0.826087
35 0.500000 0.500000 0.830508 0.830508
10 0.509804 0.500000 0.784314 0.800000
26 0.492647 0.500000 0.808824 0.836066
13 0.494318 0.500000 0.829545 0.802469
11 0.500000 0.503906 0.826087 0.820312
23 0.500000 0.490196 0.811321 0.784314
31 0.500000 0.505952 0.827957 0.821429
18 0.510000 0.489796 0.780000 0.775510
