26 0.500000 0.519231 0.600000 0.576923
11 0.518519 0.519231 0.592593 0.576923
35 0.514706 0.500000 0.676471 0.705882
2 0.500000 0.500000 0.600000 0.600000
3 0.500000 0.500000 0.705882 0.705882
13 0.511905 0.513514 0.738095 0.702703
25 0.515625 0.515625 0.656250 0.656250
10 0.517241 0.517241 0.620690 0.620690
8 0.515625 0.517241 0.656250 0.620690
4 0.516667 0.516129 0.633333 0.645161
15 0.516667 0.516129 0.633333 0.645161
18 0.481481 0.519231 0.592593 0.576923
28 0.514286 0.500000 0.685714 0.687500
7 0.500000 0.500000 0.655172 0.655172
33 0.516667 0.513889 0.633333 0.694444
5 0.500000 0.500000 0.677419 0.677419
17 0.515152 0.500000 0.666667 0.696970
