7 0.512821 0.500000 0.717949 0.750000
18 0.500000 0.510870 0.777778 0.760870
1 0.500000 0.485294 0.687500 0.676471
28 0.485294 0.484375 0.676471 0.656250
11 0.500000 0.515625 0.677419 0.656250
13 0.506579 0.500000 0.828947 0.830986
3 0.500000 0.500000 0.647059 0.647059
4 0.514286 0.500000 0.685714 0.657143
33 0.515625 0.500000 0.656250 0.714286
17 0.500000 0.512195 0.714286 0.731707
5 0.512821 0.500000 0.717949 0.736842
23 0.510000 0.510638 0.780000 0.765957
15 0.515152 0.500000 0.666667 0.743590
25 0.510638 0.511364 0.765957 0.750000
14 0.511905 0.500000 0.738095 0.756098
38 0.500000 0.512821 0.722222 0.717949
10 0.514286 0.513889 0.685714 0.694444
9 0.500000 0.500000 0.767442 0.767442
