35 0.508772 0.500000 0.807018 0.818182
14 0.506098 0.505435 0.817073 0.815217
36 0.512821 0.500000 0.717949 0.743590
9 0.508929 0.508929 0.803571 0.803571
31 0.512500 0.513514 0.725000 0.702703
7 0.500000 0.500000 0.761905 0.756098
20 0.489362 0.500000 0.765957 0.720930
18 0.505102 0.500000 0.826531 0.837209
33 0.487179 0.500000 0.717949 0.736842
6 0.512195 0.500000 0.731707 0.761905
30 0.500000 0.500000 0.787234 0.767442
8 0.500000 0.500000 0.761905 0.761905
5 0.500000 0.500000 0.743590 0.743590
11 0.506849 0.500000 0.821918 0.843750
34 0.500000 0.510870 0.743590 0.760870
2 0.500000 0.511905 0.761905 0.738095
28 0.507353 0.508333 0.808824 0.816667
25 0.508475 0.500000 0.813559 0.807692
15 0.500000 0.500000 0.743590 0.743590
23 0.500000 0.500000 0.833333 0.818182
3 0.511628 0.500000 0.744186 0.772727
22 0.500000 0.500000 0.743590 0.743590
1 0.500000 0.488095 0.756098 0.738095
13 0.508333 0.490909 0.816667 0.800000
16 0.500000 0.500000 0.767442 0.761905
17 0.513158 0.513158 0.710526 0.710526
4 0.500000 0.511905 0.750000 0.738095
