26 0.500000 0.482759 0.612903 0.620690
35 0.517857 0.500000 0.607143 0.586207
10 0.513158 0.513158 0.710526 0.710526
33 0.511628 0.500000 0.744186 0.761905
17 0.500000 0.500000 0.655172 0.729730
16 0.490000 0.500000 0.780000 0.795918
4 0.517241 0.516667 0.620690 0.633333
6 0.517241 0.482759 0.620690 0.620690
13 0.487805 0.500000 0.731707 0.729730
38 0.500000 0.517241 0.629630 0.620690
2 0.515625 0.515152 0.656250 0.666667
1 0.500000 0.510870 0.777778 0.760870
34 0.513158 0.512500 0.710526 0.725000
3 0.500000 0.516667 0.655172 0.633333
12 0.500000 0.500000 0.642857 0.642857
5 0.500000 0.483871 0.666667 0.645161
30 0.514706 0.516667 0.676471 0.633333
31 0.500000 0.500000 0.642857 0.600000
28 0.500000 0.500000 0.772727 0.739130
14 0.512195 0.500000 0.731707 0.756098
18 0.511905 0.511905 0.738095 0.738095
23 0.500000 0.511905 0.767442 0.738095
7 0.514706 0.500000 0.676471 0.687500
