35 0.488372 0.500000 0.744186 0.772727
28 0.511111 0.500000 0.755556 0.756098
10 0.500000 0.500000 0.722222 0.722222
33 0.513889 0.511111 0.694444 0.755556
4 0.514286 0.500000 0.685714 0.722222
3 0.510638 0.500000 0.765957 0.782609
38 0.512821 0.512821 0.717949 0.717949
9 0.500000 0.500000 0.705882 0.736842
12 0.500000 0.500000 0.761905 0.756098
25 0.488372 0.487805 0.744186 0.731707
31 0.500000 0.500000 0.833333 0.843750
1 0.511905 0.500000 0.738095 0.756098
11 0.500000 0.500000 0.743590 0.722222
8 0.513514 0.500000 0.702703 0.722222
18 0.512500 0.500000 0.725000 0.714286
17 0.511364 0.511111 0.750000 0.755556
13 0.508929 0.509804 0.803571 0.784314
7 0.500000 0.513514 0.722222 0.702703
26 0.487805 0.500000 0.731707 0.666667
