17 0.511364 0.500000 0.750000 0.782609
25 0.500000 0.508772 0.827586 0.807018
38 0.513514 0.513514 0.702703 0.702703
5 0.500000 0.512500 0.743590 0.725000
26 0.500000 0.500000 0.743590 0.714286
12 0.500000 0.500000 0.761905 0.756098
15 0.515625 0.515625 0.656250 0.656250
33 0.514706 0.500000 0.676471 0.705882
2 0.512195 0.511905 0.731707 0.738095
9 0.500000 0.500000 0.705882 0.714286
11 0.500000 0.514286 0.736842 0.685714
18 0.509091 0.500000 0.800000 0.814815
8 0.500000 0.510870 0.777778 0.760870
3 0.512500 0.500000 0.725000 0.743590
7 0.500000 0.500000 0.692308 0.750000
35 0.500000 0.485294 0.657143 0.676471
4 0.500000 0.510870 0.777778 0.760870
14 0.500000 0.500000 0.823529 0.810811
31 0.500000 0.500000 0.818182 0.800000
10 0.500000 0.511628 0.761905 0.744186
1 0.500000 0.513514 0.722222 0.702703
