10 0.511905 0.511628 0.738095 0.744186
14 0.500000 0.500000 0.755102 0.787234
26 0.509259 0.490385 0.796296 0.788462
16 0.500000 0.500000 0.647059 0.647059
13 0.500000 0.500000 0.761905 0.795918
11 0.490909 0.509804 0.800000 0.784314
18 0.500000 0.500000 0.700000 0.722222
28 0.511111 0.511628 0.755556 0.744186
35 0.513889 0.500000 0.694444 0.722222
9 0.500000 0.500000 0.714286 0.727273
12 0.500000 0.500000 0.795918 0.800000
7 0.488095 0.500000 0.738095 0.756098
5 0.500000 0.511628 0.756098 0.744186
36 0.513158 0.486842 0.710526 0.710526
2 0.513889 0.515625 0.694444 0.656250
8 0.512500 0.512500 0.725000 0.725000
3 0.500000 0.513514 0.722222 0.702703
31 0.512500 0.512500 0.725000 0.725000
6 0.513514 0.513514 0.702703 0.702703
15 0.500000 0.509091 0.791667 0.800000
1 0.513158 0.500000 0.710526 0.692308
30 0.500000 0.500000 0.743590 0.707317
25 0.493333 0.506250 0.826667 0.812500
23 0.492188 0.508621 0.828125 0.810345
