38 0.500000 0.516667 0.655172 0.633333
3 0.518519 0.517857 0.592593 0.607143
18 0.533333 0.500000 0.866667 0.827586
17 0.519231 0.500000 0.576923 0.600000
28 0.500000 0.500000 0.767442 0.743590
12 0.500000 0.500000 0.714286 0.666667
20 0.517241 0.500000 0.620690 0.600000
7 0.500000 0.500000 0.687500 0.687500
30 0.500000 0.500000 0.696970 0.687500
33 0.518519 0.482143 0.592593 0.607143
2 0.500000 0.500000 0.615385 0.600000
31 0.500000 0.517857 0.655172 0.607143
1 0.517241 0.517857 0.620690 0.607143
36 0.500000 0.500000 0.655172 0.655172
25 0.432432 0.512500 0.864865 0.725000
16 0.516129 0.515625 0.645161 0.656250
22 0.516667 0.516667 0.633333 0.633333
10 0.500000 0.500000 0.655172 0.655172
26 0.516129 0.517241 0.645161 0.620690
4 0.517857 0.500000 0.607143 0.629630
15 0.518519 0.518519 0.592593 0.592593
9 0.500000 0.500000 0.722222 0.722222
8 0.516667 0.516667 0.633333 0.633333
40 0.500000 0.500000 0.666667 0.687500
34 0.516667 0.500000 0.633333 0.696970
6 0.500000 0.517857 0.615385 0.607143
5 0.483871 0.515625 0.645161 0.656250
