9 0.500000 0.500000 0.767442 0.767442
35 0.500000 0.513158 0.714286 0.710526
18 0.500000 0.500000 0.777778 0.777778
10 0.500000 0.500000 0.705882 0.714286
5 0.500000 0.500000 0.722222 0.722222
28 0.513514 0.500000 0.702703 0.677419
12 0.500000 0.500000 0.750000 0.761905
11 0.515625 0.515625 0.656250 0.656250
7 0.512821 0.500000 0.717949 0.750000
31 0.500000 0.511111 0.787234 0.755556
15 0.500000 0.500000 0.647059 0.743590
14 0.512500 0.512500 0.725000 0.725000
8 0.513889 0.500000 0.694444 0.687500
3 0.500000 0.500000 0.647059 0.647059
4 0.500000 0.515152 0.647059 0.666667
2 0.500000 0.500000 0.827586 0.833333
26 0.504950 0.505376 0.831683 0.817204
