9 0.509615 0.500000 0.788462 0.773585
12 0.500000 0.487500 0.750000 0.725000
13 0.500000 0.500000 0.830508 0.818182
10 0.512195 0.512195 0.731707 0.731707
7 0.508929 0.508929 0.803571 0.803571
23 0.509091 0.509434 0.800000 0.792453
5 0.500000 0.510638 0.782609 0.765957
15 0.500000 0.512195 0.743590 0.731707
2 0.500000 0.500000 0.782609 0.787234
35 0.508197 0.508197 0.819672 0.819672
28 0.509259 0.509091 0.796296 0.800000
17 0.500000 0.500000 0.722222 0.729730
18 0.511628 0.512500 0.744186 0.725000
4 0.500000 0.511364 0.750000 0.750000
14 0.500000 0.507353 0.823529 0.808824
31 0.500000 0.500000 0.773585 0.795918
25 0.510638 0.500000 0.765957 0.777778
26 0.500000 0.512195 0.739130 0.731707
8 0.512500 0.510870 0.725000 0.760870
