22 0.500000 0.515625 0.696970 0.656250
2 0.500000 0.511364 0.772727 0.750000
14 0.500000 0.500000 0.767442 0.767442
9 0.516667 0.500000 0.633333 0.625000
1 0.500000 0.483871 0.600000 0.645161
31 0.500000 0.515152 0.714286 0.666667
23 0.518519 0.500000 0.592593 0.600000
13 0.513158 0.500000 0.710526 0.705882
28 0.500000 0.518519 0.642857 0.592593
33 0.500000 0.515152 0.714286 0.666667
36 0.508929 0.508929 0.803571 0.803571
8 0.514706 0.500000 0.676471 0.705882
4 0.500000 0.500000 0.625000 0.666667
5 0.500000 0.500000 0.642857 0.642857
16 0.500000 0.516667 0.655172 0.633333
6 0.517857 0.517241 0.607143 0.620690
34 0.516667 0.500000 0.633333 0.666667
26 0.500000 0.482143 0.666667 0.607143
7 0.500000 0.516667 0.655172 0.633333
15 0.500000 0.488095 0.684211 0.738095
38 0.500000 0.500000 0.615385 0.615385
35 0.514706 0.514286 0.676471 0.685714
11 0.500000 0.500000 0.736842 0.692308
10 0.500000 0.500000 0.677419 0.677419
