38 0.500000 0.500000 0.761905 0.800000
33 0.500000 0.500000 0.736842 0.750000
35 0.500000 0.511628 0.761905 0.744186
7 0.500000 0.513514 0.714286 0.702703
15 0.516667 0.500000 0.633333 0.655172
31 0.486111 0.485714 0.694444 0.685714
2 0.500000 0.500000 0.666667 0.687500
10 0.500000 0.500000 0.687500 0.687500
14 0.500000 0.500000 0.824561 0.824561
12 0.500000 0.483333 0.612903 0.633333
26 0.514706 0.515625 0.676471 0.656250
1 0.500000 0.513158 0.729730 0.710526
23 0.511364 0.511628 0.750000 0.744186
4 0.516129 0.514706 0.645161 0.676471
17 0.517241 0.500000 0.620690 0.655172
11 0.488095 0.512195 0.738095 0.731707
13 0.512500 0.500000 0.725000 0.714286
9 0.500000 0.500000 0.772727 0.772727
5 0.513889 0.513889 0.694444 0.694444
8 0.500000 0.500000 0.696970 0.687500
3 0.513889 0.513514 0.694444 0.702703
