7 0.509804 0.509804 0.784314 0.784314
14 0.500000 0.500000 0.843750 0.841270
15 0.500000 0.500000 0.729730 0.722222
31 0.500000 0.500000 0.755102 0.744681
28 0.510000 0.509615 0.780000 0.788462
13 0.500000 0.509804 0.818182 0.784314
11 0.508065 0.508333 0.822581 0.816667
12 0.512500 0.512821 0.725000 0.717949
17 0.514706 0.514706 0.676471 0.676471
10 0.512500 0.500000 0.725000 0.743590
26 0.500000 0.512821 0.756098 0.717949
4 0.512821 0.500000 0.717949 0.756098
3 0.500000 0.511628 0.750000 0.744186
25 0.500000 0.511905 0.767442 0.738095
8 0.500000 0.512500 0.736842 0.725000
23 0.509615 0.500000 0.788462 0.803922
