2 0.500000 0.510417 0.791667 0.770833
15 0.500000 0.500000 0.729730 0.756098
33 0.500000 0.500000 0.722222 0.705882
26 0.515152 0.516667 0.666667 0.633333
5 0.484848 0.500000 0.666667 0.647059
35 0.500000 0.500000 0.705882 0.714286
8 0.500000 0.500000 0.722222 0.722222
7 0.500000 0.515625 0.677419 0.656250
4 0.515152 0.515152 0.666667 0.666667
23 0.515625 0.483871 0.656250 0.645161
16 0.516667 0.516129 0.633333 0.645161
3 0.515152 0.500000 0.666667 0.647059
1 0.515152 0.500000 0.666667 0.705882
17 0.517241 0.518519 0.620690 0.592593
38 0.500000 0.500000 0.615385 0.571429
11 0.487805 0.487179 0.731707 0.717949
14 0.500000 0.511111 0.772727 0.755556
28 0.500000 0.500000 0.647059 0.625000
22 0.500000 0.500000 0.722222 0.696970
34 0.515152 0.515625 0.666667 0.656250
18 0.513158 0.512821 0.710526 0.717949
30 0.500000 0.500000 0.736842 0.736842
10 0.514706 0.514706 0.676471 0.676471
9 0.500000 0.500000 0.636364 0.647059
