36 0.500000 0.500000 0.666667 0.666667
40 0.516129 0.500000 0.645161 0.687500
21 0.517241 0.517241 0.620690 0.620690
14 0.508772 0.507692 0.807018 0.830769
7 0.515152 0.515152 0.666667 0.666667
31 0.483333 0.500000 0.633333 0.586207
30 0.513889 0.514286 0.694444 0.685714
6 0.500000 0.516667 0.642857 0.633333
12 0.500000 0.500000 0.714286 0.655172
38 0.518519 0.500000 0.592593 0.615385
3 0.500000 0.517857 0.629630 0.607143
22 0.500000 0.483871 0.666667 0.645161
11 0.500000 0.510638 0.795918 0.765957
9 0.513514 0.513514 0.702703 0.702703
8 0.516129 0.516129 0.645161 0.645161
33 0.500000 0.517857 0.586207 0.607143
4 0.500000 0.500000 0.586207 0.586207
16 0.500000 0.500000 0.666667 0.677419
23 0.512821 0.513514 0.717949 0.702703
25 0.488636 0.500000 0.750000 0.720930
18 0.522059 0.500000 0.838235 0.838710
10 0.500000 0.483871 0.625000 0.645161
20 0.516129 0.500000 0.645161 0.586207
34 0.483333 0.514706 0.633333 0.676471
35 0.500000 0.512500 0.700000 0.725000
