38 0.500000 0.500000 0.642857 0.655172
9 0.513889 0.513889 0.694444 0.694444
10 0.512821 0.512821 0.717949 0.717949
14 0.511111 0.510870 0.755556 0.760870
28 0.500000 0.500000 0.787234 0.787234
11 0.511628 0.500000 0.744186 0.756098
17 0.500000 0.513158 0.655172 0.710526
7 0.500000 0.500000 0.705882 0.696970
8 0.500000 0.513514 0.722222 0.702703
13 0.511905 0.512821 0.738095 0.717949
2 0.515625 0.500000 0.656250 0.687500
34 0.512500 0.512500 0.725000 0.725000
3 0.516129 0.500000 0.645161 0.666667
15 0.500000 0.500000 0.657143 0.722222
16 0.500000 0.509804 0.769231 0.784314
4 0.500000 0.517241 0.642857 0.620690
31 0.516129 0.500000 0.645161 0.666667
12 0.516667 0.516667 0.633333 0.633333
6 0.500000 0.483871 0.666667 0.645161
26 0.500000 0.500000 0.687500 0.677419
