23 0.500000 0.510417 0.800000 0.770833
7 0.500000 0.513158 0.736842 0.710526
16 0.490741 0.509259 0.796296 0.796296
35 0.514286 0.514286 0.685714 0.685714
9 0.512195 0.512195 0.731707 0.731707
6 0.500000 0.500000 0.647059 0.696970
12 0.514706 0.514706 0.676471 0.676471
28 0.490741 0.500000 0.796296 0.814815
25 0.513158 0.500000 0.710526 0.675676
18 0.510417 0.510417 0.770833 0.770833
14 0.507937 0.500000 0.825397 0.841270
2 0.500000 0.500000 0.647059 0.696970
8 0.511628 0.511628 0.744186 0.744186
33 0.500000 0.500000 0.760000 0.760000
26 0.513514 0.513889 0.702703 0.694444
3 0.514706 0.485294 0.676471 0.676471
31 0.485294 0.500000 0.676471 0.714286
30 0.500000 0.514706 0.736842 0.676471
38 0.500000 0.500000 0.625000 0.677419
4 0.515152 0.514706 0.666667 0.676471
5 0.514286 0.500000 0.685714 0.705882
11 0.510000 0.500000 0.780000 0.787234
10 0.500000 0.500000 0.756098 0.756098
15 0.486486 0.487500 0.702703 0.725000
1 0.500000 0.500000 0.760000 0.764706
