38 0.500000 0.508197 0.827586 0.819672
3 0.506494 0.506494 0.831169 0.831169
11 0.500000 0.500000 0.836735 0.835294
13 0.506250 0.500000 0.812500 0.835616
17 0.500000 0.500000 0.750000 0.750000
15 0.500000 0.500000 0.826087 0.838235
12 0.500000 0.500000 0.831325 0.833333
33 0.510870 0.500000 0.760870 0.835616
1 0.500000 0.500000 0.836735 0.825243
14 0.500000 0.504202 0.827586 0.823529
10 0.500000 0.506944 0.830986 0.819444
26 0.493243 0.500000 0.824324 0.843750
5 0.500000 0.500000 0.750000 0.750000
2 0.492188 0.500000 0.828125 0.841270
8 0.508929 0.500000 0.803571 0.827586
18 0.505051 0.505747 0.828283 0.827586
25 0.505952 0.506757 0.821429 0.824324
35 0.500000 0.510000 0.795918 0.780000
