5 0.489130 0.500000 0.760870 0.777778
13 0.507042 0.508197 0.816901 0.819672
2 0.500000 0.500000 0.782609 0.782609
15 0.515152 0.500000 0.666667 0.687500
26 0.488889 0.487805 0.755556 0.731707
1 0.500000 0.511905 0.756098 0.738095
10 0.500000 0.509434 0.803922 0.792453
31 0.491525 0.509091 0.813559 0.800000
38 0.512821 0.512821 0.717949 0.717949
12 0.509804 0.509804 0.784314 0.784314
4 0.509615 0.509434 0.788462 0.792453
9 0.500000 0.500000 0.736842 0.743590
8 0.509804 0.509804 0.784314 0.784314
35 0.513158 0.500000 0.710526 0.736842
33 0.500000 0.500000 0.705882 0.714286
25 0.506494 0.500000 0.831169 0.833333
3 0.511905 0.511905 0.738095 0.738095
17 0.500000 0.509615 0.791667 0.788462
