31 0.491379 0.500000 0.810345 0.811321
35 0.513158 0.500000 0.710526 0.692308
9 0.500000 0.500000 0.729730 0.729730
15 0.516129 0.500000 0.645161 0.666667
8 0.510000 0.510000 0.780000 0.780000
14 0.500000 0.493827 0.818182 0.814815
5 0.500000 0.511111 0.772727 0.755556
4 0.500000 0.510000 0.795918 0.780000
17 0.510204 0.500000 0.775510 0.807692
10 0.500000 0.500000 0.791667 0.791667
38 0.500000 0.512821 0.736842 0.717949
3 0.511905 0.511905 0.738095 0.738095
11 0.500000 0.500000 0.736842 0.714286
25 0.507042 0.500000 0.816901 0.843750
26 0.488636 0.500000 0.750000 0.707317
