23 0.500000 0.510000 0.814815 0.780000
12 0.500000 0.500000 0.756098 0.767442
11 0.500000 0.500000 0.696970 0.657143
1 0.500000 0.500000 0.714286 0.675676
28 0.486486 0.500000 0.702703 0.705882
3 0.485294 0.514706 0.676471 0.676471
8 0.500000 0.500000 0.722222 0.705882
14 0.510870 0.510870 0.760870 0.760870
7 0.500000 0.511364 0.750000 0.750000
5 0.512195 0.500000 0.731707 0.750000
13 0.493421 0.493333 0.828947 0.826667
17 0.500000 0.500000 0.714286 0.750000
9 0.500000 0.500000 0.767442 0.767442
4 0.500000 0.500000 0.722222 0.714286
15 0.500000 0.488095 0.714286 0.738095
26 0.504545 0.500000 0.827273 0.835052
35 0.512500 0.512500 0.725000 0.725000
38 0.486842 0.487500 0.710526 0.725000
