26 0.510870 0.500000 0.760870 0.743590
14 0.511905 0.500000 0.738095 0.756098
10 0.512195 0.512195 0.731707 0.731707
8 0.512195 0.500000 0.731707 0.756098
17 0.500000 0.500000 0.791667 0.791667
5 0.510417 0.500000 0.770833 0.787234
31 0.493976 0.500000 0.819277 0.835616
4 0.513158 0.500000 0.710526 0.743590
18 0.511364 0.512821 0.750000 0.717949
15 0.511364 0.500000 0.750000 0.727273
9 0.500000 0.500000 0.736842 0.767442
12 0.510638 0.500000 0.765957 0.787234
1 0.500000 0.510417 0.782609 0.770833
38 0.500000 0.511628 0.761905 0.744186
2 0.488095 0.511628 0.738095 0.744186
3 0.500000 0.509259 0.803922 0.796296
25 0.490196 0.490000 0.784314 0.780000
7 0.512500 0.512500 0.725000 0.725000
11 0.500000 0.500000 0.767442 0.714286
