15 0.505263 0.504505 0.821053 0.828829
13 0.500000 0.513158 0.729730 0.710526
7 0.516667 0.516129 0.633333 0.645161
11 0.509615 0.510417 0.788462 0.770833
17 0.500000 0.514706 0.687500 0.676471
12 0.500000 0.513514 0.722222 0.702703
5 0.516667 0.516667 0.633333 0.633333
1 0.489130 0.500000 0.760870 0.782609
25 0.513889 0.500000 0.694444 0.647059
33 0.500000 0.512821 0.666667 0.717949
14 0.510000 0.500000 0.780000 0.800000
8 0.500000 0.500000 0.729730 0.729730
31 0.512195 0.512821 0.731707 0.717949
35 0.500000 0.500000 0.687500 0.696970
3 0.513514 0.500000 0.702703 0.722222
38 0.500000 0.516129 0.666667 0.645161
26 0.515625 0.483333 0.656250 0.633333
10 0.514286 0.514286 0.685714 0.685714
