6 0.500000 0.500000 0.696970 0.714286
7 0.513514 0.500000 0.702703 0.729730
9 0.511364 0.500000 0.750000 0.777778
25 0.500000 0.507246 0.830986 0.811594
5 0.511111 0.511111 0.755556 0.755556
4 0.500000 0.511628 0.727273 0.744186
31 0.509434 0.510417 0.792453 0.770833
1 0.511628 0.500000 0.744186 0.767442
28 0.488636 0.500000 0.750000 0.714286
12 0.510204 0.510204 0.775510 0.775510
26 0.500000 0.500000 0.767442 0.750000
38 0.515625 0.500000 0.656250 0.666667
8 0.510638 0.500000 0.765957 0.782609
18 0.500000 0.500000 0.743590 0.756098
30 0.500000 0.500000 0.777778 0.787234
15 0.500000 0.510638 0.750000 0.765957
13 0.491228 0.500000 0.807018 0.800000
14 0.510204 0.510204 0.775510 0.775510
33 0.500000 0.486486 0.729730 0.702703
17 0.516667 0.517241 0.633333 0.620690
2 0.500000 0.500000 0.797101 0.838710
16 0.500000 0.513158 0.729730 0.710526
3 0.511905 0.511905 0.738095 0.738095
36 0.500000 0.508772 0.824561 0.807018
10 0.512500 0.512500 0.725000 0.725000
