9 0.510870 0.489130 0.760870 0.760870
22 0.514286 0.500000 0.685714 0.705882
34 0.500000 0.512195 0.714286 0.731707
30 0.500000 0.500000 0.756098 0.743590
3 0.513889 0.500000 0.694444 0.714286
5 0.500000 0.513889 0.666667 0.694444
6 0.513889 0.512821 0.694444 0.717949
12 0.500000 0.512821 0.767442 0.717949
4 0.500000 0.514286 0.696970 0.685714
13 0.510638 0.500000 0.765957 0.761905
18 0.505814 0.500000 0.825581 0.840000
38 0.514706 0.500000 0.676471 0.696970
35 0.500000 0.510000 0.791667 0.780000
36 0.500000 0.514286 0.696970 0.685714
28 0.500000 0.510000 0.818182 0.780000
17 0.500000 0.500000 0.696970 0.657143
33 0.500000 0.500000 0.677419 0.636364
15 0.515152 0.515152 0.666667 0.666667
40 0.512195 0.511628 0.731707 0.744186
23 0.490196 0.510417 0.784314 0.770833
21 0.513158 0.500000 0.710526 0.714286
1 0.513889 0.485714 0.694444 0.685714
8 0.513514 0.513158 0.702703 0.710526
25 0.500000 0.510638 0.760000 0.765957
11 0.508065 0.500000 0.822581 0.818182
2 0.500000 0.484848 0.657143 0.666667
20 0.500000 0.513514 0.750000 0.702703
