1 0.493333 0.500000 0.826667 0.830986
15 0.509804 0.500000 0.784314 0.814815
7 0.504762 0.504950 0.819048 0.831683
14 0.496154 0.503521 0.823077 0.823944
33 0.511364 0.500000 0.750000 0.777778
31 0.504274 0.504808 0.820513 0.817308
38 0.500000 0.507812 0.833333 0.828125
9 0.500000 0.500000 0.835616 0.842105
30 0.500000 0.500000 0.830508 0.811321
2 0.500000 0.500000 0.825000 0.822785
5 0.500000 0.500000 0.836066 0.836066
28 0.506173 0.500000 0.814815 0.833333
25 0.500000 0.500000 0.840909 0.827160
13 0.500000 0.504132 0.830769 0.826446
11 0.500000 0.506024 0.833333 0.819277
8 0.500000 0.506849 0.826087 0.821918
18 0.505435 0.505435 0.815217 0.815217
10 0.500000 0.500000 0.833333 0.833333
