18 0.500000 0.500000 0.733333 0.714286
9 0.500000 0.500000 0.777778 0.773585
10 0.512195 0.500000 0.731707 0.750000
7 0.508621 0.508621 0.810345 0.810345
11 0.500000 0.508065 0.833333 0.822581
8 0.500000 0.511111 0.756098 0.755556
15 0.500000 0.500000 0.756098 0.756098
31 0.509259 0.500000 0.796296 0.800000
28 0.508772 0.508772 0.807018 0.807018
23 0.508621 0.508929 0.810345 0.803571
4 0.511628 0.510870 0.744186 0.760870
17 0.500000 0.500000 0.729730 0.736842
26 0.500000 0.511628 0.782609 0.744186
12 0.488095 0.487805 0.738095 0.731707
35 0.507937 0.500000 0.825397 0.841270
5 0.510417 0.500000 0.770833 0.787234
38 0.509259 0.507812 0.796296 0.828125
3 0.500000 0.500000 0.767442 0.777778
