9 0.500000 0.500000 0.830986 0.830986
2 0.500000 0.500000 0.803922 0.782609
3 0.500000 0.508197 0.830508 0.819672
5 0.508197 0.500000 0.819672 0.838710
11 0.500000 0.500000 0.831325 0.837838
38 0.500000 0.492647 0.820896 0.808824
8 0.508621 0.500000 0.810345 0.824561
7 0.508621 0.500000 0.810345 0.827586
10 0.500000 0.507353 0.820896 0.808824
6 0.500000 0.500000 0.803922 0.803922
1 0.508475 0.508621 0.813559 0.810345
30 0.493333 0.506579 0.826667 0.828947
12 0.506098 0.494118 0.817073 0.823529
23 0.500000 0.500000 0.828571 0.827957
4 0.509434 0.500000 0.792453 0.814815
26 0.500000 0.505814 0.833333 0.825581
25 0.500000 0.503906 0.823009 0.820312
16 0.488636 0.511111 0.750000 0.755556
18 0.492857 0.500000 0.814286 0.841270
13 0.500000 0.500000 0.830508 0.833333
36 0.491525 0.508475 0.813559 0.813559
35 0.500000 0.510870 0.777778 0.760870
34 0.506250 0.506250 0.812500 0.812500
20 0.500000 0.500000 0.824561 0.811321
33 0.506944 0.500000 0.819444 0.830986
22 0.508197 0.508475 0.819672 0.813559
