10 0.500000 0.500000 0.705882 0.705882
26 0.484375 0.500000 0.656250 0.655172
17 0.513514 0.512821 0.702703 0.717949
38 0.515625 0.515625 0.656250 0.656250
9 0.500000 0.516129 0.642857 0.645161
35 0.517857 0.482759 0.607143 0.620690
15 0.500000 0.517857 0.629630 0.607143
31 0.500000 0.488372 0.727273 0.744186
3 0.500000 0.513889 0.705882 0.694444
18 0.500000 0.500000 0.761905 0.761905
11 0.500000 0.500000 0.696970 0.642857
1 0.516129 0.500000 0.645161 0.677419
33 0.500000 0.500000 0.677419 0.687500
5 0.500000 0.485294 0.657143 0.676471
2 0.500000 0.514286 0.657143 0.685714
7 0.500000 0.500000 0.600000 0.629630
13 0.500000 0.489796 0.781818 0.775510
4 0.500000 0.500000 0.714286 0.714286
8 0.500000 0.513889 0.714286 0.694444
