10 0.510638 0.500000 0.765957 0.782609
31 0.500000 0.500000 0.843750 0.833333
35 0.500000 0.506250 0.842105 0.812500
17 0.511364 0.500000 0.750000 0.777778
11 0.500000 0.506024 0.806452 0.819277
13 0.500000 0.500000 0.829268 0.842105
38 0.508621 0.500000 0.810345 0.833333
15 0.500000 0.509804 0.803922 0.784314
8 0.510417 0.500000 0.770833 0.800000
9 0.508621 0.500000 0.810345 0.824561
5 0.508197 0.500000 0.819672 0.833333
28 0.500000 0.500000 0.820896 0.826087
26 0.509434 0.500000 0.792453 0.787234
18 0.509804 0.500000 0.784314 0.787234
23 0.500000 0.500000 0.838710 0.836066
25 0.508333 0.508475 0.816667 0.813559
1 0.507937 0.492063 0.825397 0.825397
12 0.510417 0.500000 0.770833 0.782609
14 0.500000 0.506173 0.827160 0.814815
2 0.500000 0.500000 0.838710 0.843750
3 0.489583 0.489796 0.770833 0.775510
7 0.506849 0.500000 0.821918 0.833333
33 0.510204 0.509091 0.775510 0.800000
4 0.510417 0.500000 0.770833 0.803922
