25 0.509091 0.500000 0.800000 0.811321
38 0.500000 0.500000 0.705882 0.696970
1 0.500000 0.514286 0.705882 0.685714
12 0.513514 0.500000 0.702703 0.722222
31 0.500000 0.500000 0.795918 0.787234
5 0.500000 0.500000 0.684211 0.684211
26 0.486111 0.500000 0.694444 0.687500
15 0.500000 0.515625 0.677419 0.656250
3 0.500000 0.500000 0.729730 0.736842
9 0.515152 0.500000 0.666667 0.687500
8 0.500000 0.500000 0.750000 0.750000
13 0.500000 0.509434 0.824561 0.792453
17 0.500000 0.511905 0.756098 0.738095
7 0.500000 0.513514 0.705882 0.702703
4 0.511905 0.500000 0.738095 0.756098
33 0.500000 0.500000 0.687500 0.696970
10 0.512500 0.512500 0.725000 0.725000
