23 0.500000 0.508621 0.830508 0.810345
9 0.508929 0.508929 0.803571 0.803571
15 0.500000 0.500000 0.777778 0.777778
4 0.500000 0.510204 0.772727 0.775510
13 0.500000 0.500000 0.830986 0.843750
38 0.500000 0.507353 0.814815 0.808824
17 0.512500 0.512195 0.725000 0.731707
3 0.500000 0.500000 0.777778 0.750000
26 0.500000 0.488889 0.795918 0.755556
2 0.490909 0.500000 0.800000 0.818182
1 0.500000 0.508772 0.821429 0.807018
8 0.500000 0.500000 0.782609 0.782609
31 0.508197 0.508621 0.819672 0.810345
25 0.490741 0.500000 0.796296 0.807692
11 0.500000 0.506944 0.842105 0.819444
14 0.500000 0.506667 0.840000 0.826667
33 0.500000 0.509434 0.791667 0.792453
10 0.511111 0.500000 0.755556 0.772727
7 0.507246 0.507246 0.811594 0.811594
5 0.500000 0.509259 0.811321 0.796296
28 0.508197 0.500000 0.819672 0.836066
35 0.507143 0.506944 0.814286 0.819444
