11 0.500000 0.500000 0.829060 0.826923
15 0.504202 0.503521 0.823529 0.823944
12 0.500000 0.504545 0.826923 0.827273
5 0.500000 0.500000 0.777778 0.772727
4 0.506849 0.500000 0.821918 0.842105
13 0.505376 0.505882 0.817204 0.823529
25 0.500000 0.500000 0.826923 0.827957
1 0.500000 0.500000 0.834862 0.824561
7 0.508197 0.508333 0.819672 0.816667
26 0.500000 0.506173 0.824176 0.814815
2 0.506024 0.506024 0.819277 0.819277
31 0.500000 0.504717 0.829060 0.820755
18 0.500000 0.500000 0.837838 0.836735
14 0.500000 0.500000 0.834586 0.837037
9 0.511111 0.511628 0.755556 0.744186
8 0.500000 0.507937 0.830508 0.825397
17 0.512821 0.500000 0.717949 0.743590
