5 0.500000 0.500000 0.827160 0.831325
4 0.500000 0.500000 0.761905 0.756098
38 0.508621 0.500000 0.810345 0.843750
35 0.500000 0.507042 0.828571 0.816901
1 0.507353 0.507246 0.808824 0.811594
26 0.500000 0.500000 0.835443 0.832168
18 0.500000 0.500000 0.840909 0.840909
3 0.512500 0.500000 0.725000 0.743590
17 0.510638 0.510204 0.765957 0.775510
14 0.505376 0.500000 0.817204 0.826087
10 0.500000 0.507246 0.823529 0.811594
13 0.495798 0.504630 0.823529 0.824074
15 0.508197 0.500000 0.819672 0.826087
2 0.500000 0.505051 0.836735 0.828283
31 0.500000 0.500000 0.835616 0.820896
23 0.504505 0.505102 0.828829 0.826531
11 0.491379 0.509259 0.810345 0.796296
33 0.510638 0.500000 0.765957 0.824561
12 0.500000 0.508197 0.824561 0.819672
