3 0.500000 0.511628 0.767442 0.744186
10 0.508333 0.500000 0.816667 0.830508
18 0.506667 0.506667 0.826667 0.826667
17 0.509091 0.500000 0.800000 0.824561
1 0.511111 0.510870 0.755556 0.760870
38 0.500000 0.500000 0.772727 0.772727
35 0.500000 0.511364 0.761905 0.750000
25 0.505435 0.505882 0.815217 0.823529
8 0.508475 0.500000 0.813559 0.827586
31 0.500000 0.500000 0.843750 0.830508
15 0.500000 0.500000 0.705882 0.705882
12 0.508333 0.508475 0.816667 0.813559
26 0.500000 0.510870 0.800000 0.760870
14 0.500000 0.500000 0.816092 0.810526
11 0.500000 0.512195 0.772727 0.731707
33 0.514286 0.500000 0.685714 0.684211
5 0.510000 0.500000 0.780000 0.795918
7 0.510870 0.510204 0.760870 0.775510
9 0.511628 0.500000 0.744186 0.761905
2 0.500000 0.509615 0.795918 0.788462
