33 0.510000 0.500000 0.780000 0.795918
30 0.512500 0.514286 0.725000 0.685714
12 0.514286 0.500000 0.685714 0.705882
23 0.509804 0.500000 0.784314 0.755102
28 0.500000 0.500000 0.818182 0.793103
10 0.511364 0.500000 0.750000 0.767442
6 0.500000 0.500000 0.657143 0.705882
11 0.490385 0.500000 0.788462 0.795918
31 0.486111 0.500000 0.694444 0.729730
8 0.511628 0.511628 0.744186 0.744186
2 0.500000 0.500000 0.696970 0.666667
5 0.513889 0.513889 0.694444 0.694444
16 0.490741 0.509259 0.796296 0.796296
14 0.500000 0.507353 0.823529 0.808824
9 0.511905 0.500000 0.738095 0.761905
3 0.513889 0.514286 0.694444 0.685714
4 0.500000 0.500000 0.647059 0.657143
7 0.500000 0.500000 0.743590 0.736842
17 0.500000 0.513158 0.655172 0.710526
1 0.510000 0.500000 0.780000 0.769231
15 0.500000 0.500000 0.692308 0.714286
13 0.500000 0.511111 0.782609 0.755556
18 0.500000 0.500000 0.750000 0.750000
