4 0.516129 0.515625 0.645161 0.656250
31 0.511628 0.500000 0.744186 0.750000
12 0.500000 0.500000 0.714286 0.714286
5 0.515152 0.515152 0.666667 0.666667
26 0.500000 0.509615 0.793103 0.788462
3 0.500000 0.500000 0.666667 0.666667
14 0.488636 0.500000 0.750000 0.785714
13 0.500000 0.500000 0.760000 0.739130
2 0.500000 0.500000 0.615385 0.655172
25 0.512195 0.513158 0.731707 0.710526
38 0.517241 0.500000 0.620690 0.655172
8 0.513889 0.500000 0.694444 0.722222
35 0.500000 0.500000 0.687500 0.687500
9 0.500000 0.500000 0.714286 0.714286
11 0.500000 0.500000 0.675676 0.714286
10 0.500000 0.514706 0.696970 0.676471
17 0.516129 0.500000 0.645161 0.696970
28 0.500000 0.500000 0.743590 0.736842
23 0.506250 0.506944 0.812500 0.819444
30 0.500000 0.516129 0.687500 0.645161
33 0.500000 0.500000 0.722222 0.729730
18 0.513158 0.500000 0.710526 0.729730
1 0.500000 0.484375 0.636364 0.656250
15 0.500000 0.500000 0.655172 0.675676
