18 0.505882 0.506173 0.823529 0.814815
7 0.500000 0.507246 0.843750 0.811594
15 0.506944 0.500000 0.819444 0.826087
25 0.504167 0.504545 0.825000 0.827273
26 0.505376 0.500000 0.817204 0.818182
8 0.506579 0.500000 0.828947 0.823529
10 0.500000 0.500000 0.827586 0.830508
31 0.500000 0.503521 0.832258 0.823944
3 0.504630 0.504464 0.824074 0.830357
13 0.504673 0.505319 0.822430 0.819149
11 0.504000 0.504505 0.832000 0.828829
2 0.505208 0.500000 0.822917 0.814433
28 0.500000 0.504065 0.837037 0.829268
9 0.504717 0.504630 0.820755 0.824074
33 0.509615 0.505618 0.788462 0.831461
1 0.500000 0.500000 0.826087 0.829787
4 0.510204 0.490385 0.775510 0.788462
12 0.504630 0.500000 0.824074 0.831776
14 0.500000 0.504032 0.833333 0.830645
