25 0.500000 0.500000 0.826667 0.837037
10 0.504237 0.504132 0.822034 0.826446
2 0.532258 0.500000 0.870968 0.833333
26 0.502538 0.502793 0.832487 0.826816
33 0.508772 0.500000 0.807018 0.822785
9 0.500000 0.500000 0.767442 0.767442
35 0.500000 0.504274 0.836066 0.820513
4 0.500000 0.500000 0.782609 0.744681
1 0.496528 0.496528 0.826389 0.826389
18 0.500000 0.500000 0.834711 0.834711
8 0.500000 0.507937 0.820896 0.825397
7 0.506494 0.505618 0.831169 0.831461
23 0.502273 0.500000 0.831818 0.835052
12 0.507042 0.506944 0.816901 0.819444
5 0.503106 0.502976 0.832298 0.827381
14 0.503106 0.503145 0.832298 0.830189
