4 0.516667 0.516667 0.633333 0.633333
20 0.500000 0.500000 0.675676 0.687500
38 0.516667 0.516667 0.633333 0.633333
31 0.484375 0.516667 0.656250 0.633333
8 0.500000 0.515152 0.687500 0.666667
16 0.500000 0.500000 0.696970 0.696970
34 0.483871 0.485714 0.645161 0.685714
3 0.516129 0.500000 0.645161 0.666667
11 0.509259 0.510000 0.796296 0.780000
23 0.511628 0.500000 0.744186 0.707317
35 0.500000 0.500000 0.767442 0.772727
12 0.500000 0.500000 0.729730 0.696970
28 0.510638 0.500000 0.765957 0.756098
33 0.516667 0.500000 0.633333 0.655172
14 0.508065 0.506944 0.822581 0.819444
10 0.514706 0.500000 0.676471 0.696970
36 0.516129 0.515625 0.645161 0.656250
40 0.514706 0.500000 0.676471 0.684211
18 0.500000 0.500000 0.815789 0.823529
21 0.516667 0.516667 0.633333 0.633333
17 0.481481 0.500000 0.592593 0.629630
2 0.517241 0.517857 0.620690 0.607143
26 0.514706 0.500000 0.676471 0.677419
6 0.500000 0.500000 0.687500 0.687500
22 0.500000 0.516129 0.666667 0.645161
30 0.500000 0.513889 0.722222 0.694444
7 0.514286 0.514286 0.685714 0.685714
1 0.516129 0.516129 0.645161 0.645161
9 0.500000 0.512500 0.743590 0.725000
5 0.500000 0.484848 0.677419 0.666667
