26 0.502660 0.500000 0.824468 0.833333
36 0.500000 0.504202 0.831933 0.823529
23 0.500000 0.503788 0.836735 0.825758
7 0.505882 0.505814 0.823529 0.825581
18 0.500000 0.503731 0.830065 0.828358
40 0.508065 0.500000 0.822581 0.797101
8 0.505618 0.500000 0.831461 0.840909
30 0.500000 0.500000 0.829268 0.826087
35 0.509091 0.508772 0.800000 0.807018
31 0.500000 0.500000 0.842105 0.837838
34 0.500000 0.500000 0.826087 0.830508
12 0.503205 0.503247 0.826923 0.824675
5 0.500000 0.500000 0.837838 0.829457
9 0.500000 0.500000 0.823129 0.820513
25 0.500000 0.500000 0.835294 0.832461
6 0.506579 0.500000 0.828947 0.825000
20 0.505051 0.505682 0.828283 0.829545
15 0.506024 0.505882 0.819277 0.823529
13 0.500000 0.505000 0.830986 0.830000
1 0.504132 0.495968 0.826446 0.830645
28 0.500000 0.508621 0.841270 0.810345
22 0.505952 0.505682 0.821429 0.829545
16 0.500000 0.500000 0.821429 0.827586
4 0.505814 0.500000 0.825581 0.827957
33 0.500000 0.500000 0.826923 0.836735
10 0.500000 0.504673 0.830189 0.822430
