30 0.500000 0.500000 0.782609 0.767442
7 0.507692 0.507692 0.830769 0.830769
12 0.508475 0.500000 0.813559 0.827586
4 0.500000 0.500000 0.777778 0.791667
33 0.500000 0.500000 0.720930 0.733333
13 0.500000 0.500000 0.827957 0.827160
18 0.500000 0.500000 0.841270 0.841270
28 0.500000 0.500000 0.836066 0.821429
23 0.500000 0.505952 0.835052 0.821429
35 0.509804 0.509615 0.784314 0.788462
3 0.500000 0.500000 0.736842 0.736842
11 0.500000 0.508772 0.838710 0.807018
5 0.510000 0.500000 0.780000 0.795918
15 0.488889 0.500000 0.755556 0.795918
10 0.500000 0.500000 0.800000 0.800000
9 0.500000 0.508621 0.821429 0.810345
8 0.500000 0.508929 0.811321 0.803571
25 0.492188 0.491667 0.828125 0.816667
2 0.510204 0.500000 0.775510 0.791667
26 0.500000 0.505263 0.809524 0.821053
17 0.516129 0.513889 0.645161 0.694444
38 0.488636 0.500000 0.750000 0.791667
31 0.506579 0.500000 0.828947 0.826087
