10 0.500000 0.500000 0.782609 0.782609
28 0.506098 0.500000 0.817073 0.837838
14 0.500000 0.500000 0.823529 0.826087
2 0.500000 0.491667 0.803279 0.816667
17 0.507937 0.500000 0.825397 0.843750
35 0.500000 0.506173 0.802469 0.814815
26 0.500000 0.500000 0.833333 0.807692
3 0.506849 0.506579 0.821918 0.828947
18 0.508333 0.509091 0.816667 0.800000
4 0.511628 0.500000 0.744186 0.744681
33 0.500000 0.500000 0.782609 0.828571
1 0.500000 0.500000 0.838710 0.841270
9 0.500000 0.500000 0.827586 0.838710
7 0.500000 0.500000 0.795918 0.800000
8 0.500000 0.509804 0.803922 0.784314
13 0.506024 0.500000 0.819277 0.837838
31 0.500000 0.505051 0.833333 0.828283
25 0.506494 0.506944 0.831169 0.819444
15 0.500000 0.490909 0.789474 0.800000
