30 0.500000 0.508929 0.818182 0.803571
26 0.509615 0.510204 0.788462 0.775510
16 0.500000 0.510417 0.777778 0.770833
36 0.507692 0.507353 0.830769 0.808824
5 0.500000 0.500000 0.830508 0.830508
22 0.507812 0.500000 0.828125 0.827586
15 0.488636 0.500000 0.750000 0.760000
8 0.500000 0.500000 0.827586 0.827586
35 0.510000 0.509615 0.780000 0.788462
28 0.491667 0.500000 0.816667 0.821429
33 0.500000 0.500000 0.761905 0.736842
18 0.500000 0.500000 0.733333 0.777778
12 0.500000 0.500000 0.828571 0.828571
13 0.506849 0.507353 0.821918 0.808824
34 0.513158 0.512821 0.710526 0.717949
6 0.512195 0.500000 0.731707 0.761905
10 0.500000 0.500000 0.772727 0.772727
25 0.500000 0.505952 0.840909 0.821429
23 0.510417 0.500000 0.770833 0.750000
1 0.491228 0.491071 0.807018 0.803571
17 0.500000 0.500000 0.687500 0.666667
7 0.500000 0.500000 0.761905 0.767442
31 0.500000 0.500000 0.823529 0.833333
9 0.500000 0.500000 0.815385 0.843750
