12 0.504310 0.500000 0.818966 0.833333
31 0.503650 0.504032 0.832117 0.830645
15 0.504167 0.500000 0.825000 0.830986
3 0.500000 0.504673 0.830189 0.822430
7 0.500000 0.507353 0.823529 0.808824
26 0.500000 0.500000 0.828571 0.826087
10 0.500000 0.500000 0.839080 0.824176
14 0.500000 0.503401 0.837838 0.829932
35 0.500000 0.500000 0.833333 0.841270
17 0.500000 0.512195 0.743590 0.731707
38 0.500000 0.507143 0.820896 0.814286
4 0.506579 0.500000 0.828947 0.829268
5 0.510638 0.500000 0.765957 0.772727
9 0.500000 0.511364 0.777778 0.750000
2 0.505102 0.500000 0.826531 0.831579
33 0.489796 0.494382 0.775510 0.831461
13 0.500000 0.500000 0.836735 0.831579
8 0.507812 0.500000 0.828125 0.823529
11 0.503906 0.504464 0.820312 0.830357
25 0.504505 0.505000 0.828829 0.830000
