10 0.511364 0.511364 0.750000 0.750000
5 0.510417 0.510417 0.770833 0.770833
2 0.493056 0.493243 0.819444 0.824324
35 0.500000 0.511111 0.733333 0.755556
9 0.500000 0.500000 0.767442 0.767442
18 0.508065 0.500000 0.822581 0.836066
25 0.508197 0.500000 0.819672 0.789474
3 0.514286 0.485714 0.685714 0.685714
11 0.486842 0.500000 0.710526 0.692308
28 0.511628 0.487179 0.744186 0.717949
17 0.512821 0.511364 0.717949 0.750000
1 0.511628 0.500000 0.744186 0.756098
13 0.505435 0.500000 0.815217 0.835294
12 0.510638 0.510417 0.765957 0.770833
23 0.500000 0.500000 0.838710 0.824561
14 0.509434 0.509434 0.792453 0.792453
