12 0.509615 0.500000 0.788462 0.811321
7 0.511905 0.512195 0.738095 0.731707
25 0.500000 0.510000 0.807692 0.780000
8 0.487500 0.486842 0.725000 0.710526
14 0.500000 0.491379 0.824561 0.810345
33 0.488372 0.500000 0.744186 0.750000
2 0.512821 0.500000 0.717949 0.750000
1 0.512500 0.511905 0.725000 0.738095
3 0.500000 0.510417 0.782609 0.770833
35 0.500000 0.511628 0.761905 0.744186
31 0.500000 0.500000 0.772727 0.772727
38 0.500000 0.500000 0.720930 0.756098
10 0.500000 0.500000 0.807692 0.807692
13 0.510000 0.500000 0.780000 0.767442
17 0.511111 0.500000 0.755556 0.756098
18 0.511364 0.511905 0.750000 0.738095
