13 0.510638 0.511111 0.765957 0.755556
11 0.510000 0.500000 0.780000 0.782609
33 0.500000 0.518519 0.615385 0.592593
14 0.500000 0.513889 0.705882 0.694444
31 0.500000 0.500000 0.615385 0.615385
35 0.500000 0.512821 0.736842 0.717949
8 0.500000 0.500000 0.612903 0.615385
9 0.500000 0.516129 0.666667 0.645161
7 0.500000 0.500000 0.636364 0.677419
5 0.500000 0.514286 0.705882 0.685714
38 0.500000 0.517857 0.629630 0.607143
1 0.500000 0.500000 0.666667 0.657143
3 0.500000 0.500000 0.629630 0.655172
17 0.500000 0.500000 0.714286 0.722222
12 0.514286 0.500000 0.685714 0.705882
10 0.500000 0.500000 0.705882 0.729730
