7 0.500000 0.500000 0.655172 0.677419
38 0.481481 0.517241 0.592593 0.620690
10 0.500000 0.500000 0.655172 0.655172
8 0.517857 0.480769 0.607143 0.576923
25 0.510638 0.511111 0.765957 0.755556
4 0.516129 0.500000 0.645161 0.666667
13 0.510417 0.510870 0.770833 0.760870
1 0.500000 0.500000 0.586207 0.687500
11 0.518519 0.511628 0.592593 0.744186
17 0.514706 0.500000 0.676471 0.714286
35 0.481481 0.500000 0.592593 0.615385
12 0.517857 0.517857 0.607143 0.607143
3 0.480769 0.517857 0.576923 0.607143
18 0.513514 0.500000 0.702703 0.722222
