14 0.506494 0.500000 0.831169 0.842105
17 0.500000 0.500000 0.782609 0.791667
7 0.510870 0.510638 0.760870 0.765957
25 0.505102 0.505102 0.826531 0.826531
13 0.508772 0.500000 0.807018 0.831325
31 0.500000 0.507937 0.823529 0.825397
8 0.509434 0.500000 0.792453 0.807692
9 0.511111 0.500000 0.755556 0.782609
18 0.500000 0.500000 0.842105 0.833333
4 0.500000 0.500000 0.756098 0.756098
5 0.508772 0.508772 0.807018 0.807018
35 0.507692 0.500000 0.830769 0.841270
3 0.507246 0.507353 0.811594 0.808824
1 0.500000 0.500000 0.777778 0.761905
38 0.492647 0.500000 0.808824 0.826087
11 0.500000 0.508333 0.823529 0.816667
