25 0.500000 0.500000 0.714286 0.687500
17 0.500000 0.500000 0.677419 0.666667
11 0.485294 0.500000 0.676471 0.612903
4 0.500000 0.514706 0.677419 0.676471
9 0.500000 0.512195 0.743590 0.731707
18 0.516667 0.516129 0.633333 0.645161
33 0.513889 0.487179 0.694444 0.717949
12 0.512195 0.511628 0.731707 0.744186
1 0.482759 0.500000 0.620690 0.612903
5 0.500000 0.500000 0.687500 0.647059
8 0.500000 0.500000 0.655172 0.586207
35 0.515625 0.500000 0.656250 0.687500
14 0.486111 0.513158 0.694444 0.710526
10 0.500000 0.513514 0.736842 0.702703
38 0.484375 0.484375 0.656250 0.656250
