11 0.500000 0.500000 0.833333 0.841270
7 0.510417 0.500000 0.770833 0.791667
17 0.500000 0.510000 0.787234 0.780000
10 0.500000 0.509804 0.800000 0.784314
3 0.500000 0.500000 0.837838 0.840000
9 0.510417 0.500000 0.770833 0.800000
8 0.500000 0.509091 0.814815 0.800000
18 0.505682 0.493827 0.829545 0.814815
14 0.500000 0.506098 0.827160 0.817073
25 0.504717 0.504717 0.820755 0.820755
38 0.506667 0.506667 0.826667 0.826667
35 0.506944 0.500000 0.819444 0.828571
4 0.511905 0.512195 0.738095 0.731707
13 0.508197 0.505376 0.819672 0.817204
1 0.500000 0.511364 0.761905 0.750000
31 0.500000 0.507246 0.810811 0.811594
2 0.500000 0.510000 0.795918 0.780000
