1 0.504425 0.500000 0.831858 0.839286
18 0.504717 0.494737 0.820755 0.821053
38 0.514286 0.513514 0.685714 0.702703
25 0.500000 0.500000 0.825000 0.822785
3 0.507937 0.507692 0.825397 0.830769
11 0.502994 0.500000 0.826347 0.832168
7 0.507143 0.506494 0.814286 0.831169
17 0.513158 0.487179 0.710526 0.717949
13 0.507692 0.504274 0.830769 0.820513
8 0.500000 0.491071 0.811321 0.803571
35 0.500000 0.504167 0.829060 0.825000
10 0.509804 0.500000 0.784314 0.800000
4 0.508475 0.500000 0.813559 0.830508
