8 0.507937 0.507937 0.825397 0.825397
35 0.500000 0.505051 0.825243 0.828283
2 0.500000 0.500000 0.793103 0.821429
17 0.508929 0.500000 0.803571 0.827586
38 0.500000 0.504464 0.833333 0.830357
18 0.504274 0.500000 0.820513 0.831776
7 0.500000 0.500000 0.807692 0.811321
3 0.504630 0.504673 0.824074 0.822430
13 0.492857 0.504065 0.814286 0.829268
11 0.500000 0.500000 0.827957 0.831325
4 0.500000 0.511111 0.772727 0.755556
31 0.505155 0.500000 0.824742 0.840909
12 0.506579 0.500000 0.828947 0.830986
1 0.510000 0.500000 0.780000 0.782609
9 0.509615 0.500000 0.788462 0.814815
