8 0.507042 0.500000 0.816901 0.828571
15 0.491525 0.491803 0.813559 0.819672
13 0.500000 0.500000 0.831579 0.835294
31 0.507353 0.500000 0.808824 0.833333
5 0.512500 0.500000 0.725000 0.736842
1 0.506667 0.500000 0.826667 0.835616
12 0.500000 0.500000 0.814815 0.818182
18 0.500000 0.504505 0.836066 0.828829
25 0.500000 0.500000 0.821429 0.800000
2 0.500000 0.509259 0.795918 0.796296
14 0.504065 0.500000 0.829268 0.819672
9 0.516667 0.500000 0.633333 0.666667
7 0.509434 0.500000 0.792453 0.811321
3 0.510000 0.510000 0.780000 0.780000
4 0.500000 0.500000 0.743590 0.743590
33 0.500000 0.506667 0.820513 0.826667
