38 0.500000 0.515152 0.666667 0.666667
11 0.483333 0.500000 0.633333 0.777778
13 0.500000 0.510870 0.791667 0.760870
1 0.500000 0.500000 0.781818 0.841270
5 0.510417 0.500000 0.770833 0.767442
2 0.511364 0.500000 0.750000 0.772727
4 0.510870 0.510870 0.760870 0.760870
25 0.500000 0.500000 0.840909 0.831325
7 0.500000 0.500000 0.756098 0.767442
12 0.500000 0.500000 0.791667 0.791667
10 0.500000 0.510870 0.777778 0.760870
17 0.509615 0.500000 0.788462 0.807692
9 0.500000 0.507042 0.826087 0.816901
18 0.508197 0.507812 0.819672 0.828125
8 0.500000 0.512821 0.733333 0.717949
