5 0.517857 0.500000 0.607143 0.586207
18 0.500000 0.491803 0.843750 0.819672
31 0.500000 0.500000 0.677419 0.677419
11 0.513514 0.500000 0.702703 0.696970
33 0.500000 0.500000 0.642857 0.642857
25 0.513514 0.500000 0.702703 0.696970
7 0.516667 0.483871 0.633333 0.645161
2 0.500000 0.517241 0.642857 0.620690
38 0.517241 0.500000 0.620690 0.655172
3 0.517241 0.516667 0.620690 0.633333
17 0.517241 0.500000 0.620690 0.615385
4 0.500000 0.482759 0.600000 0.620690
15 0.500000 0.518519 0.615385 0.592593
13 0.487179 0.500000 0.717949 0.684211
12 0.516129 0.516129 0.645161 0.645161
10 0.500000 0.500000 0.625000 0.586207
1 0.489130 0.509804 0.760870 0.784314
35 0.515625 0.500000 0.656250 0.677419
14 0.511628 0.510638 0.744186 0.765957
9 0.500000 0.500000 0.655172 0.655172
