14 0.510638 0.500000 0.765957 0.750000
12 0.510417 0.510204 0.770833 0.775510
17 0.513889 0.500000 0.694444 0.705882
8 0.514286 0.500000 0.685714 0.696970
18 0.500000 0.500000 0.684211 0.675676
3 0.513158 0.512195 0.710526 0.731707
35 0.513889 0.513514 0.694444 0.702703
5 0.500000 0.513158 0.692308 0.710526
9 0.511364 0.511364 0.750000 0.750000
2 0.500000 0.514286 0.705882 0.685714
11 0.512195 0.514286 0.731707 0.685714
7 0.513889 0.500000 0.694444 0.722222
4 0.512821 0.500000 0.717949 0.729730
10 0.511111 0.500000 0.755556 0.772727
38 0.500000 0.500000 0.722222 0.722222
1 0.514706 0.513889 0.676471 0.694444
25 0.511364 0.511905 0.750000 0.738095
33 0.500000 0.500000 0.750000 0.767442
