18 0.500000 0.508475 0.836066 0.813559
12 0.500000 0.500000 0.807692 0.795918
25 0.506579 0.506579 0.828947 0.828947
4 0.500000 0.512821 0.743590 0.717949
2 0.500000 0.511905 0.720930 0.738095
5 0.500000 0.500000 0.791667 0.791667
31 0.500000 0.509615 0.777778 0.788462
10 0.500000 0.500000 0.772727 0.782609
11 0.508475 0.509434 0.813559 0.792453
1 0.511364 0.512195 0.750000 0.731707
17 0.511628 0.500000 0.744186 0.767442
35 0.500000 0.509615 0.811321 0.788462
38 0.500000 0.500000 0.785714 0.818182
7 0.511905 0.500000 0.738095 0.756098
13 0.510000 0.500000 0.780000 0.826087
9 0.500000 0.511364 0.756098 0.750000
14 0.507692 0.507353 0.830769 0.808824
