10 0.514706 0.514706 0.676471 0.676471
7 0.500000 0.500000 0.677419 0.647059
8 0.500000 0.500000 0.677419 0.642857
11 0.517857 0.500000 0.607143 0.767442
2 0.514706 0.513889 0.676471 0.694444
1 0.484375 0.513514 0.656250 0.702703
25 0.500000 0.500000 0.795918 0.787234
4 0.500000 0.500000 0.696970 0.696970
17 0.500000 0.512821 0.736842 0.717949
35 0.500000 0.484375 0.666667 0.656250
13 0.510204 0.510638 0.775510 0.765957
18 0.500000 0.512500 0.743590 0.725000
5 0.500000 0.500000 0.714286 0.696970
3 0.517857 0.500000 0.607143 0.655172
