13 0.506579 0.505747 0.828947 0.827586
14 0.500000 0.504032 0.835052 0.830645
33 0.500000 0.491071 0.821429 0.803571
9 0.507143 0.506849 0.814286 0.821918
11 0.503247 0.503704 0.824675 0.829630
2 0.500000 0.505882 0.833333 0.823529
5 0.500000 0.506667 0.837838 0.826667
12 0.500000 0.507353 0.830986 0.808824
7 0.500000 0.505000 0.825243 0.830000
35 0.500000 0.509434 0.807692 0.792453
8 0.506944 0.500000 0.819444 0.828571
18 0.496094 0.500000 0.820312 0.813953
31 0.500000 0.506849 0.833333 0.821918
1 0.505000 0.500000 0.830000 0.840000
