2 0.508929 0.508772 0.803571 0.807018
18 0.493421 0.492958 0.828947 0.816901
35 0.506944 0.500000 0.819444 0.823529
8 0.488372 0.500000 0.744186 0.772727
12 0.508065 0.508065 0.822581 0.822581
17 0.500000 0.513889 0.705882 0.694444
7 0.509804 0.490566 0.784314 0.792453
25 0.500000 0.500000 0.838710 0.836066
13 0.500000 0.500000 0.824561 0.829268
10 0.500000 0.511628 0.761905 0.744186
38 0.500000 0.500000 0.687500 0.705882
11 0.504065 0.504545 0.829268 0.827273
5 0.500000 0.487179 0.777778 0.717949
3 0.510417 0.510417 0.770833 0.770833
9 0.500000 0.500000 0.838384 0.829787
1 0.505435 0.500000 0.815217 0.806452
