13 0.494737 0.500000 0.821053 0.824176
11 0.505747 0.506757 0.827586 0.824324
2 0.508929 0.508929 0.803571 0.803571
3 0.500000 0.500000 0.825000 0.827160
8 0.508333 0.500000 0.816667 0.821429
35 0.500000 0.500000 0.833333 0.829787
18 0.500000 0.494624 0.809524 0.817204
33 0.500000 0.500000 0.795918 0.814815
7 0.500000 0.508065 0.833333 0.822581
25 0.504132 0.500000 0.826446 0.833333
9 0.500000 0.500000 0.840000 0.825000
38 0.508197 0.508065 0.819672 0.822581
4 0.500000 0.505435 0.826087 0.815217
10 0.500000 0.505155 0.833333 0.824742
14 0.500000 0.503546 0.833333 0.822695
