38 0.511628 0.500000 0.744186 0.761905
3 0.500000 0.500000 0.736842 0.736842
35 0.500000 0.512500 0.743590 0.725000
14 0.500000 0.500000 0.830508 0.818182
25 0.511905 0.512821 0.738095 0.717949
8 0.509615 0.500000 0.788462 0.803922
33 0.500000 0.500000 0.756098 0.756098
2 0.485714 0.500000 0.685714 0.692308
31 0.512195 0.500000 0.731707 0.743590
13 0.490385 0.500000 0.788462 0.755102
1 0.500000 0.500000 0.824561 0.830508
12 0.500000 0.512195 0.729730 0.731707
18 0.500000 0.500000 0.827160 0.837838
7 0.500000 0.500000 0.729730 0.736842
9 0.516667 0.516129 0.633333 0.645161
