11 0.500000 0.500000 0.666667 0.782609
3 0.510417 0.500000 0.770833 0.803922
38 0.500000 0.484848 0.647059 0.666667
25 0.500000 0.500000 0.836364 0.830189
4 0.500000 0.509259 0.811321 0.796296
17 0.500000 0.508197 0.830508 0.819672
35 0.500000 0.500000 0.818182 0.811321
18 0.506757 0.506024 0.824324 0.819277
1 0.500000 0.500000 0.813333 0.820225
10 0.509091 0.509091 0.800000 0.800000
13 0.490000 0.510638 0.780000 0.765957
2 0.510000 0.510000 0.780000 0.780000
5 0.500000 0.500000 0.811321 0.800000
8 0.500000 0.511364 0.773585 0.750000
7 0.511111 0.500000 0.755556 0.791667
9 0.500000 0.500000 0.840909 0.837209
12 0.500000 0.500000 0.841270 0.841270
