8 0.513889 0.513889 0.694444 0.694444
4 0.500000 0.517241 0.642857 0.620690
14 0.500000 0.512195 0.736842 0.731707
2 0.500000 0.517857 0.629630 0.607143
33 0.500000 0.517857 0.629630 0.607143
18 0.508475 0.508772 0.813559 0.807018
15 0.519231 0.500000 0.576923 0.600000
10 0.500000 0.517857 0.642857 0.607143
3 0.500000 0.500000 0.655172 0.655172
1 0.500000 0.510000 0.772727 0.780000
12 0.517241 0.500000 0.620690 0.629630
25 0.500000 0.516129 0.696970 0.645161
35 0.500000 0.516667 0.655172 0.633333
9 0.500000 0.516667 0.629630 0.633333
11 0.500000 0.515152 0.705882 0.666667
31 0.516667 0.500000 0.633333 0.642857
38 0.500000 0.500000 0.615385 0.642857
