33 0.490741 0.509259 0.796296 0.796296
12 0.507812 0.500000 0.828125 0.836066
38 0.500000 0.508197 0.821429 0.819672
9 0.508475 0.508065 0.813559 0.822581
11 0.503759 0.504098 0.827068 0.827869
18 0.500000 0.495455 0.821429 0.827273
5 0.507246 0.507246 0.811594 0.811594
17 0.506757 0.500000 0.824324 0.835616
14 0.505882 0.500000 0.823529 0.826923
3 0.509615 0.500000 0.788462 0.807692
1 0.506024 0.506024 0.819277 0.819277
13 0.506667 0.505814 0.826667 0.825581
10 0.500000 0.500000 0.814815 0.818182
7 0.505618 0.500000 0.831461 0.837209
25 0.504032 0.504310 0.830645 0.818966
