3 0.500000 0.515152 0.687500 0.666667
7 0.485294 0.485714 0.676471 0.685714
33 0.500000 0.514286 0.705882 0.685714
14 0.509259 0.500000 0.796296 0.821429
11 0.488372 0.487500 0.744186 0.725000
9 0.516667 0.516129 0.633333 0.645161
25 0.500000 0.500000 0.736842 0.705882
31 0.512821 0.513514 0.717949 0.702703
35 0.500000 0.513889 0.714286 0.694444
15 0.515152 0.514706 0.666667 0.676471
1 0.509259 0.508929 0.796296 0.803571
8 0.511628 0.511628 0.744186 0.744186
12 0.500000 0.500000 0.696970 0.714286
