10 0.500000 0.512500 0.736842 0.725000
17 0.500000 0.486842 0.666667 0.710526
3 0.500000 0.487500 0.714286 0.725000
25 0.506667 0.500000 0.826667 0.835616
1 0.490566 0.500000 0.792453 0.781818
9 0.500000 0.500000 0.773585 0.773585
38 0.510417 0.500000 0.770833 0.787234
8 0.500000 0.500000 0.800000 0.800000
4 0.510417 0.500000 0.770833 0.787234
35 0.500000 0.500000 0.795918 0.803922
2 0.500000 0.490909 0.818182 0.800000
13 0.500000 0.500000 0.727273 0.707317
11 0.506173 0.500000 0.814815 0.810811
7 0.500000 0.487805 0.707317 0.731707
5 0.512821 0.512500 0.717949 0.725000
