9 0.500000 0.500000 0.807692 0.807692
3 0.500000 0.514706 0.677419 0.676471
18 0.489130 0.500000 0.760870 0.791667
4 0.513514 0.500000 0.702703 0.722222
17 0.511905 0.500000 0.738095 0.761905
11 0.517241 0.511628 0.620690 0.744186
2 0.500000 0.512500 0.743590 0.725000
38 0.516667 0.483871 0.633333 0.645161
5 0.500000 0.500000 0.743590 0.736842
13 0.500000 0.500000 0.791667 0.777778
10 0.500000 0.500000 0.714286 0.714286
12 0.500000 0.500000 0.696970 0.696970
8 0.485294 0.500000 0.676471 0.625000
35 0.500000 0.500000 0.736842 0.743590
