7 0.500000 0.500000 0.764706 0.764706
14 0.500000 0.500000 0.842105 0.827160
12 0.500000 0.500000 0.827586 0.833333
35 0.500000 0.500000 0.807692 0.807692
11 0.508065 0.509259 0.822581 0.796296
33 0.510870 0.500000 0.760870 0.764706
3 0.500000 0.508929 0.814815 0.803571
17 0.500000 0.500000 0.803922 0.787234
2 0.511111 0.510870 0.755556 0.760870
10 0.507692 0.500000 0.830769 0.843750
31 0.500000 0.500000 0.821429 0.821429
38 0.500000 0.510204 0.755102 0.775510
8 0.500000 0.511111 0.782609 0.755556
18 0.500000 0.490909 0.796610 0.800000
