31 0.510417 0.511364 0.770833 0.750000
7 0.500000 0.500000 0.714286 0.714286
1 0.500000 0.500000 0.657143 0.687500
14 0.513514 0.513514 0.702703 0.702703
5 0.500000 0.516129 0.666667 0.645161
17 0.512195 0.500000 0.731707 0.756098
25 0.500000 0.500000 0.772727 0.736842
13 0.488372 0.500000 0.744186 0.743590
9 0.500000 0.513514 0.722222 0.702703
18 0.500000 0.500000 0.791667 0.777778
10 0.500000 0.513158 0.714286 0.710526
38 0.513514 0.513514 0.702703 0.702703
4 0.511364 0.511628 0.750000 0.744186
11 0.500000 0.513514 0.743590 0.702703
