38 0.515625 0.500000 0.656250 0.677419
14 0.500000 0.500000 0.666667 0.722222
33 0.485714 0.486842 0.685714 0.710526
2 0.516129 0.516129 0.645161 0.645161
31 0.514286 0.500000 0.685714 0.705882
25 0.514706 0.514706 0.676471 0.676471
18 0.500000 0.483333 0.655172 0.633333
11 0.500000 0.482759 0.647059 0.620690
10 0.500000 0.513889 0.722222 0.694444
5 0.500000 0.500000 0.687500 0.687500
4 0.516129 0.515152 0.645161 0.666667
8 0.516667 0.500000 0.633333 0.586207
12 0.500000 0.511905 0.750000 0.738095
7 0.500000 0.483871 0.666667 0.645161
3 0.500000 0.500000 0.677419 0.687500
35 0.515625 0.515152 0.656250 0.666667
9 0.487500 0.512195 0.725000 0.731707
13 0.500000 0.517241 0.666667 0.620690
