31 0.500000 0.514706 0.705882 0.676471
8 0.513514 0.513514 0.702703 0.702703
4 0.500000 0.500000 0.655172 0.655172
11 0.500000 0.500000 0.729730 0.675676
18 0.500000 0.508065 0.826087 0.822581
38 0.517241 0.500000 0.620690 0.655172
10 0.516129 0.517857 0.645161 0.607143
33 0.516667 0.516667 0.633333 0.633333
17 0.500000 0.500000 0.666667 0.655172
3 0.517241 0.500000 0.620690 0.666667
25 0.513158 0.514286 0.710526 0.685714
1 0.500000 0.500000 0.787234 0.807692
15 0.517241 0.500000 0.620690 0.600000
13 0.511905 0.500000 0.738095 0.736842
2 0.516667 0.516667 0.633333 0.633333
7 0.516129 0.484375 0.645161 0.656250
