2 0.500000 0.506667 0.835616 0.826667
5 0.500000 0.508772 0.821429 0.807018
12 0.500000 0.505618 0.840909 0.831461
4 0.500000 0.506098 0.837209 0.817073
3 0.508621 0.500000 0.810345 0.827586
35 0.508475 0.500000 0.813559 0.830508
31 0.506173 0.500000 0.814815 0.835616
11 0.500000 0.504000 0.832168 0.832000
38 0.500000 0.504202 0.831776 0.823529
7 0.508621 0.508621 0.810345 0.810345
17 0.500000 0.500000 0.816667 0.826772
25 0.503125 0.503497 0.831250 0.825175
8 0.507692 0.507692 0.830769 0.830769
1 0.485294 0.514286 0.676471 0.685714
9 0.500000 0.504808 0.826087 0.817308
13 0.503125 0.503650 0.831250 0.832117
18 0.500000 0.500000 0.838710 0.826772
10 0.500000 0.500000 0.829457 0.833333
