13 0.500000 0.486486 0.647059 0.702703
38 0.500000 0.517857 0.629630 0.607143
17 0.500000 0.517241 0.642857 0.620690
8 0.519231 0.500000 0.576923 0.615385
11 0.500000 0.500000 0.795918 0.777778
5 0.482143 0.500000 0.607143 0.555556
2 0.500000 0.515152 0.677419 0.666667
9 0.510000 0.510204 0.780000 0.775510
12 0.500000 0.500000 0.677419 0.677419
7 0.500000 0.518519 0.615385 0.592593
1 0.490000 0.490385 0.780000 0.788462
3 0.500000 0.518519 0.615385 0.592593
4 0.512821 0.512821 0.717949 0.717949
25 0.500000 0.514286 0.722222 0.685714
10 0.518519 0.518519 0.592593 0.592593
35 0.500000 0.500000 0.655172 0.629630
18 0.500000 0.500000 0.743590 0.696970
