4 0.500000 0.500000 0.666667 0.666667
10 0.513514 0.513158 0.702703 0.710526
9 0.500000 0.515152 0.677419 0.666667
38 0.500000 0.485294 0.687500 0.676471
25 0.511111 0.511111 0.755556 0.755556
14 0.512821 0.500000 0.717949 0.736842
1 0.500000 0.485714 0.722222 0.685714
11 0.500000 0.500000 0.696970 0.666667
18 0.500000 0.514706 0.722222 0.676471
2 0.516129 0.516129 0.645161 0.645161
3 0.500000 0.516129 0.666667 0.645161
17 0.500000 0.516129 0.655172 0.645161
35 0.515625 0.500000 0.656250 0.687500
13 0.500000 0.500000 0.642857 0.666667
31 0.500000 0.500000 0.687500 0.687500
5 0.515152 0.500000 0.666667 0.687500
