4 0.500000 0.500000 0.800000 0.800000
9 0.506024 0.500000 0.819277 0.827160
13 0.510000 0.510638 0.780000 0.765957
12 0.500000 0.500000 0.827586 0.827586
17 0.508333 0.500000 0.816667 0.833333
1 0.500000 0.506250 0.843750 0.812500
25 0.500000 0.500000 0.828571 0.825243
38 0.500000 0.515152 0.687500 0.666667
11 0.516129 0.510638 0.645161 0.765957
5 0.509615 0.500000 0.788462 0.791667
3 0.510638 0.500000 0.765957 0.791667
18 0.507042 0.500000 0.816901 0.842105
35 0.500000 0.509434 0.807692 0.792453
2 0.510417 0.500000 0.770833 0.787234
