25 0.500000 0.511111 0.795918 0.755556
3 0.500000 0.514706 0.677419 0.676471
35 0.486111 0.500000 0.694444 0.684211
8 0.516129 0.500000 0.645161 0.655172
13 0.500000 0.516129 0.696970 0.645161
7 0.500000 0.515152 0.687500 0.666667
1 0.487179 0.500000 0.717949 0.700000
4 0.500000 0.500000 0.714286 0.714286
38 0.516129 0.500000 0.645161 0.666667
10 0.513889 0.500000 0.694444 0.729730
5 0.514706 0.484375 0.676471 0.656250
18 0.511364 0.512821 0.750000 0.717949
9 0.484848 0.515152 0.666667 0.666667
11 0.500000 0.510204 0.818182 0.775510
