4 0.513889 0.500000 0.694444 0.729730
7 0.500000 0.510417 0.782609 0.770833
3 0.514286 0.513514 0.685714 0.702703
11 0.506579 0.507143 0.828947 0.814286
33 0.511111 0.511364 0.755556 0.750000
12 0.511364 0.511628 0.750000 0.744186
10 0.500000 0.500000 0.777778 0.782609
35 0.511111 0.511364 0.755556 0.750000
25 0.508197 0.508929 0.819672 0.803571
31 0.513514 0.513514 0.702703 0.702703
17 0.510204 0.510204 0.775510 0.775510
13 0.500000 0.500000 0.781818 0.781818
14 0.500000 0.500000 0.800000 0.818182
2 0.486842 0.500000 0.710526 0.707317
9 0.500000 0.500000 0.750000 0.761905
5 0.500000 0.511628 0.761905 0.744186
