33 0.511111 0.500000 0.755556 0.767442
3 0.500000 0.500000 0.705882 0.722222
11 0.506579 0.500000 0.828947 0.820896
14 0.510000 0.509434 0.780000 0.792453
31 0.514286 0.500000 0.685714 0.705882
2 0.500000 0.513158 0.714286 0.710526
35 0.511111 0.511364 0.755556 0.750000
9 0.512195 0.500000 0.731707 0.756098
38 0.500000 0.500000 0.722222 0.743590
1 0.500000 0.500000 0.720930 0.720930
18 0.506849 0.506849 0.821918 0.821918
8 0.512821 0.513158 0.717949 0.710526
7 0.500000 0.500000 0.772727 0.777778
13 0.509259 0.500000 0.796296 0.781818
4 0.500000 0.500000 0.705882 0.714286
17 0.510204 0.500000 0.775510 0.791667
