38 0.519231 0.500000 0.576923 0.555556
25 0.514286 0.515152 0.685714 0.666667
9 0.517241 0.500000 0.620690 0.655172
1 0.511111 0.510000 0.755556 0.780000
14 0.487500 0.511364 0.725000 0.750000
17 0.500000 0.500000 0.629630 0.642857
35 0.516667 0.500000 0.633333 0.655172
33 0.517857 0.500000 0.607143 0.629630
5 0.518519 0.481481 0.592593 0.592593
7 0.500000 0.516667 0.600000 0.633333
13 0.486111 0.484848 0.694444 0.666667
18 0.507937 0.500000 0.825397 0.830508
31 0.500000 0.516129 0.666667 0.645161
15 0.517857 0.500000 0.607143 0.629630
10 0.500000 0.500000 0.600000 0.629630
8 0.513889 0.500000 0.694444 0.714286
11 0.485714 0.515152 0.685714 0.666667
3 0.500000 0.516667 0.655172 0.633333
4 0.500000 0.517241 0.600000 0.620690
