2 0.500000 0.515625 0.687500 0.656250
25 0.500000 0.500000 0.750000 0.750000
8 0.513889 0.513889 0.694444 0.694444
1 0.500000 0.517241 0.615385 0.620690
11 0.500000 0.500000 0.705882 0.687500
12 0.511111 0.511111 0.755556 0.755556
7 0.514706 0.500000 0.676471 0.657143
35 0.500000 0.500000 0.687500 0.705882
3 0.500000 0.516129 0.666667 0.645161
9 0.500000 0.500000 0.677419 0.696970
13 0.487500 0.513158 0.725000 0.710526
18 0.514706 0.500000 0.676471 0.677419
31 0.515152 0.516129 0.666667 0.645161
14 0.516667 0.500000 0.633333 0.642857
17 0.515152 0.514706 0.666667 0.676471
38 0.500000 0.500000 0.687500 0.687500
4 0.500000 0.500000 0.714286 0.714286
