4 0.500000 0.500000 0.772727 0.761905
2 0.507042 0.500000 0.816901 0.840000
9 0.516129 0.515625 0.645161 0.656250
5 0.500000 0.500000 0.791667 0.772727
10 0.508772 0.500000 0.807018 0.821429
1 0.500000 0.505882 0.831325 0.823529
18 0.502793 0.500000 0.826816 0.827160
12 0.506849 0.500000 0.821918 0.830986
8 0.505102 0.500000 0.826531 0.835052
13 0.500000 0.500000 0.830303 0.819444
17 0.500000 0.508197 0.840000 0.819672
38 0.500000 0.503846 0.829060 0.823077
7 0.507143 0.506849 0.814286 0.821918
14 0.500000 0.502283 0.830357 0.831050
3 0.500000 0.500000 0.836066 0.833333
15 0.494681 0.505051 0.819149 0.828283
35 0.506173 0.506173 0.814815 0.814815
33 0.500000 0.500000 0.831579 0.829787
