13 0.512500 0.513514 0.725000 0.702703
12 0.500000 0.500000 0.777778 0.800000
38 0.511364 0.511364 0.750000 0.750000
18 0.489796 0.510638 0.775510 0.765957
9 0.500000 0.511628 0.761905 0.744186
2 0.500000 0.500000 0.760000 0.791667
7 0.513514 0.500000 0.702703 0.729730
35 0.510638 0.500000 0.765957 0.755102
17 0.485294 0.500000 0.676471 0.684211
10 0.513889 0.500000 0.694444 0.722222
1 0.510204 0.500000 0.775510 0.795918
3 0.486486 0.513889 0.702703 0.694444
8 0.500000 0.500000 0.772727 0.772727
