9 0.500000 0.500000 0.736842 0.750000
8 0.500000 0.500000 0.750000 0.750000
1 0.512195 0.513158 0.731707 0.710526
2 0.487179 0.500000 0.717949 0.736842
31 0.500000 0.511364 0.772727 0.750000
25 0.507812 0.500000 0.828125 0.841270
14 0.500000 0.500000 0.821429 0.824561
3 0.500000 0.500000 0.767442 0.767442
10 0.511905 0.511905 0.738095 0.738095
12 0.500000 0.511111 0.772727 0.755556
38 0.500000 0.500000 0.772727 0.777778
5 0.511628 0.500000 0.744186 0.761905
18 0.509434 0.510204 0.792453 0.775510
11 0.500000 0.510870 0.795918 0.760870
13 0.512195 0.509259 0.731707 0.796296
