25 0.512195 0.500000 0.731707 0.722222
17 0.500000 0.500000 0.700000 0.700000
12 0.500000 0.500000 0.696970 0.750000
9 0.514706 0.514706 0.676471 0.676471
4 0.500000 0.500000 0.736842 0.736842
1 0.516129 0.500000 0.645161 0.666667
14 0.500000 0.514706 0.625000 0.676471
11 0.513889 0.514706 0.694444 0.676471
7 0.515625 0.515625 0.656250 0.656250
13 0.487179 0.513514 0.717949 0.702703
18 0.500000 0.500000 0.761905 0.743590
38 0.500000 0.514706 0.696970 0.676471
10 0.515152 0.514706 0.666667 0.676471
8 0.500000 0.516129 0.666667 0.645161
3 0.515625 0.500000 0.656250 0.687500
