1 0.500000 0.500000 0.767442 0.727273
12 0.500000 0.508197 0.818182 0.819672
5 0.512821 0.512821 0.717949 0.717949
3 0.500000 0.510638 0.782609 0.765957
7 0.500000 0.500000 0.782609 0.782609
2 0.511364 0.511111 0.750000 0.755556
38 0.500000 0.500000 0.761905 0.761905
31 0.500000 0.508621 0.843750 0.810345
14 0.489583 0.489796 0.770833 0.775510
9 0.500000 0.500000 0.787234 0.787234
17 0.511111 0.500000 0.755556 0.777778
35 0.500000 0.490741 0.814815 0.796296
10 0.510870 0.500000 0.760870 0.787234
25 0.500000 0.510204 0.814815 0.775510
18 0.492754 0.507937 0.811594 0.825397
