8 0.500000 0.519231 0.615385 0.576923
13 0.480769 0.500000 0.576923 0.600000
38 0.500000 0.500000 0.642857 0.642857
1 0.500000 0.500000 0.555556 0.629630
35 0.500000 0.500000 0.615385 0.629630
4 0.517857 0.517857 0.607143 0.607143
7 0.517241 0.500000 0.620690 0.642857
5 0.516667 0.516667 0.633333 0.633333
11 0.500000 0.518519 0.655172 0.592593
33 0.514706 0.513889 0.676471 0.694444
9 0.512195 0.512500 0.731707 0.725000
17 0.500000 0.517857 0.642857 0.607143
25 0.500000 0.516129 0.666667 0.645161
10 0.515152 0.500000 0.666667 0.687500
31 0.515152 0.515152 0.666667 0.666667
2 0.500000 0.517241 0.642857 0.620690
18 0.500000 0.518519 0.629630 0.592593
14 0.500000 0.516667 0.655172 0.633333
