7 0.500000 0.484848 0.636364 0.666667
9 0.500000 0.510000 0.795918 0.780000
11 0.517857 0.500000 0.607143 0.767442
35 0.516129 0.515625 0.645161 0.656250
12 0.500000 0.515625 0.677419 0.656250
3 0.500000 0.483333 0.629630 0.633333
10 0.514286 0.514286 0.685714 0.685714
17 0.513158 0.500000 0.710526 0.736842
4 0.500000 0.500000 0.696970 0.696970
18 0.500000 0.487805 0.707317 0.731707
1 0.500000 0.500000 0.636364 0.729730
2 0.500000 0.513514 0.705882 0.702703
5 0.500000 0.514286 0.714286 0.685714
