12 0.500000 0.507246 0.823529 0.811594
7 0.510417 0.500000 0.770833 0.782609
31 0.500000 0.500000 0.811321 0.800000
17 0.491525 0.507937 0.813559 0.825397
18 0.500000 0.500000 0.823529 0.843750
8 0.500000 0.500000 0.800000 0.800000
5 0.510638 0.500000 0.765957 0.782609
14 0.509615 0.500000 0.788462 0.807692
25 0.500000 0.500000 0.826087 0.829268
10 0.508475 0.508065 0.813559 0.822581
1 0.500000 0.500000 0.655172 0.655172
11 0.500000 0.508065 0.823529 0.822581
9 0.500000 0.508333 0.781818 0.816667
4 0.500000 0.500000 0.827586 0.827586
3 0.510870 0.500000 0.760870 0.791667
