17 0.500000 0.513514 0.722222 0.702703
13 0.515152 0.500000 0.666667 0.677419
12 0.516129 0.500000 0.645161 0.705882
31 0.500000 0.514286 0.722222 0.685714
2 0.500000 0.518519 0.600000 0.592593
38 0.500000 0.500000 0.655172 0.655172
9 0.500000 0.517241 0.642857 0.620690
5 0.517241 0.517241 0.620690 0.620690
4 0.514286 0.515152 0.685714 0.666667
18 0.500000 0.514706 0.714286 0.676471
25 0.500000 0.500000 0.714286 0.696970
11 0.517241 0.500000 0.620690 0.642857
7 0.517241 0.516129 0.620690 0.645161
3 0.500000 0.516129 0.642857 0.645161
8 0.500000 0.519231 0.600000 0.576923
14 0.500000 0.500000 0.629630 0.642857
