10 0.500000 0.504425 0.836364 0.831858
35 0.509091 0.508929 0.800000 0.803571
31 0.507042 0.500000 0.816901 0.843750
4 0.505952 0.500000 0.821429 0.822785
13 0.503497 0.500000 0.825175 0.829457
1 0.484848 0.514706 0.666667 0.676471
17 0.504762 0.504505 0.819048 0.828829
11 0.500000 0.504587 0.826772 0.825688
12 0.505882 0.505882 0.823529 0.823529
3 0.500000 0.509091 0.811321 0.800000
25 0.503497 0.503817 0.825175 0.824427
8 0.500000 0.500000 0.833333 0.833333
18 0.504505 0.500000 0.828829 0.819820
2 0.507246 0.500000 0.811594 0.826087
5 0.500000 0.509091 0.814815 0.800000
7 0.500000 0.509259 0.821429 0.796296
