10 0.500000 0.500000 0.777778 0.772727
25 0.500000 0.500000 0.840000 0.835052
12 0.500000 0.507042 0.830986 0.816901
18 0.505747 0.506494 0.827586 0.831169
17 0.511905 0.488889 0.738095 0.755556
4 0.508065 0.508065 0.822581 0.822581
7 0.509434 0.500000 0.792453 0.811321
11 0.500000 0.500000 0.813084 0.829787
38 0.500000 0.500000 0.824561 0.824561
5 0.509804 0.510638 0.784314 0.765957
9 0.506250 0.506494 0.812500 0.831169
3 0.509434 0.500000 0.792453 0.807692
13 0.500000 0.500000 0.750000 0.767442
35 0.509091 0.508621 0.800000 0.810345
8 0.506757 0.506757 0.824324 0.824324
