1 0.515152 0.500000 0.666667 0.666667
12 0.487500 0.500000 0.725000 0.692308
25 0.500000 0.510870 0.782609 0.760870
3 0.500000 0.500000 0.586207 0.571429
7 0.517857 0.517857 0.607143 0.607143
17 0.519231 0.500000 0.576923 0.586207
18 0.500000 0.500000 0.687500 0.677419
38 0.500000 0.500000 0.666667 0.666667
5 0.500000 0.516667 0.642857 0.633333
2 0.500000 0.486486 0.714286 0.702703
8 0.500000 0.500000 0.615385 0.615385
35 0.487500 0.500000 0.725000 0.700000
11 0.510000 0.510870 0.780000 0.760870
