7 0.500000 0.500000 0.722222 0.714286
9 0.513889 0.512821 0.694444 0.717949
18 0.512500 0.500000 0.725000 0.729730
17 0.500000 0.500000 0.696970 0.675676
35 0.500000 0.500000 0.705882 0.722222
31 0.513158 0.514286 0.710526 0.685714
13 0.510638 0.500000 0.765957 0.767442
2 0.513514 0.500000 0.702703 0.714286
14 0.500000 0.484848 0.687500 0.666667
38 0.512821 0.500000 0.717949 0.743590
3 0.500000 0.500000 0.696970 0.666667
25 0.509434 0.510000 0.792453 0.780000
1 0.517857 0.517857 0.607143 0.607143
11 0.500000 0.500000 0.750000 0.722222
