17 0.511364 0.500000 0.750000 0.772727
8 0.500000 0.510204 0.791667 0.775510
25 0.500000 0.500000 0.829268 0.829268
1 0.511364 0.487805 0.750000 0.731707
10 0.510870 0.500000 0.760870 0.782609
18 0.507353 0.500000 0.808824 0.836066
9 0.500000 0.500000 0.767442 0.772727
12 0.500000 0.509615 0.814815 0.788462
13 0.509804 0.493056 0.784314 0.819444
35 0.500000 0.500000 0.821429 0.818182
7 0.500000 0.488636 0.767442 0.750000
5 0.509804 0.509804 0.784314 0.784314
2 0.488372 0.511628 0.744186 0.744186
4 0.512500 0.512195 0.725000 0.731707
3 0.508772 0.500000 0.807018 0.827586
11 0.508065 0.509091 0.822581 0.800000
31 0.500000 0.500000 0.793103 0.789474
