17 0.500000 0.500000 0.705882 0.714286
35 0.482759 0.500000 0.620690 0.655172
10 0.500000 0.500000 0.666667 0.666667
12 0.500000 0.517241 0.642857 0.620690
18 0.513158 0.512821 0.710526 0.717949
8 0.517241 0.500000 0.620690 0.629630
7 0.500000 0.515152 0.666667 0.666667
4 0.515152 0.515152 0.666667 0.666667
9 0.510417 0.500000 0.770833 0.791667
11 0.517857 0.500000 0.607143 0.767442
1 0.500000 0.486111 0.666667 0.694444
38 0.500000 0.516667 0.642857 0.633333
5 0.514706 0.500000 0.676471 0.677419
