15 0.500000 0.514286 0.696970 0.685714
5 0.500000 0.500000 0.612903 0.655172
33 0.500000 0.513889 0.675676 0.694444
17 0.514706 0.515152 0.676471 0.666667
3 0.500000 0.514706 0.696970 0.676471
1 0.509091 0.500000 0.800000 0.821429
25 0.513514 0.500000 0.702703 0.705882
11 0.500000 0.512195 0.733333 0.731707
38 0.500000 0.500000 0.714286 0.722222
4 0.515625 0.500000 0.656250 0.677419
7 0.485714 0.500000 0.685714 0.675676
31 0.500000 0.513514 0.736842 0.702703
14 0.500000 0.500000 0.818182 0.800000
9 0.516667 0.516129 0.633333 0.645161
10 0.515152 0.500000 0.666667 0.677419
13 0.500000 0.500000 0.795918 0.782609
