2 0.517241 0.517241 0.620690 0.620690
17 0.516129 0.500000 0.645161 0.666667
25 0.515625 0.500000 0.656250 0.677419
18 0.516667 0.482759 0.633333 0.620690
33 0.514286 0.500000 0.685714 0.722222
4 0.500000 0.500000 0.629630 0.666667
14 0.515152 0.514706 0.666667 0.676471
35 0.516667 0.516667 0.633333 0.633333
3 0.516129 0.500000 0.645161 0.687500
5 0.500000 0.500000 0.666667 0.666667
12 0.500000 0.500000 0.743590 0.756098
13 0.517241 0.481481 0.620690 0.592593
10 0.513889 0.500000 0.694444 0.705882
8 0.482759 0.517857 0.620690 0.607143
31 0.515152 0.515152 0.666667 0.666667
38 0.516667 0.483333 0.633333 0.633333
11 0.515625 0.517857 0.656250 0.607143
