4 0.500000 0.500000 0.756098 0.750000
7 0.500000 0.514706 0.696970 0.676471
25 0.512195 0.513514 0.731707 0.702703
18 0.500000 0.500000 0.772727 0.720930
17 0.500000 0.500000 0.743590 0.750000
2 0.515625 0.500000 0.656250 0.677419
31 0.500000 0.500000 0.772727 0.714286
12 0.500000 0.500000 0.722222 0.767442
11 0.500000 0.514286 0.736842 0.685714
8 0.500000 0.516129 0.666667 0.645161
38 0.500000 0.500000 0.714286 0.714286
9 0.500000 0.513889 0.714286 0.694444
13 0.500000 0.513158 0.750000 0.710526
14 0.484375 0.485714 0.656250 0.685714
