10 0.500000 0.513158 0.714286 0.710526
18 0.511905 0.500000 0.738095 0.743590
7 0.500000 0.513514 0.729730 0.702703
12 0.500000 0.500000 0.800000 0.800000
14 0.500000 0.500000 0.714286 0.714286
13 0.500000 0.500000 0.791667 0.744681
2 0.513514 0.500000 0.702703 0.714286
17 0.500000 0.487179 0.722222 0.717949
31 0.512821 0.500000 0.717949 0.722222
25 0.509091 0.500000 0.800000 0.800000
3 0.515625 0.500000 0.656250 0.642857
8 0.500000 0.500000 0.750000 0.750000
9 0.500000 0.500000 0.729730 0.750000
1 0.482143 0.500000 0.607143 0.615385
5 0.500000 0.500000 0.722222 0.722222
38 0.500000 0.500000 0.750000 0.756098
4 0.500000 0.511905 0.756098 0.738095
11 0.500000 0.513158 0.756098 0.710526
