4 0.483333 0.483333 0.633333 0.633333
25 0.511628 0.511628 0.744186 0.744186
35 0.500000 0.515625 0.666667 0.656250
8 0.500000 0.514286 0.705882 0.685714
2 0.516667 0.516129 0.633333 0.645161
1 0.500000 0.485714 0.722222 0.685714
12 0.500000 0.500000 0.687500 0.687500
9 0.500000 0.515152 0.666667 0.666667
17 0.516667 0.516129 0.633333 0.645161
11 0.515625 0.500000 0.656250 0.642857
31 0.500000 0.516129 0.666667 0.645161
10 0.513514 0.500000 0.702703 0.729730
18 0.500000 0.500000 0.714286 0.657143
7 0.500000 0.516667 0.655172 0.633333
5 0.500000 0.500000 0.687500 0.687500
13 0.500000 0.485294 0.586207 0.676471
