1 0.515625 0.500000 0.656250 0.687500
3 0.500000 0.509804 0.787234 0.784314
35 0.500000 0.500000 0.787234 0.800000
17 0.500000 0.500000 0.828571 0.840000
7 0.509615 0.510000 0.788462 0.780000
11 0.505882 0.506667 0.823529 0.826667
10 0.506849 0.500000 0.821918 0.835616
38 0.507143 0.506757 0.814286 0.824324
14 0.500000 0.509091 0.785714 0.800000
31 0.500000 0.490909 0.827586 0.800000
12 0.507042 0.500000 0.816901 0.828571
2 0.500000 0.500000 0.821429 0.824561
4 0.500000 0.507692 0.843750 0.830769
8 0.509434 0.500000 0.792453 0.807692
5 0.510204 0.500000 0.775510 0.791667
