33 0.508621 0.491228 0.810345 0.807018
38 0.500000 0.492754 0.838710 0.811594
10 0.508065 0.500000 0.822581 0.833333
9 0.506494 0.500000 0.831169 0.827160
3 0.500000 0.508197 0.833333 0.819672
18 0.500000 0.503676 0.835821 0.830882
2 0.500000 0.500000 0.833333 0.835052
12 0.500000 0.500000 0.835616 0.828571
25 0.502646 0.502890 0.825397 0.832370
1 0.500000 0.504464 0.836364 0.830357
13 0.506579 0.505435 0.828947 0.815217
35 0.509434 0.509434 0.792453 0.792453
4 0.500000 0.500000 0.787234 0.791667
8 0.506173 0.500000 0.814815 0.829268
5 0.506173 0.506173 0.814815 0.814815
