7 0.517857 0.517857 0.607143 0.607143
8 0.500000 0.515152 0.687500 0.666667
17 0.518519 0.482143 0.592593 0.607143
35 0.500000 0.516667 0.655172 0.633333
3 0.500000 0.517241 0.642857 0.620690
9 0.516129 0.500000 0.645161 0.687500
31 0.500000 0.517857 0.642857 0.607143
14 0.500000 0.513514 0.722222 0.702703
18 0.514706 0.484375 0.676471 0.656250
1 0.500000 0.483871 0.677419 0.645161
2 0.517241 0.500000 0.620690 0.642857
38 0.516667 0.483333 0.633333 0.633333
13 0.500000 0.484375 0.571429 0.656250
25 0.511905 0.500000 0.738095 0.756098
