3 0.500000 0.500000 0.655172 0.677419
12 0.511628 0.511628 0.744186 0.744186
1 0.500000 0.485714 0.705882 0.685714
35 0.515152 0.514706 0.666667 0.676471
11 0.508929 0.510204 0.803571 0.775510
13 0.515152 0.500000 0.666667 0.687500
25 0.500000 0.500000 0.767442 0.761905
9 0.515625 0.515625 0.656250 0.656250
18 0.513514 0.513889 0.702703 0.694444
5 0.515625 0.500000 0.656250 0.666667
4 0.514286 0.514286 0.685714 0.685714
8 0.500000 0.500000 0.655172 0.642857
17 0.515625 0.515152 0.656250 0.666667
