12 0.512500 0.500000 0.725000 0.743590
13 0.500000 0.515152 0.687500 0.666667
2 0.500000 0.516667 0.655172 0.633333
3 0.500000 0.500000 0.655172 0.677419
8 0.516667 0.517241 0.633333 0.620690
18 0.500000 0.500000 0.705882 0.696970
7 0.500000 0.516129 0.655172 0.645161
4 0.514706 0.514706 0.676471 0.676471
1 0.500000 0.500000 0.687500 0.687500
11 0.509259 0.500000 0.796296 0.787234
5 0.516129 0.500000 0.645161 0.666667
17 0.516129 0.500000 0.645161 0.677419
35 0.500000 0.500000 0.625000 0.677419
38 0.517241 0.500000 0.620690 0.642857
