14 0.506024 0.505952 0.819277 0.821429
35 0.500000 0.506579 0.822785 0.828947
25 0.504274 0.500000 0.820513 0.827586
1 0.510417 0.511111 0.770833 0.755556
38 0.505952 0.505882 0.821429 0.823529
17 0.490000 0.500000 0.780000 0.773585
8 0.500000 0.508929 0.818182 0.803571
11 0.506250 0.507042 0.812500 0.816901
12 0.507353 0.500000 0.808824 0.838710
18 0.505208 0.500000 0.822917 0.839080
3 0.505882 0.505814 0.823529 0.825581
9 0.510417 0.500000 0.770833 0.800000
2 0.509615 0.509615 0.788462 0.788462
4 0.500000 0.511111 0.767442 0.755556
5 0.500000 0.500000 0.843750 0.843750
13 0.507937 0.505051 0.825397 0.828283
