31 0.500000 0.500000 0.729730 0.722222
35 0.500000 0.500000 0.705882 0.705882
11 0.500000 0.500000 0.756098 0.736842
18 0.506757 0.492754 0.824324 0.811594
38 0.500000 0.500000 0.687500 0.696970
13 0.500000 0.500000 0.750000 0.767442
1 0.509804 0.500000 0.784314 0.814815
9 0.516667 0.500000 0.633333 0.666667
15 0.500000 0.515152 0.677419 0.666667
33 0.514706 0.500000 0.676471 0.696970
3 0.514706 0.514706 0.676471 0.676471
5 0.517241 0.500000 0.620690 0.642857
25 0.500000 0.500000 0.736842 0.722222
8 0.511628 0.511628 0.744186 0.744186
14 0.500000 0.509259 0.800000 0.796296
7 0.500000 0.514286 0.696970 0.685714
12 0.500000 0.500000 0.687500 0.705882
10 0.515152 0.516129 0.666667 0.645161
4 0.516129 0.516129 0.645161 0.645161
