9 0.500000 0.500000 0.750000 0.714286
12 0.511364 0.500000 0.750000 0.777778
10 0.500000 0.513158 0.743590 0.710526
35 0.515625 0.515152 0.656250 0.666667
13 0.500000 0.500000 0.705882 0.677419
1 0.500000 0.515152 0.666667 0.666667
18 0.500000 0.500000 0.687500 0.677419
25 0.500000 0.500000 0.729730 0.705882
4 0.500000 0.515152 0.677419 0.666667
11 0.485714 0.500000 0.685714 0.666667
3 0.514706 0.500000 0.676471 0.696970
33 0.486486 0.487500 0.702703 0.725000
8 0.483871 0.516667 0.645161 0.633333
14 0.500000 0.512500 0.729730 0.725000
