2 0.486486 0.487179 0.702703 0.717949
15 0.500000 0.500000 0.736842 0.729730
8 0.500000 0.500000 0.814815 0.814815
10 0.515625 0.515625 0.656250 0.656250
1 0.500000 0.508197 0.830508 0.819672
11 0.509615 0.500000 0.788462 0.787234
35 0.500000 0.500000 0.756098 0.756098
38 0.511111 0.500000 0.755556 0.777778
12 0.500000 0.500000 0.729730 0.750000
7 0.513158 0.500000 0.710526 0.700000
13 0.500000 0.509615 0.818182 0.788462
18 0.500000 0.500000 0.809524 0.840000
14 0.500000 0.507143 0.841270 0.814286
17 0.500000 0.513889 0.729730 0.694444
31 0.500000 0.512500 0.761905 0.725000
33 0.500000 0.500000 0.772727 0.772727
25 0.511364 0.500000 0.750000 0.743590
