4 0.500000 0.507143 0.826087 0.814286
11 0.500000 0.500000 0.824176 0.829268
25 0.504274 0.500000 0.820513 0.828571
35 0.500000 0.509091 0.800000 0.800000
31 0.500000 0.491525 0.812500 0.813559
3 0.500000 0.509804 0.795918 0.784314
17 0.506250 0.500000 0.812500 0.813953
5 0.500000 0.509804 0.800000 0.784314
13 0.500000 0.504808 0.818182 0.817308
1 0.515625 0.500000 0.656250 0.647059
2 0.508333 0.500000 0.816667 0.833333
10 0.505882 0.505814 0.823529 0.825581
14 0.508772 0.508772 0.807018 0.807018
