33 0.490385 0.500000 0.788462 0.803922
18 0.504950 0.504950 0.831683 0.831683
11 0.500000 0.500000 0.839286 0.826923
8 0.500000 0.491228 0.821429 0.807018
3 0.500000 0.510417 0.787234 0.770833
14 0.506667 0.505747 0.826667 0.827586
10 0.509259 0.500000 0.796296 0.807692
1 0.507042 0.507042 0.816901 0.816901
13 0.500000 0.506098 0.808219 0.817073
17 0.500000 0.500000 0.843750 0.843750
2 0.500000 0.500000 0.818182 0.827586
7 0.506944 0.507042 0.819444 0.816901
35 0.500000 0.510417 0.795918 0.770833
38 0.500000 0.490385 0.760000 0.788462
31 0.509804 0.500000 0.784314 0.800000
4 0.500000 0.500000 0.756098 0.767442
5 0.500000 0.500000 0.821429 0.821429
