17 0.500000 0.513514 0.714286 0.702703
18 0.510638 0.511628 0.765957 0.744186
7 0.513889 0.500000 0.694444 0.714286
31 0.500000 0.487500 0.750000 0.725000
4 0.514286 0.500000 0.685714 0.666667
38 0.500000 0.500000 0.736842 0.736842
1 0.500000 0.486486 0.700000 0.702703
12 0.500000 0.512195 0.750000 0.731707
35 0.500000 0.500000 0.736842 0.743590
2 0.513514 0.513889 0.702703 0.694444
9 0.500000 0.500000 0.714286 0.722222
5 0.512821 0.512821 0.717949 0.717949
14 0.509615 0.509615 0.788462 0.788462
11 0.500000 0.512195 0.772727 0.731707
3 0.512821 0.512500 0.717949 0.725000
8 0.512821 0.500000 0.717949 0.736842
