1 0.512195 0.500000 0.731707 0.692308
5 0.511111 0.500000 0.755556 0.772727
4 0.513514 0.500000 0.702703 0.684211
31 0.510417 0.500000 0.770833 0.782609
10 0.500000 0.511628 0.756098 0.744186
9 0.512195 0.500000 0.731707 0.761905
35 0.500000 0.500000 0.777778 0.777778
13 0.511628 0.508929 0.744186 0.803571
38 0.510417 0.510204 0.770833 0.775510
14 0.500000 0.500000 0.827586 0.833333
12 0.500000 0.500000 0.782609 0.772727
17 0.500000 0.500000 0.736842 0.743590
7 0.500000 0.500000 0.729730 0.692308
11 0.510000 0.500000 0.780000 0.777778
2 0.487179 0.500000 0.717949 0.700000
25 0.507246 0.500000 0.811594 0.823529
