25 0.511905 0.511905 0.738095 0.738095
13 0.500000 0.515625 0.677419 0.656250
4 0.500000 0.515625 0.677419 0.656250
35 0.516129 0.515625 0.645161 0.656250
18 0.500000 0.483871 0.625000 0.645161
11 0.500000 0.510870 0.800000 0.760870
17 0.500000 0.500000 0.600000 0.655172
8 0.516667 0.517241 0.633333 0.620690
38 0.517857 0.482143 0.607143 0.607143
2 0.516667 0.516667 0.633333 0.633333
5 0.516129 0.500000 0.645161 0.666667
10 0.500000 0.515625 0.655172 0.656250
9 0.500000 0.516129 0.666667 0.645161
3 0.500000 0.500000 0.642857 0.655172
7 0.517241 0.500000 0.620690 0.655172
