18 0.500000 0.508929 0.827586 0.803571
9 0.511628 0.511111 0.744186 0.755556
2 0.512195 0.512195 0.731707 0.731707
35 0.500000 0.500000 0.800000 0.795918
10 0.500000 0.500000 0.767442 0.777778
4 0.500000 0.500000 0.736842 0.736842
1 0.500000 0.500000 0.761905 0.743590
17 0.487805 0.500000 0.731707 0.756098
14 0.507937 0.507692 0.825397 0.830769
8 0.511111 0.511111 0.755556 0.755556
38 0.509434 0.500000 0.792453 0.811321
5 0.500000 0.510638 0.782609 0.765957
13 0.500000 0.492063 0.787234 0.825397
12 0.500000 0.500000 0.795918 0.791667
11 0.500000 0.509615 0.821429 0.788462
25 0.506667 0.500000 0.826667 0.837838
31 0.509804 0.500000 0.784314 0.795918
3 0.500000 0.500000 0.795918 0.795918
