3 0.500000 0.508929 0.821429 0.803571
11 0.500000 0.500000 0.827160 0.833333
18 0.504717 0.505051 0.820755 0.828283
8 0.500000 0.500000 0.744681 0.744681
4 0.500000 0.506173 0.829268 0.814815
9 0.500000 0.500000 0.841270 0.841270
7 0.508772 0.500000 0.807018 0.818182
38 0.500000 0.509615 0.800000 0.788462
13 0.505814 0.506757 0.825581 0.824324
14 0.508333 0.500000 0.816667 0.836066
35 0.506757 0.500000 0.824324 0.835616
31 0.505319 0.505952 0.819149 0.821429
12 0.506757 0.506579 0.824324 0.828947
5 0.511628 0.500000 0.744186 0.761905
