4 0.500000 0.500000 0.800000 0.791667
1 0.512821 0.513158 0.717949 0.710526
13 0.500000 0.489362 0.769231 0.765957
38 0.512821 0.512821 0.717949 0.717949
2 0.513158 0.500000 0.710526 0.729730
3 0.500000 0.500000 0.750000 0.750000
18 0.500000 0.490196 0.818182 0.784314
7 0.500000 0.511628 0.767442 0.744186
31 0.500000 0.510000 0.811321 0.780000
5 0.500000 0.500000 0.705882 0.705882
11 0.510870 0.500000 0.760870 0.756098
17 0.500000 0.511111 0.767442 0.755556
14 0.511905 0.488372 0.738095 0.744186
10 0.512821 0.512195 0.717949 0.731707
8 0.486111 0.513514 0.694444 0.702703
12 0.500000 0.510000 0.772727 0.780000
