18 0.508197 0.500000 0.819672 0.818182
17 0.513514 0.512500 0.702703 0.725000
2 0.500000 0.500000 0.827586 0.824561
13 0.500000 0.500000 0.761905 0.750000
9 0.500000 0.500000 0.785714 0.785714
25 0.500000 0.506579 0.842105 0.828947
38 0.510417 0.500000 0.770833 0.787234
35 0.500000 0.509434 0.800000 0.792453
1 0.509091 0.491071 0.800000 0.803571
3 0.500000 0.500000 0.756098 0.714286
8 0.500000 0.509434 0.807692 0.792453
5 0.512500 0.512195 0.725000 0.731707
11 0.494048 0.493421 0.821429 0.828947
4 0.500000 0.500000 0.795918 0.795918
12 0.508929 0.500000 0.803571 0.814815
