3 0.511905 0.511364 0.738095 0.750000
18 0.500000 0.500000 0.743590 0.736842
7 0.512821 0.512821 0.717949 0.717949
12 0.509615 0.500000 0.788462 0.807692
2 0.513889 0.513889 0.694444 0.694444
33 0.500000 0.500000 0.714286 0.733333
38 0.500000 0.500000 0.700000 0.736842
25 0.510204 0.500000 0.775510 0.777778
17 0.500000 0.512821 0.750000 0.717949
35 0.500000 0.513158 0.722222 0.710526
1 0.513889 0.500000 0.694444 0.722222
10 0.500000 0.500000 0.787234 0.787234
9 0.500000 0.500000 0.767442 0.772727
