7 0.512500 0.500000 0.725000 0.743590
4 0.500000 0.500000 0.756098 0.756098
31 0.500000 0.500000 0.750000 0.750000
1 0.500000 0.513158 0.684211 0.710526
38 0.487500 0.500000 0.725000 0.743590
14 0.500000 0.500000 0.807692 0.807692
11 0.511364 0.512195 0.750000 0.731707
12 0.509615 0.509434 0.788462 0.792453
18 0.488095 0.500000 0.738095 0.743590
25 0.500000 0.510638 0.800000 0.765957
5 0.500000 0.488095 0.720930 0.738095
17 0.511628 0.500000 0.744186 0.743590
9 0.500000 0.510638 0.782609 0.765957
33 0.511905 0.488889 0.738095 0.755556
3 0.500000 0.511364 0.756098 0.750000
