38 0.513158 0.500000 0.710526 0.729730
17 0.500000 0.513514 0.729730 0.702703
2 0.513889 0.513889 0.694444 0.694444
7 0.500000 0.513514 0.722222 0.702703
10 0.500000 0.500000 0.777778 0.777778
13 0.500000 0.486486 0.714286 0.702703
18 0.486842 0.513158 0.710526 0.710526
5 0.500000 0.500000 0.736842 0.736842
12 0.510000 0.509804 0.780000 0.784314
33 0.512195 0.511364 0.731707 0.750000
4 0.500000 0.512500 0.729730 0.725000
14 0.500000 0.510204 0.791667 0.775510
25 0.510870 0.500000 0.760870 0.761905
3 0.500000 0.511628 0.750000 0.744186
35 0.500000 0.513158 0.722222 0.710526
1 0.500000 0.500000 0.705882 0.722222
9 0.511628 0.511111 0.744186 0.755556
