1 0.489796 0.500000 0.775510 0.811321
7 0.515625 0.500000 0.656250 0.687500
15 0.482759 0.517241 0.620690 0.620690
13 0.511628 0.487500 0.744186 0.725000
38 0.500000 0.500000 0.600000 0.655172
35 0.514706 0.514706 0.676471 0.676471
25 0.513158 0.514286 0.710526 0.685714
9 0.516667 0.516129 0.633333 0.645161
18 0.507042 0.500000 0.816901 0.815385
12 0.500000 0.500000 0.677419 0.696970
2 0.516667 0.516129 0.633333 0.645161
8 0.512821 0.512821 0.717949 0.717949
5 0.500000 0.500000 0.642857 0.642857
4 0.500000 0.516667 0.655172 0.633333
31 0.514286 0.514706 0.685714 0.676471
11 0.500000 0.500000 0.743590 0.729730
