18 0.516667 0.500000 0.633333 0.655172
11 0.500000 0.482143 0.636364 0.607143
1 0.517857 0.500000 0.607143 0.655172
9 0.500000 0.500000 0.743590 0.707317
10 0.513514 0.500000 0.702703 0.705882
14 0.485294 0.513889 0.676471 0.694444
4 0.517241 0.515625 0.620690 0.656250
8 0.500000 0.500000 0.655172 0.629630
31 0.500000 0.500000 0.687500 0.687500
2 0.500000 0.516129 0.666667 0.645161
17 0.500000 0.517241 0.642857 0.620690
7 0.500000 0.483871 0.666667 0.645161
12 0.512500 0.500000 0.725000 0.750000
33 0.500000 0.513158 0.705882 0.710526
35 0.516667 0.500000 0.633333 0.655172
3 0.516129 0.500000 0.645161 0.687500
5 0.500000 0.515625 0.677419 0.656250
13 0.516667 0.482143 0.633333 0.607143
