4 0.515152 0.500000 0.666667 0.687500
1 0.500000 0.500000 0.821429 0.827586
5 0.515625 0.500000 0.656250 0.625000
15 0.500000 0.513889 0.705882 0.694444
13 0.509615 0.500000 0.788462 0.782609
25 0.500000 0.500000 0.756098 0.736842
33 0.500000 0.500000 0.743590 0.700000
3 0.513158 0.513158 0.710526 0.710526
17 0.514286 0.515152 0.685714 0.666667
14 0.508475 0.492063 0.813559 0.825397
7 0.500000 0.513158 0.722222 0.710526
2 0.500000 0.513158 0.705882 0.710526
10 0.484375 0.483871 0.656250 0.645161
18 0.500000 0.506944 0.822785 0.819444
11 0.500000 0.488636 0.787234 0.750000
35 0.512821 0.500000 0.717949 0.736842
31 0.511905 0.513158 0.738095 0.710526
