25 0.500000 0.500000 0.829787 0.833333
1 0.509259 0.500000 0.796296 0.814815
8 0.500000 0.509434 0.814815 0.792453
11 0.507143 0.500000 0.814286 0.830508
31 0.500000 0.507246 0.823529 0.811594
35 0.500000 0.506757 0.837838 0.824324
10 0.506024 0.500000 0.819277 0.829268
2 0.500000 0.500000 0.795918 0.800000
14 0.500000 0.504310 0.818182 0.818966
9 0.500000 0.507042 0.823529 0.816901
18 0.500000 0.500000 0.820513 0.828571
7 0.508929 0.508772 0.803571 0.807018
12 0.507937 0.500000 0.825397 0.826087
5 0.500000 0.508772 0.818182 0.807018
4 0.506944 0.500000 0.819444 0.833333
3 0.507353 0.500000 0.808824 0.823529
33 0.510417 0.509434 0.770833 0.792453
38 0.500000 0.500000 0.811321 0.818182
