2 0.500000 0.500000 0.687500 0.696970
12 0.500000 0.500000 0.642857 0.642857
13 0.500000 0.510870 0.787234 0.760870
7 0.500000 0.500000 0.655172 0.687500
25 0.500000 0.500000 0.782609 0.772727
1 0.500000 0.514286 0.666667 0.685714
5 0.514706 0.500000 0.676471 0.677419
11 0.517857 0.500000 0.607143 0.767442
18 0.500000 0.512821 0.729730 0.717949
38 0.500000 0.516667 0.629630 0.633333
4 0.516129 0.516129 0.645161 0.645161
3 0.500000 0.500000 0.615385 0.642857
35 0.500000 0.500000 0.642857 0.600000
