3 0.500000 0.500000 0.722222 0.722222
4 0.500000 0.511111 0.782609 0.755556
13 0.500000 0.500000 0.787234 0.761905
10 0.513514 0.512821 0.702703 0.717949
1 0.486486 0.500000 0.702703 0.714286
38 0.500000 0.513158 0.729730 0.710526
18 0.509615 0.510417 0.788462 0.770833
11 0.511905 0.500000 0.738095 0.743590
17 0.500000 0.488372 0.720930 0.744186
8 0.500000 0.500000 0.705882 0.666667
31 0.500000 0.510417 0.803922 0.770833
2 0.513889 0.513889 0.694444 0.694444
5 0.500000 0.500000 0.687500 0.687500
12 0.511364 0.510204 0.750000 0.775510
35 0.500000 0.500000 0.756098 0.750000
9 0.512500 0.500000 0.725000 0.743590
25 0.510417 0.511905 0.770833 0.738095
14 0.500000 0.500000 0.736842 0.736842
7 0.513158 0.500000 0.710526 0.729730
