11 0.500000 0.500000 0.687500 0.687500
2 0.500000 0.500000 0.666667 0.666667
10 0.500000 0.500000 0.666667 0.666667
25 0.500000 0.512821 0.743590 0.717949
13 0.500000 0.500000 0.675676 0.714286
9 0.500000 0.515152 0.666667 0.666667
1 0.518519 0.517241 0.592593 0.620690
35 0.500000 0.500000 0.666667 0.687500
7 0.500000 0.500000 0.687500 0.687500
17 0.500000 0.500000 0.655172 0.642857
38 0.516129 0.500000 0.645161 0.677419
3 0.500000 0.500000 0.655172 0.666667
5 0.500000 0.500000 0.666667 0.666667
14 0.518519 0.518519 0.592593 0.592593
