4 0.512195 0.512195 0.731707 0.731707
9 0.509259 0.500000 0.796296 0.769231
38 0.517857 0.500000 0.607143 0.642857
5 0.500000 0.517241 0.666667 0.620690
25 0.500000 0.514706 0.729730 0.676471
3 0.500000 0.517857 0.629630 0.607143
11 0.500000 0.500000 0.803922 0.791667
18 0.500000 0.500000 0.714286 0.714286
12 0.500000 0.515625 0.677419 0.656250
10 0.516667 0.500000 0.633333 0.655172
13 0.514706 0.500000 0.676471 0.750000
35 0.500000 0.500000 0.696970 0.696970
2 0.515152 0.500000 0.666667 0.696970
17 0.500000 0.516667 0.642857 0.633333
