12 0.512500 0.500000 0.725000 0.743590
2 0.516667 0.516667 0.633333 0.633333
17 0.500000 0.516129 0.666667 0.645161
7 0.517241 0.500000 0.620690 0.655172
4 0.514706 0.514706 0.676471 0.676471
8 0.516667 0.500000 0.633333 0.642857
3 0.482759 0.483333 0.620690 0.633333
9 0.483871 0.500000 0.645161 0.666667
10 0.516667 0.515625 0.633333 0.656250
1 0.500000 0.500000 0.687500 0.647059
25 0.511628 0.500000 0.744186 0.761905
18 0.500000 0.500000 0.677419 0.677419
5 0.500000 0.500000 0.666667 0.666667
13 0.515625 0.515625 0.656250 0.656250
35 0.515625 0.500000 0.656250 0.687500
11 0.509259 0.510204 0.796296 0.775510
