2 0.500000 0.500000 0.833333 0.833333
5 0.500000 0.500000 0.791667 0.791667
14 0.500000 0.493421 0.835616 0.828947
10 0.506849 0.500000 0.821918 0.837838
12 0.500000 0.500000 0.826087 0.827957
11 0.500000 0.500000 0.830508 0.828571
35 0.505102 0.500000 0.826531 0.835052
1 0.500000 0.500000 0.820896 0.841270
7 0.500000 0.506849 0.822785 0.821918
31 0.503759 0.500000 0.827068 0.827586
9 0.500000 0.505682 0.839080 0.829545
25 0.500000 0.507246 0.833333 0.811594
18 0.503226 0.500000 0.825806 0.834483
38 0.500000 0.509259 0.814815 0.796296
4 0.504310 0.500000 0.818966 0.833333
3 0.507246 0.507692 0.811594 0.830769
17 0.500000 0.500000 0.803922 0.807692
8 0.500000 0.500000 0.814815 0.811321
