2 0.506757 0.500000 0.824324 0.833333
8 0.500000 0.507353 0.820896 0.808824
13 0.500000 0.511364 0.777778 0.750000
18 0.500000 0.507042 0.822785 0.816901
7 0.510000 0.509615 0.780000 0.788462
35 0.509259 0.500000 0.796296 0.821429
10 0.511364 0.511628 0.750000 0.744186
25 0.500000 0.500000 0.833333 0.831579
38 0.500000 0.500000 0.814815 0.814815
3 0.500000 0.510000 0.795918 0.780000
1 0.500000 0.500000 0.833333 0.813333
11 0.500000 0.505618 0.836735 0.831461
9 0.506757 0.506849 0.824324 0.821918
17 0.500000 0.511111 0.756098 0.755556
5 0.500000 0.500000 0.795918 0.777778
