4 0.512821 0.512821 0.717949 0.717949
38 0.500000 0.517857 0.629630 0.607143
35 0.517241 0.500000 0.620690 0.642857
10 0.500000 0.517857 0.629630 0.607143
7 0.500000 0.518519 0.615385 0.592593
5 0.517241 0.500000 0.620690 0.615385
13 0.500000 0.512821 0.687500 0.717949
1 0.500000 0.500000 0.795918 0.807692
17 0.517241 0.500000 0.620690 0.642857
25 0.512500 0.500000 0.725000 0.714286
11 0.509615 0.500000 0.788462 0.787234
9 0.500000 0.500000 0.800000 0.795918
18 0.500000 0.514706 0.743590 0.676471
