13 0.500000 0.500000 0.782609 0.772727
5 0.514286 0.500000 0.685714 0.705882
10 0.500000 0.512500 0.736842 0.725000
1 0.484848 0.513889 0.666667 0.694444
35 0.500000 0.500000 0.729730 0.729730
4 0.500000 0.516129 0.666667 0.645161
14 0.500000 0.513514 0.714286 0.702703
17 0.513889 0.513514 0.694444 0.702703
33 0.500000 0.500000 0.615385 0.615385
11 0.509434 0.510000 0.792453 0.780000
31 0.517241 0.517241 0.620690 0.620690
3 0.500000 0.516129 0.642857 0.645161
18 0.500000 0.500000 0.830508 0.806452
7 0.514706 0.500000 0.676471 0.696970
8 0.483871 0.500000 0.645161 0.629630
25 0.511905 0.500000 0.738095 0.743590
