4 0.500000 0.508333 0.824561 0.816667
10 0.510000 0.500000 0.780000 0.795918
13 0.508065 0.504630 0.822581 0.824074
11 0.500000 0.500000 0.831169 0.838235
8 0.509615 0.509259 0.788462 0.796296
12 0.500000 0.500000 0.825243 0.825243
38 0.514286 0.513514 0.685714 0.702703
35 0.504808 0.504717 0.817308 0.820755
1 0.500000 0.500000 0.833333 0.833333
18 0.500000 0.494318 0.835052 0.829545
3 0.491228 0.491525 0.807018 0.813559
5 0.510000 0.511628 0.780000 0.744186
17 0.500000 0.513158 0.722222 0.710526
2 0.500000 0.500000 0.826087 0.828571
7 0.500000 0.506944 0.841270 0.819444
25 0.506667 0.500000 0.826667 0.835616
9 0.500000 0.504098 0.831933 0.827869
