25 0.500000 0.500000 0.820896 0.841270
13 0.510204 0.500000 0.775510 0.777778
17 0.511364 0.500000 0.750000 0.772727
3 0.500000 0.500000 0.657143 0.666667
4 0.512821 0.500000 0.717949 0.736842
1 0.500000 0.500000 0.743590 0.782609
7 0.513514 0.500000 0.702703 0.736842
9 0.500000 0.508929 0.821429 0.803571
10 0.513158 0.513158 0.710526 0.710526
8 0.500000 0.500000 0.705882 0.677419
5 0.511628 0.500000 0.744186 0.750000
38 0.516129 0.500000 0.645161 0.677419
18 0.500000 0.509434 0.800000 0.792453
