11 0.483871 0.500000 0.645161 0.787234
8 0.492063 0.500000 0.825397 0.807692
17 0.506579 0.506024 0.828947 0.819277
25 0.500000 0.503521 0.833333 0.823944
10 0.506757 0.500000 0.824324 0.835616
5 0.507246 0.507937 0.811594 0.825397
13 0.500000 0.500000 0.800000 0.787234
3 0.508197 0.507692 0.819672 0.830769
1 0.496350 0.503185 0.832117 0.828025
38 0.514706 0.500000 0.676471 0.705882
2 0.500000 0.508772 0.827586 0.807018
12 0.500000 0.504032 0.837398 0.830645
35 0.500000 0.508475 0.827586 0.813559
