18 0.500000 0.500000 0.822785 0.835294
2 0.500000 0.500000 0.800000 0.800000
5 0.508929 0.500000 0.803571 0.807692
38 0.514706 0.500000 0.676471 0.696970
8 0.490566 0.488889 0.792453 0.755556
17 0.500000 0.500000 0.841270 0.843750
35 0.508772 0.508929 0.807018 0.803571
4 0.500000 0.500000 0.811321 0.811321
13 0.490000 0.500000 0.780000 0.750000
3 0.500000 0.500000 0.795918 0.807692
9 0.500000 0.505155 0.836735 0.824742
7 0.500000 0.510000 0.777778 0.780000
12 0.500000 0.500000 0.828571 0.828571
25 0.504167 0.504237 0.825000 0.822034
11 0.516129 0.500000 0.645161 0.782609
