18 0.515152 0.515625 0.666667 0.656250
11 0.500000 0.515152 0.692308 0.666667
38 0.514286 0.500000 0.685714 0.705882
12 0.500000 0.500000 0.767442 0.777778
4 0.500000 0.500000 0.705882 0.714286
14 0.500000 0.511628 0.743590 0.744186
33 0.500000 0.500000 0.736842 0.720930
7 0.514706 0.500000 0.676471 0.696970
35 0.500000 0.500000 0.677419 0.687500
3 0.514286 0.500000 0.685714 0.714286
10 0.500000 0.500000 0.743590 0.743590
31 0.500000 0.500000 0.722222 0.722222
17 0.500000 0.500000 0.696970 0.687500
9 0.500000 0.500000 0.761905 0.761905
25 0.500000 0.500000 0.743590 0.722222
13 0.513889 0.500000 0.694444 0.677419
5 0.500000 0.513889 0.714286 0.694444
