7 0.483333 0.483871 0.633333 0.645161
10 0.515625 0.517857 0.656250 0.607143
13 0.512500 0.513158 0.725000 0.710526
18 0.492647 0.491803 0.808824 0.819672
11 0.500000 0.500000 0.722222 0.666667
2 0.500000 0.500000 0.642857 0.642857
31 0.500000 0.500000 0.687500 0.687500
8 0.513889 0.500000 0.694444 0.714286
3 0.500000 0.516129 0.655172 0.645161
14 0.488636 0.489362 0.750000 0.765957
35 0.500000 0.515625 0.677419 0.656250
15 0.482143 0.517241 0.607143 0.620690
25 0.513889 0.500000 0.694444 0.696970
17 0.517241 0.500000 0.620690 0.615385
4 0.516667 0.516667 0.633333 0.633333
5 0.517241 0.517241 0.620690 0.620690
