5 0.500000 0.516129 0.666667 0.645161
8 0.500000 0.518519 0.642857 0.592593
35 0.517857 0.500000 0.607143 0.642857
2 0.500000 0.500000 0.642857 0.642857
31 0.515152 0.515152 0.666667 0.666667
11 0.515625 0.500000 0.656250 0.629630
25 0.515152 0.515152 0.666667 0.666667
10 0.513889 0.514286 0.694444 0.685714
4 0.517857 0.500000 0.607143 0.655172
12 0.500000 0.512195 0.736842 0.731707
14 0.515625 0.484375 0.656250 0.656250
17 0.500000 0.516129 0.677419 0.645161
3 0.500000 0.515152 0.666667 0.666667
38 0.482759 0.482759 0.620690 0.620690
1 0.518519 0.517241 0.592593 0.620690
33 0.514286 0.513514 0.685714 0.702703
