7 0.500000 0.500000 0.791667 0.791667
9 0.500000 0.511364 0.761905 0.750000
13 0.500000 0.500000 0.785714 0.789474
10 0.500000 0.500000 0.782609 0.787234
5 0.511628 0.511628 0.744186 0.744186
38 0.513158 0.500000 0.710526 0.736842
4 0.513514 0.500000 0.702703 0.736842
14 0.500000 0.500000 0.777778 0.824561
31 0.513514 0.513514 0.702703 0.702703
18 0.500000 0.500000 0.842105 0.820513
25 0.500000 0.508475 0.841270 0.813559
12 0.510870 0.511111 0.760870 0.755556
35 0.500000 0.511364 0.772727 0.750000
1 0.500000 0.510870 0.744681 0.760870
33 0.510870 0.500000 0.760870 0.739130
11 0.506494 0.507143 0.831169 0.814286
8 0.512195 0.500000 0.731707 0.743590
17 0.509804 0.509804 0.784314 0.784314
2 0.500000 0.500000 0.700000 0.714286
3 0.513889 0.500000 0.694444 0.736842
