35 0.511628 0.511111 0.744186 0.755556
4 0.509091 0.509091 0.800000 0.800000
12 0.508475 0.500000 0.813559 0.827586
10 0.510417 0.500000 0.770833 0.791667
8 0.510000 0.500000 0.780000 0.795918
14 0.500000 0.500000 0.744681 0.744681
3 0.500000 0.511628 0.743590 0.744186
5 0.512195 0.512195 0.731707 0.731707
17 0.510204 0.490196 0.775510 0.784314
18 0.508929 0.500000 0.803571 0.811321
7 0.511364 0.500000 0.750000 0.767442
13 0.507143 0.500000 0.814286 0.833333
2 0.500000 0.510638 0.777778 0.765957
11 0.500000 0.509615 0.824561 0.788462
9 0.500000 0.490385 0.755102 0.788462
31 0.500000 0.511364 0.787234 0.750000
