1 0.482143 0.500000 0.607143 0.615385
2 0.500000 0.500000 0.615385 0.615385
38 0.500000 0.516129 0.666667 0.645161
25 0.500000 0.500000 0.714286 0.696970
11 0.500000 0.517241 0.666667 0.620690
18 0.513889 0.500000 0.694444 0.696970
13 0.514706 0.515152 0.676471 0.666667
12 0.516129 0.500000 0.645161 0.722222
8 0.518519 0.500000 0.592593 0.615385
10 0.500000 0.517241 0.642857 0.620690
4 0.514286 0.500000 0.685714 0.687500
17 0.500000 0.513158 0.729730 0.710526
7 0.517241 0.517241 0.620690 0.620690
3 0.500000 0.516129 0.642857 0.645161
5 0.500000 0.500000 0.642857 0.642857
31 0.500000 0.500000 0.729730 0.714286
