11 0.504274 0.500000 0.820513 0.828571
10 0.511905 0.511905 0.738095 0.738095
25 0.508065 0.500000 0.822581 0.833333
17 0.514706 0.500000 0.676471 0.714286
9 0.505618 0.500000 0.831461 0.822222
35 0.507812 0.508197 0.828125 0.819672
13 0.509091 0.500000 0.800000 0.842105
18 0.500000 0.500000 0.830986 0.820896
2 0.509091 0.500000 0.800000 0.818182
38 0.500000 0.500000 0.687500 0.714286
4 0.509615 0.500000 0.788462 0.811321
7 0.510417 0.510000 0.770833 0.780000
1 0.500000 0.500000 0.837209 0.818182
12 0.500000 0.508929 0.818182 0.803571
