1 0.486486 0.513158 0.702703 0.710526
5 0.500000 0.514286 0.705882 0.685714
12 0.513514 0.513889 0.702703 0.694444
10 0.500000 0.500000 0.756098 0.756098
31 0.500000 0.500000 0.666667 0.666667
3 0.500000 0.515152 0.677419 0.666667
14 0.512500 0.488095 0.725000 0.738095
2 0.500000 0.500000 0.666667 0.677419
35 0.500000 0.500000 0.750000 0.750000
7 0.486842 0.500000 0.710526 0.692308
38 0.515152 0.500000 0.666667 0.696970
9 0.500000 0.500000 0.714286 0.722222
25 0.500000 0.511111 0.782609 0.755556
11 0.500000 0.509434 0.814815 0.792453
13 0.510000 0.510000 0.780000 0.780000
17 0.500000 0.500000 0.736842 0.743590
33 0.500000 0.500000 0.629630 0.629630
4 0.515152 0.514706 0.666667 0.676471
