9 0.500000 0.500000 0.722222 0.743590
12 0.509804 0.509804 0.784314 0.784314
18 0.500000 0.512821 0.743590 0.717949
31 0.512821 0.513889 0.717949 0.694444
4 0.500000 0.500000 0.750000 0.750000
2 0.500000 0.500000 0.729730 0.714286
7 0.500000 0.500000 0.722222 0.714286
13 0.510638 0.500000 0.765957 0.772727
5 0.513514 0.500000 0.702703 0.722222
25 0.509434 0.500000 0.792453 0.795918
11 0.511905 0.500000 0.738095 0.729730
3 0.500000 0.500000 0.677419 0.642857
17 0.500000 0.500000 0.705882 0.722222
