13 0.487805 0.487179 0.731707 0.717949
31 0.500000 0.514706 0.705882 0.676471
10 0.516129 0.517857 0.645161 0.607143
25 0.513158 0.514286 0.710526 0.685714
33 0.500000 0.500000 0.655172 0.655172
14 0.500000 0.500000 0.739130 0.755102
8 0.500000 0.513514 0.722222 0.702703
17 0.515152 0.500000 0.666667 0.677419
5 0.517241 0.517241 0.620690 0.620690
12 0.516667 0.500000 0.633333 0.677419
4 0.500000 0.516667 0.655172 0.633333
15 0.500000 0.517241 0.642857 0.620690
38 0.517241 0.483333 0.620690 0.633333
2 0.500000 0.500000 0.655172 0.655172
9 0.516667 0.516129 0.633333 0.645161
