5 0.500000 0.505618 0.834862 0.831461
38 0.513158 0.512500 0.710526 0.725000
1 0.500000 0.500000 0.829268 0.840909
9 0.506944 0.500000 0.819444 0.826087
8 0.510000 0.488095 0.780000 0.738095
2 0.500000 0.507812 0.823529 0.828125
35 0.510870 0.510638 0.760870 0.765957
10 0.500000 0.504545 0.833333 0.827273
11 0.500000 0.500000 0.830769 0.836364
25 0.500000 0.500000 0.826772 0.827586
7 0.507353 0.507143 0.808824 0.814286
13 0.512195 0.500000 0.731707 0.736842
17 0.505618 0.504950 0.831461 0.831683
18 0.496503 0.503788 0.825175 0.825758
4 0.500000 0.508333 0.833333 0.816667
