25 0.500000 0.500000 0.831325 0.840000
8 0.500000 0.510638 0.782609 0.765957
38 0.500000 0.491379 0.818182 0.810345
14 0.509804 0.500000 0.784314 0.795918
11 0.507812 0.500000 0.828125 0.824561
7 0.510870 0.500000 0.760870 0.777778
1 0.500000 0.482759 0.642857 0.620690
10 0.509091 0.508772 0.800000 0.807018
9 0.509434 0.491379 0.792453 0.810345
35 0.510870 0.510417 0.760870 0.770833
4 0.500000 0.500000 0.824561 0.824561
13 0.506173 0.492958 0.814815 0.816901
17 0.490909 0.500000 0.800000 0.796610
3 0.500000 0.500000 0.767442 0.782609
18 0.507812 0.500000 0.828125 0.836066
