38 0.507353 0.507143 0.808824 0.814286
18 0.503472 0.500000 0.826389 0.826772
17 0.506494 0.507143 0.831169 0.814286
7 0.506849 0.506757 0.821918 0.824324
14 0.500000 0.500000 0.823899 0.823529
9 0.505682 0.505435 0.829545 0.815217
35 0.503289 0.503425 0.822368 0.828767
10 0.500000 0.500000 0.834711 0.833333
4 0.504000 0.500000 0.832000 0.834711
11 0.500000 0.505319 0.837838 0.819149
33 0.509804 0.500000 0.784314 0.821429
12 0.500000 0.500000 0.842105 0.827160
31 0.504274 0.500000 0.820513 0.827586
25 0.500000 0.503268 0.830303 0.823529
13 0.500000 0.500000 0.822581 0.836364
