31 0.500000 0.500000 0.838710 0.838710
18 0.500000 0.504202 0.831933 0.823529
13 0.506757 0.500000 0.824324 0.835294
9 0.500000 0.507143 0.841270 0.814286
7 0.500000 0.505376 0.829787 0.817204
1 0.494318 0.505618 0.829545 0.831461
17 0.505814 0.500000 0.825581 0.829268
4 0.500000 0.500000 0.772727 0.782609
11 0.503571 0.500000 0.821429 0.838710
2 0.506494 0.506250 0.831169 0.812500
33 0.500000 0.490909 0.785714 0.800000
10 0.500000 0.500000 0.818182 0.824561
25 0.503472 0.503817 0.826389 0.824427
3 0.500000 0.500000 0.814815 0.814815
14 0.500000 0.500000 0.826087 0.826087
8 0.507353 0.507692 0.808824 0.830769
12 0.500000 0.507812 0.823529 0.828125
38 0.500000 0.507937 0.800000 0.825397
