10 0.508475 0.500000 0.813559 0.833333
8 0.500000 0.500000 0.787234 0.787234
5 0.500000 0.500000 0.761905 0.761905
17 0.510000 0.509804 0.780000 0.784314
35 0.493976 0.500000 0.819277 0.829268
2 0.500000 0.500000 0.820896 0.826087
4 0.500000 0.500000 0.839080 0.833333
7 0.508065 0.500000 0.822581 0.827586
13 0.500000 0.506024 0.827957 0.819277
1 0.508333 0.500000 0.816667 0.827586
31 0.504808 0.505435 0.817308 0.815217
12 0.506173 0.500000 0.814815 0.829268
38 0.500000 0.500000 0.800000 0.800000
