8 0.508475 0.500000 0.813559 0.789474
25 0.500000 0.500000 0.840000 0.830986
1 0.500000 0.506944 0.835616 0.819444
4 0.500000 0.500000 0.837398 0.829060
9 0.500000 0.504950 0.840000 0.831683
38 0.508772 0.508929 0.807018 0.803571
13 0.503876 0.500000 0.821705 0.827586
18 0.502604 0.500000 0.828125 0.833333
35 0.504310 0.504310 0.818966 0.818966
11 0.500000 0.504167 0.837037 0.825000
5 0.510204 0.510204 0.775510 0.775510
7 0.506098 0.500000 0.817073 0.837838
12 0.500000 0.504630 0.828571 0.824074
14 0.500000 0.500000 0.807229 0.835294
