9 0.508475 0.508621 0.813559 0.810345
8 0.500000 0.515152 0.714286 0.666667
17 0.500000 0.510638 0.767442 0.765957
1 0.512195 0.510417 0.731707 0.770833
7 0.513514 0.500000 0.702703 0.700000
11 0.500000 0.511111 0.655172 0.755556
13 0.500000 0.500000 0.791667 0.777778
2 0.500000 0.500000 0.750000 0.750000
38 0.516129 0.500000 0.645161 0.677419
12 0.514286 0.500000 0.685714 0.705882
5 0.511628 0.500000 0.744186 0.750000
35 0.500000 0.488095 0.720930 0.738095
4 0.500000 0.512500 0.743590 0.725000
