2 0.510870 0.510638 0.760870 0.765957
7 0.511905 0.500000 0.738095 0.767442
10 0.510417 0.510417 0.770833 0.770833
9 0.493056 0.493151 0.819444 0.821918
5 0.510000 0.500000 0.780000 0.772727
8 0.510638 0.512195 0.765957 0.731707
4 0.510638 0.510638 0.765957 0.765957
1 0.500000 0.507246 0.821429 0.811594
3 0.512195 0.511111 0.731707 0.755556
18 0.500000 0.500000 0.841270 0.820896
38 0.483871 0.515152 0.645161 0.666667
35 0.510204 0.500000 0.775510 0.795918
13 0.510204 0.500000 0.775510 0.744681
25 0.505102 0.500000 0.826531 0.840909
17 0.509091 0.508929 0.800000 0.803571
