18 0.511364 0.500000 0.750000 0.736842
7 0.485294 0.500000 0.676471 0.657143
4 0.500000 0.500000 0.722222 0.722222
13 0.515152 0.500000 0.666667 0.677419
10 0.500000 0.500000 0.729730 0.743590
12 0.500000 0.510638 0.782609 0.765957
25 0.500000 0.511111 0.795918 0.755556
8 0.500000 0.500000 0.666667 0.655172
5 0.514706 0.500000 0.676471 0.647059
9 0.485714 0.500000 0.685714 0.696970
2 0.500000 0.500000 0.657143 0.657143
1 0.500000 0.500000 0.743590 0.743590
3 0.515152 0.514286 0.666667 0.685714
38 0.516129 0.483871 0.645161 0.645161
