18 0.500000 0.504237 0.830769 0.822034
10 0.500000 0.510417 0.787234 0.770833
3 0.509804 0.500000 0.784314 0.803922
31 0.500000 0.507246 0.835616 0.811594
5 0.500000 0.500000 0.761905 0.750000
9 0.516667 0.500000 0.633333 0.677419
25 0.508475 0.500000 0.813559 0.807692
7 0.509091 0.500000 0.800000 0.821429
13 0.500000 0.500000 0.830189 0.829787
35 0.500000 0.508333 0.830508 0.816667
14 0.496324 0.500000 0.830882 0.822222
15 0.500000 0.500000 0.838710 0.841270
4 0.512500 0.500000 0.725000 0.743590
2 0.500000 0.500000 0.811321 0.821429
38 0.500000 0.500000 0.813953 0.826087
8 0.500000 0.506173 0.825000 0.814815
12 0.508772 0.500000 0.807018 0.824561
17 0.509091 0.509804 0.800000 0.784314
