7 0.515625 0.500000 0.656250 0.636364
35 0.500000 0.500000 0.655172 0.677419
9 0.516667 0.515625 0.633333 0.656250
38 0.483333 0.500000 0.633333 0.625000
3 0.517241 0.516667 0.620690 0.633333
25 0.512821 0.513158 0.717949 0.710526
2 0.500000 0.500000 0.666667 0.666667
1 0.518519 0.500000 0.592593 0.642857
31 0.500000 0.517241 0.666667 0.620690
4 0.514706 0.514706 0.676471 0.676471
12 0.511628 0.511628 0.744186 0.744186
8 0.500000 0.515152 0.687500 0.666667
13 0.500000 0.514706 0.657143 0.676471
11 0.516129 0.516129 0.645161 0.645161
14 0.500000 0.518519 0.615385 0.592593
17 0.500000 0.517857 0.642857 0.607143
