14 0.510417 0.500000 0.770833 0.787234
13 0.506579 0.507812 0.828947 0.828125
7 0.510870 0.500000 0.760870 0.777778
12 0.500000 0.508197 0.833333 0.819672
18 0.500000 0.500000 0.827586 0.821429
4 0.508929 0.508929 0.803571 0.803571
35 0.511364 0.500000 0.750000 0.777778
38 0.490566 0.500000 0.792453 0.814815
9 0.490000 0.500000 0.780000 0.785714
11 0.500000 0.509091 0.838710 0.800000
1 0.517241 0.500000 0.620690 0.642857
8 0.510638 0.510638 0.765957 0.765957
25 0.500000 0.500000 0.840000 0.823529
10 0.500000 0.509434 0.803922 0.792453
31 0.500000 0.500000 0.800000 0.782609
