8 0.500000 0.500000 0.629630 0.615385
17 0.514706 0.500000 0.676471 0.705882
25 0.500000 0.500000 0.782609 0.772727
1 0.500000 0.500000 0.642857 0.687500
7 0.516667 0.500000 0.633333 0.677419
10 0.516667 0.516667 0.633333 0.633333
2 0.500000 0.500000 0.677419 0.696970
13 0.500000 0.510870 0.787234 0.760870
11 0.517857 0.511364 0.607143 0.750000
35 0.517857 0.500000 0.607143 0.629630
3 0.518519 0.517241 0.592593 0.620690
18 0.500000 0.500000 0.729730 0.729730
9 0.500000 0.510204 0.787234 0.775510
38 0.500000 0.516667 0.629630 0.633333
