17 0.513514 0.500000 0.702703 0.729730
18 0.500000 0.511111 0.791667 0.755556
1 0.500000 0.500000 0.743590 0.729730
7 0.500000 0.500000 0.722222 0.722222
3 0.512195 0.500000 0.731707 0.756098
10 0.511905 0.511905 0.738095 0.738095
31 0.500000 0.500000 0.756098 0.750000
12 0.500000 0.511364 0.767442 0.750000
25 0.508475 0.508475 0.813559 0.813559
38 0.500000 0.500000 0.750000 0.750000
2 0.486486 0.513514 0.702703 0.702703
11 0.511905 0.513158 0.738095 0.710526
35 0.512500 0.500000 0.725000 0.750000
14 0.509259 0.500000 0.796296 0.811321
5 0.500000 0.500000 0.736842 0.736842
9 0.500000 0.512821 0.722222 0.717949
13 0.500000 0.500000 0.736842 0.795918
4 0.485714 0.485714 0.685714 0.685714
