8 0.511111 0.511111 0.755556 0.755556
14 0.500000 0.500000 0.750000 0.750000
9 0.511905 0.500000 0.738095 0.772727
17 0.500000 0.500000 0.743590 0.756098
3 0.500000 0.515625 0.705882 0.656250
25 0.500000 0.500000 0.838710 0.827586
12 0.500000 0.500000 0.807692 0.807692
35 0.500000 0.500000 0.736842 0.750000
2 0.511905 0.511905 0.738095 0.738095
10 0.500000 0.500000 0.750000 0.756098
1 0.516667 0.517241 0.633333 0.620690
18 0.500000 0.500000 0.782609 0.772727
13 0.500000 0.490000 0.814815 0.780000
4 0.500000 0.500000 0.782609 0.782609
11 0.500000 0.500000 0.787234 0.772727
38 0.500000 0.500000 0.772727 0.777778
31 0.500000 0.512821 0.750000 0.717949
