31 0.486111 0.513889 0.694444 0.694444
1 0.500000 0.500000 0.736842 0.722222
7 0.514706 0.500000 0.676471 0.696970
17 0.484848 0.500000 0.666667 0.696970
3 0.513889 0.500000 0.694444 0.722222
25 0.500000 0.509434 0.807692 0.792453
14 0.500000 0.500000 0.782609 0.787234
8 0.500000 0.500000 0.736842 0.736842
38 0.500000 0.513514 0.722222 0.702703
9 0.500000 0.500000 0.696970 0.705882
2 0.500000 0.500000 0.687500 0.696970
35 0.500000 0.513514 0.722222 0.702703
10 0.500000 0.500000 0.743590 0.729730
12 0.500000 0.500000 0.736842 0.736842
