5 0.500000 0.512195 0.750000 0.731707
31 0.500000 0.500000 0.705882 0.705882
11 0.500000 0.500000 0.828571 0.833333
4 0.514286 0.513889 0.685714 0.694444
3 0.514286 0.500000 0.685714 0.722222
7 0.500000 0.500000 0.767442 0.772727
14 0.510417 0.509615 0.770833 0.788462
25 0.508772 0.509615 0.807018 0.788462
2 0.500000 0.513889 0.657143 0.694444
35 0.511111 0.511905 0.755556 0.738095
33 0.500000 0.500000 0.642857 0.642857
12 0.511905 0.512195 0.738095 0.731707
1 0.500000 0.500000 0.750000 0.756098
38 0.513514 0.500000 0.702703 0.743590
9 0.500000 0.512500 0.743590 0.725000
10 0.500000 0.500000 0.767442 0.777778
17 0.510870 0.500000 0.760870 0.777778
18 0.507042 0.507042 0.816901 0.816901
