7 0.500000 0.487500 0.736842 0.725000
1 0.489362 0.508929 0.765957 0.803571
2 0.500000 0.500000 0.761905 0.761905
25 0.505882 0.500000 0.823529 0.825000
35 0.488889 0.488889 0.755556 0.755556
12 0.500000 0.500000 0.761905 0.761905
38 0.516129 0.515152 0.645161 0.666667
18 0.508772 0.500000 0.807018 0.827586
8 0.500000 0.513889 0.743590 0.694444
3 0.513158 0.487500 0.710526 0.725000
11 0.500000 0.500000 0.655172 0.772727
4 0.500000 0.500000 0.761905 0.761905
5 0.510638 0.511905 0.765957 0.738095
10 0.512500 0.512500 0.725000 0.725000
