12 0.489362 0.500000 0.765957 0.739130
5 0.500000 0.514706 0.687500 0.676471
4 0.514286 0.514286 0.685714 0.685714
9 0.514286 0.513889 0.685714 0.694444
38 0.500000 0.513514 0.722222 0.702703
8 0.513514 0.513514 0.702703 0.702703
7 0.500000 0.500000 0.677419 0.666667
11 0.500000 0.508772 0.836066 0.807018
13 0.513889 0.485294 0.694444 0.676471
25 0.508475 0.500000 0.813559 0.818182
17 0.500000 0.484848 0.625000 0.666667
2 0.500000 0.500000 0.720930 0.756098
35 0.511111 0.500000 0.755556 0.767442
10 0.514706 0.500000 0.676471 0.696970
3 0.515625 0.483871 0.656250 0.645161
