31 0.500000 0.485294 0.696970 0.676471
9 0.500000 0.500000 0.687500 0.705882
11 0.500000 0.513514 0.743590 0.702703
10 0.500000 0.513514 0.722222 0.702703
12 0.500000 0.500000 0.729730 0.729730
5 0.514286 0.514286 0.685714 0.685714
4 0.500000 0.500000 0.636364 0.687500
25 0.510000 0.500000 0.780000 0.795918
14 0.511364 0.500000 0.750000 0.772727
3 0.515152 0.514706 0.666667 0.676471
35 0.514286 0.514286 0.685714 0.685714
18 0.500000 0.500000 0.707317 0.684211
17 0.500000 0.500000 0.677419 0.647059
8 0.513514 0.500000 0.702703 0.722222
38 0.514286 0.500000 0.685714 0.714286
