31 0.500000 0.500000 0.803922 0.791667
15 0.500000 0.511111 0.777778 0.755556
13 0.500000 0.500000 0.843750 0.833333
3 0.511905 0.511905 0.738095 0.738095
1 0.507692 0.507692 0.830769 0.830769
5 0.500000 0.485714 0.675676 0.685714
25 0.500000 0.511364 0.777778 0.750000
38 0.509259 0.500000 0.796296 0.821429
10 0.500000 0.500000 0.743590 0.743590
4 0.513514 0.500000 0.702703 0.722222
18 0.505208 0.500000 0.822917 0.837209
12 0.500000 0.500000 0.761905 0.772727
2 0.511905 0.500000 0.738095 0.761905
11 0.507812 0.508621 0.828125 0.810345
33 0.490909 0.500000 0.800000 0.814815
