17 0.489130 0.500000 0.760870 0.787234
9 0.510870 0.510000 0.760870 0.780000
4 0.509434 0.509434 0.792453 0.792453
1 0.517241 0.517241 0.620690 0.620690
12 0.508772 0.500000 0.807018 0.821429
14 0.511364 0.500000 0.750000 0.767442
3 0.500000 0.512195 0.729730 0.731707
13 0.500000 0.508772 0.838710 0.807018
5 0.512195 0.512195 0.731707 0.731707
11 0.500000 0.500000 0.811321 0.795918
8 0.510000 0.500000 0.780000 0.795918
18 0.500000 0.509615 0.811321 0.788462
31 0.489130 0.511628 0.760870 0.744186
10 0.500000 0.510204 0.787234 0.775510
35 0.500000 0.500000 0.761905 0.777778
