7 0.487500 0.487500 0.725000 0.725000
5 0.500000 0.511364 0.767442 0.750000
35 0.500000 0.500000 0.750000 0.750000
25 0.509434 0.510204 0.792453 0.775510
11 0.500000 0.500000 0.777778 0.761905
18 0.511628 0.500000 0.744186 0.756098
33 0.511628 0.500000 0.744186 0.777778
9 0.510417 0.510417 0.770833 0.770833
14 0.500000 0.500000 0.818182 0.821429
4 0.511364 0.511364 0.750000 0.750000
12 0.500000 0.509259 0.807692 0.796296
17 0.500000 0.512195 0.767442 0.731707
2 0.512821 0.512195 0.717949 0.731707
10 0.500000 0.509804 0.800000 0.784314
3 0.500000 0.510870 0.767442 0.760870
31 0.500000 0.511628 0.761905 0.744186
8 0.500000 0.500000 0.729730 0.714286
38 0.487805 0.500000 0.731707 0.750000
1 0.512821 0.500000 0.717949 0.743590
