12 0.511905 0.511905 0.738095 0.738095
8 0.512821 0.514286 0.717949 0.685714
38 0.516129 0.515152 0.645161 0.666667
11 0.500000 0.511111 0.600000 0.755556
35 0.500000 0.511111 0.767442 0.755556
1 0.511111 0.509434 0.755556 0.792453
5 0.500000 0.500000 0.777778 0.743590
9 0.500000 0.500000 0.830508 0.833333
17 0.510417 0.500000 0.770833 0.795918
18 0.500000 0.508621 0.818182 0.810345
7 0.513158 0.512500 0.710526 0.725000
25 0.500000 0.506667 0.825000 0.826667
2 0.500000 0.511905 0.756098 0.738095
4 0.500000 0.511628 0.761905 0.744186
