35 0.500000 0.512195 0.750000 0.731707
13 0.510638 0.500000 0.765957 0.782609
1 0.500000 0.513514 0.705882 0.702703
2 0.516667 0.500000 0.633333 0.655172
25 0.500000 0.500000 0.761905 0.750000
3 0.517241 0.500000 0.620690 0.655172
7 0.500000 0.514286 0.705882 0.685714
4 0.516129 0.500000 0.645161 0.666667
9 0.514706 0.514286 0.676471 0.685714
31 0.516129 0.516129 0.645161 0.645161
17 0.500000 0.513158 0.722222 0.710526
10 0.500000 0.500000 0.736842 0.743590
5 0.514286 0.500000 0.685714 0.705882
33 0.500000 0.517857 0.629630 0.607143
18 0.500000 0.500000 0.833333 0.806452
11 0.509091 0.500000 0.800000 0.803922
8 0.515152 0.500000 0.666667 0.655172
12 0.513889 0.513889 0.694444 0.694444
