18 0.507937 0.500000 0.825397 0.803279
15 0.500000 0.481481 0.571429 0.592593
17 0.517241 0.517857 0.620690 0.607143
35 0.516667 0.516667 0.633333 0.633333
1 0.500000 0.490000 0.739130 0.780000
14 0.488095 0.500000 0.738095 0.777778
3 0.500000 0.516129 0.655172 0.645161
4 0.500000 0.500000 0.600000 0.642857
12 0.516129 0.516129 0.645161 0.645161
25 0.513514 0.514286 0.702703 0.685714
13 0.500000 0.513889 0.736842 0.694444
2 0.500000 0.500000 0.629630 0.629630
5 0.517857 0.500000 0.607143 0.629630
8 0.513889 0.513889 0.694444 0.694444
9 0.500000 0.500000 0.666667 0.655172
10 0.483333 0.500000 0.633333 0.629630
7 0.500000 0.500000 0.600000 0.612903
11 0.500000 0.515152 0.714286 0.666667
