13 0.511111 0.491525 0.755556 0.813559
7 0.512500 0.512500 0.725000 0.725000
35 0.500000 0.510417 0.787234 0.770833
4 0.513158 0.500000 0.710526 0.692308
38 0.500000 0.500000 0.795918 0.800000
17 0.500000 0.512195 0.743590 0.731707
3 0.510638 0.510638 0.765957 0.765957
12 0.500000 0.500000 0.795918 0.787234
18 0.508929 0.500000 0.803571 0.811321
11 0.509259 0.500000 0.796296 0.795918
9 0.512195 0.511905 0.731707 0.738095
1 0.500000 0.512821 0.756098 0.717949
5 0.510638 0.500000 0.765957 0.782609
10 0.511364 0.511111 0.750000 0.755556
25 0.500000 0.500000 0.830986 0.830986
8 0.500000 0.500000 0.772727 0.772727
