4 0.500000 0.512821 0.729730 0.717949
18 0.506173 0.506173 0.814815 0.814815
35 0.510638 0.511111 0.765957 0.755556
10 0.500000 0.500000 0.782609 0.787234
7 0.500000 0.509615 0.803922 0.788462
14 0.508929 0.508197 0.803571 0.819672
38 0.487179 0.487500 0.717949 0.725000
31 0.512821 0.500000 0.717949 0.736842
17 0.500000 0.500000 0.795918 0.795918
2 0.500000 0.488095 0.750000 0.738095
9 0.500000 0.510870 0.772727 0.760870
13 0.509091 0.491379 0.800000 0.810345
3 0.500000 0.500000 0.743590 0.750000
1 0.510204 0.500000 0.775510 0.760000
12 0.510638 0.500000 0.765957 0.777778
