5 0.512195 0.500000 0.731707 0.750000
12 0.500000 0.500000 0.767442 0.767442
18 0.509804 0.510638 0.784314 0.765957
14 0.500000 0.509091 0.814815 0.800000
38 0.500000 0.500000 0.761905 0.767442
2 0.500000 0.500000 0.729730 0.692308
4 0.500000 0.513889 0.714286 0.694444
25 0.500000 0.500000 0.830508 0.830508
11 0.510870 0.511905 0.760870 0.738095
7 0.500000 0.513514 0.684211 0.702703
3 0.500000 0.500000 0.756098 0.761905
1 0.500000 0.513158 0.743590 0.710526
17 0.486486 0.513158 0.702703 0.710526
9 0.500000 0.512821 0.722222 0.717949
13 0.500000 0.490196 0.736842 0.784314
10 0.500000 0.511905 0.756098 0.738095
