25 0.509091 0.509091 0.800000 0.800000
1 0.500000 0.513514 0.736842 0.702703
18 0.500000 0.512195 0.772727 0.731707
11 0.512195 0.500000 0.731707 0.736842
31 0.500000 0.513514 0.684211 0.702703
9 0.513889 0.500000 0.694444 0.722222
5 0.512821 0.512821 0.717949 0.717949
10 0.512195 0.512500 0.731707 0.725000
4 0.500000 0.485294 0.696970 0.676471
3 0.513158 0.500000 0.710526 0.736842
8 0.512821 0.512821 0.717949 0.717949
17 0.514706 0.500000 0.676471 0.705882
12 0.500000 0.511905 0.756098 0.738095
38 0.513158 0.513158 0.710526 0.710526
35 0.513514 0.500000 0.702703 0.722222
