18 0.508197 0.500000 0.819672 0.821429
4 0.509259 0.500000 0.796296 0.803922
38 0.500000 0.500000 0.750000 0.750000
25 0.509434 0.510638 0.792453 0.765957
10 0.511905 0.500000 0.738095 0.767442
35 0.500000 0.510000 0.791667 0.780000
14 0.511111 0.510870 0.755556 0.760870
11 0.500000 0.510638 0.800000 0.765957
5 0.500000 0.513514 0.722222 0.702703
17 0.500000 0.500000 0.772727 0.777778
7 0.511364 0.500000 0.750000 0.761905
8 0.513158 0.513158 0.710526 0.710526
2 0.512195 0.512195 0.731707 0.731707
3 0.500000 0.500000 0.767442 0.772727
31 0.500000 0.509434 0.827586 0.792453
