35 0.513158 0.512821 0.710526 0.717949
8 0.516129 0.483333 0.645161 0.633333
11 0.508333 0.500000 0.816667 0.811321
3 0.500000 0.514286 0.687500 0.685714
25 0.509434 0.510417 0.792453 0.770833
17 0.486486 0.500000 0.702703 0.722222
1 0.487500 0.512195 0.725000 0.731707
2 0.514286 0.514286 0.685714 0.685714
5 0.514286 0.514706 0.685714 0.676471
9 0.500000 0.514286 0.722222 0.685714
7 0.485714 0.514286 0.685714 0.685714
4 0.513158 0.500000 0.710526 0.729730
13 0.514706 0.500000 0.676471 0.687500
38 0.500000 0.515625 0.666667 0.656250
