5 0.506024 0.500000 0.819277 0.810811
3 0.509804 0.509091 0.784314 0.800000
8 0.500000 0.512500 0.744681 0.725000
35 0.488636 0.488889 0.750000 0.755556
7 0.508772 0.500000 0.807018 0.821429
25 0.504717 0.500000 0.820755 0.829787
12 0.500000 0.500000 0.843750 0.843750
11 0.504630 0.505155 0.824074 0.824742
9 0.500000 0.500000 0.833333 0.827586
4 0.500000 0.509434 0.807692 0.792453
1 0.506944 0.506757 0.819444 0.824324
18 0.504587 0.505102 0.825688 0.826531
13 0.500000 0.500000 0.743590 0.729730
38 0.500000 0.513158 0.714286 0.710526
