35 0.511111 0.500000 0.755556 0.756098
25 0.500000 0.509804 0.814815 0.784314
17 0.511111 0.500000 0.755556 0.772727
9 0.512821 0.512821 0.717949 0.717949
12 0.500000 0.500000 0.750000 0.736842
1 0.512195 0.500000 0.731707 0.756098
2 0.484848 0.514706 0.666667 0.676471
33 0.517241 0.517241 0.620690 0.620690
10 0.511364 0.511111 0.750000 0.755556
13 0.509615 0.500000 0.788462 0.807692
7 0.511628 0.511628 0.744186 0.744186
11 0.507042 0.507937 0.816901 0.825397
4 0.500000 0.513889 0.696970 0.694444
3 0.515152 0.500000 0.666667 0.696970
