31 0.500000 0.500000 0.825000 0.830986
17 0.500000 0.510204 0.782609 0.775510
4 0.500000 0.500000 0.826087 0.823529
2 0.509434 0.500000 0.792453 0.807692
3 0.509615 0.500000 0.788462 0.803922
9 0.500000 0.500000 0.824561 0.824561
38 0.510638 0.500000 0.765957 0.777778
18 0.505747 0.500000 0.827586 0.827160
14 0.509091 0.491228 0.800000 0.807018
7 0.509615 0.509804 0.788462 0.784314
8 0.511364 0.500000 0.750000 0.767442
12 0.500000 0.507353 0.841270 0.808824
35 0.500000 0.507812 0.841270 0.828125
