25 0.500000 0.508621 0.833333 0.810345
12 0.510204 0.510638 0.775510 0.765957
1 0.500000 0.511905 0.750000 0.738095
10 0.515152 0.514706 0.666667 0.676471
5 0.514706 0.500000 0.676471 0.705882
2 0.511364 0.500000 0.750000 0.767442
7 0.484848 0.515625 0.666667 0.656250
18 0.512195 0.512821 0.731707 0.717949
4 0.513889 0.500000 0.694444 0.714286
11 0.500000 0.500000 0.812500 0.824561
8 0.513158 0.513158 0.710526 0.710526
3 0.500000 0.500000 0.687500 0.636364
38 0.500000 0.500000 0.729730 0.729730
9 0.513889 0.500000 0.694444 0.722222
35 0.500000 0.500000 0.739130 0.767442
13 0.513889 0.514706 0.694444 0.676471
17 0.515625 0.500000 0.656250 0.657143
