7 0.500000 0.500000 0.729730 0.729730
3 0.500000 0.500000 0.722222 0.722222
1 0.500000 0.485714 0.722222 0.685714
17 0.511905 0.500000 0.738095 0.761905
13 0.488889 0.500000 0.755556 0.750000
31 0.510000 0.500000 0.780000 0.772727
5 0.500000 0.516129 0.666667 0.645161
2 0.514286 0.514286 0.685714 0.685714
8 0.514706 0.500000 0.676471 0.657143
35 0.512500 0.500000 0.725000 0.743590
4 0.500000 0.511111 0.782609 0.755556
11 0.500000 0.513158 0.743590 0.710526
12 0.511364 0.510204 0.750000 0.775510
14 0.512821 0.512821 0.717949 0.717949
25 0.510870 0.500000 0.760870 0.743590
