18 0.500000 0.505319 0.829787 0.819149
3 0.500000 0.500000 0.807692 0.811321
38 0.506024 0.505747 0.819277 0.827586
2 0.500000 0.500000 0.836066 0.841270
5 0.500000 0.509091 0.814815 0.800000
8 0.508475 0.500000 0.813559 0.827586
10 0.500000 0.500000 0.829787 0.831579
1 0.500000 0.514706 0.687500 0.676471
25 0.503876 0.500000 0.821705 0.827586
13 0.504032 0.500000 0.830645 0.837838
17 0.494382 0.500000 0.831461 0.833333
12 0.500000 0.500000 0.829268 0.829268
35 0.509434 0.509091 0.792453 0.800000
7 0.500000 0.509434 0.814815 0.792453
11 0.504808 0.505435 0.817308 0.815217
31 0.500000 0.500000 0.820896 0.836066
