9 0.500000 0.500000 0.696970 0.705882
14 0.500000 0.500000 0.700000 0.756098
5 0.514286 0.514286 0.685714 0.685714
2 0.500000 0.500000 0.666667 0.666667
4 0.515625 0.500000 0.656250 0.677419
7 0.500000 0.500000 0.729730 0.729730
10 0.500000 0.512195 0.750000 0.731707
1 0.486111 0.500000 0.694444 0.684211
31 0.516129 0.500000 0.645161 0.666667
18 0.508197 0.500000 0.819672 0.833333
3 0.500000 0.500000 0.666667 0.677419
11 0.500000 0.509615 0.811321 0.788462
35 0.512500 0.500000 0.725000 0.743590
17 0.500000 0.512500 0.736842 0.725000
13 0.500000 0.500000 0.755102 0.750000
8 0.515152 0.500000 0.666667 0.612903
