8 0.511111 0.488889 0.755556 0.755556
2 0.508772 0.500000 0.807018 0.821429
3 0.509259 0.509434 0.796296 0.792453
18 0.500000 0.500000 0.829787 0.837209
1 0.490385 0.490196 0.788462 0.784314
5 0.500000 0.500000 0.761905 0.761905
31 0.500000 0.506250 0.839080 0.812500
35 0.507143 0.500000 0.814286 0.826087
13 0.506173 0.500000 0.814815 0.828571
12 0.507042 0.500000 0.816901 0.830986
38 0.510417 0.500000 0.770833 0.782609
4 0.506579 0.500000 0.828947 0.837838
14 0.500000 0.508475 0.821429 0.813559
25 0.500000 0.508475 0.838710 0.813559
