8 0.500000 0.500000 0.825000 0.825000
25 0.500000 0.504808 0.830189 0.817308
7 0.509091 0.500000 0.800000 0.821429
3 0.500000 0.500000 0.818182 0.821429
17 0.500000 0.500000 0.727273 0.782609
18 0.505155 0.505882 0.824742 0.823529
11 0.504464 0.500000 0.830357 0.838384
38 0.508065 0.508065 0.822581 0.822581
4 0.500000 0.507246 0.823529 0.811594
35 0.508929 0.500000 0.803571 0.796610
12 0.506757 0.506849 0.824324 0.821918
5 0.500000 0.510204 0.807692 0.775510
9 0.505814 0.500000 0.825581 0.831325
