9 0.516129 0.515152 0.645161 0.666667
4 0.500000 0.500000 0.655172 0.655172
31 0.500000 0.517241 0.655172 0.620690
25 0.500000 0.500000 0.756098 0.756098
2 0.500000 0.516667 0.655172 0.633333
5 0.500000 0.515152 0.687500 0.666667
8 0.500000 0.500000 0.687500 0.687500
14 0.500000 0.513158 0.722222 0.710526
1 0.484848 0.515625 0.666667 0.656250
12 0.515625 0.515625 0.656250 0.656250
13 0.500000 0.514706 0.629630 0.676471
10 0.514706 0.514286 0.676471 0.685714
38 0.516129 0.516129 0.645161 0.645161
7 0.500000 0.517241 0.642857 0.620690
17 0.500000 0.517241 0.629630 0.620690
3 0.517241 0.517241 0.620690 0.620690
35 0.516667 0.500000 0.633333 0.655172
11 0.514286 0.500000 0.685714 0.655172
