9 0.500000 0.505882 0.829268 0.823529
12 0.506849 0.500000 0.821918 0.842105
31 0.505263 0.505263 0.821053 0.821053
5 0.500000 0.507692 0.841270 0.830769
11 0.505208 0.505952 0.822917 0.821429
18 0.495833 0.504673 0.825000 0.822430
8 0.507143 0.507692 0.814286 0.830769
3 0.500000 0.505155 0.833333 0.824742
33 0.500000 0.500000 0.764706 0.818182
38 0.507812 0.507692 0.828125 0.830769
4 0.500000 0.504808 0.830189 0.817308
17 0.500000 0.500000 0.833333 0.838710
7 0.507812 0.500000 0.828125 0.843750
25 0.503571 0.500000 0.821429 0.826772
2 0.500000 0.500000 0.824561 0.824561
13 0.500000 0.494898 0.831776 0.826531
14 0.503448 0.500000 0.827586 0.819355
