38 0.515625 0.484375 0.656250 0.656250
11 0.500000 0.500000 0.677419 0.677419
25 0.500000 0.500000 0.736842 0.736842
3 0.500000 0.516129 0.655172 0.645161
2 0.516129 0.500000 0.645161 0.677419
14 0.500000 0.500000 0.615385 0.571429
18 0.500000 0.500000 0.696970 0.677419
4 0.513889 0.500000 0.694444 0.714286
35 0.516129 0.500000 0.645161 0.687500
1 0.518519 0.517241 0.592593 0.620690
8 0.500000 0.514706 0.696970 0.676471
13 0.512500 0.513158 0.725000 0.710526
5 0.516129 0.516129 0.645161 0.645161
9 0.516129 0.515152 0.645161 0.666667
12 0.511111 0.500000 0.755556 0.772727
31 0.515625 0.516667 0.656250 0.633333
7 0.500000 0.500000 0.647059 0.647059
17 0.500000 0.500000 0.677419 0.677419
