12 0.509804 0.500000 0.784314 0.803922
5 0.500000 0.513158 0.736842 0.710526
17 0.510638 0.511364 0.765957 0.750000
15 0.500000 0.509091 0.807692 0.800000
3 0.500000 0.510638 0.777778 0.765957
2 0.500000 0.500000 0.777778 0.791667
9 0.516129 0.500000 0.645161 0.666667
1 0.500000 0.500000 0.826087 0.826087
18 0.500000 0.500000 0.818182 0.838384
14 0.504808 0.504762 0.817308 0.819048
31 0.500000 0.508772 0.827586 0.807018
11 0.500000 0.500000 0.802469 0.805556
8 0.500000 0.508065 0.836066 0.822581
10 0.511628 0.500000 0.744186 0.761905
