12 0.509434 0.500000 0.792453 0.807692
38 0.515152 0.514706 0.666667 0.676471
9 0.510870 0.500000 0.760870 0.767442
10 0.500000 0.510000 0.791667 0.780000
11 0.506098 0.500000 0.817073 0.830986
5 0.500000 0.510870 0.791667 0.760870
13 0.500000 0.500000 0.714286 0.714286
4 0.511364 0.511364 0.750000 0.750000
8 0.513889 0.500000 0.694444 0.705882
17 0.510638 0.500000 0.765957 0.795918
25 0.500000 0.500000 0.830986 0.841270
7 0.500000 0.511364 0.761905 0.750000
18 0.500000 0.500000 0.809524 0.821429
