35 0.500000 0.500000 0.743590 0.743590
9 0.515625 0.515625 0.656250 0.656250
8 0.483333 0.500000 0.633333 0.615385
14 0.500000 0.500000 0.714286 0.722222
10 0.513514 0.500000 0.702703 0.736842
33 0.500000 0.500000 0.615385 0.615385
25 0.512195 0.500000 0.731707 0.722222
18 0.500000 0.491667 0.827586 0.816667
31 0.500000 0.500000 0.642857 0.642857
5 0.514286 0.514286 0.685714 0.685714
3 0.500000 0.516129 0.642857 0.645161
38 0.500000 0.500000 0.629630 0.629630
17 0.514706 0.500000 0.676471 0.705882
13 0.510638 0.500000 0.765957 0.772727
