10 0.512821 0.512195 0.717949 0.731707
7 0.513514 0.500000 0.702703 0.722222
1 0.500000 0.500000 0.756098 0.727273
38 0.500000 0.515625 0.666667 0.656250
8 0.500000 0.516129 0.677419 0.645161
17 0.486842 0.500000 0.710526 0.692308
4 0.513158 0.500000 0.710526 0.729730
2 0.500000 0.500000 0.714286 0.714286
11 0.500000 0.508929 0.838710 0.803571
25 0.500000 0.500000 0.803922 0.777778
12 0.510417 0.500000 0.770833 0.787234
35 0.500000 0.500000 0.684211 0.684211
13 0.514706 0.514706 0.676471 0.676471
