12 0.500000 0.508772 0.803922 0.807018
18 0.507812 0.508333 0.828125 0.816667
13 0.500000 0.500000 0.796610 0.811321
17 0.500000 0.510870 0.772727 0.760870
25 0.509259 0.510417 0.796296 0.770833
1 0.511905 0.487805 0.738095 0.731707
11 0.500000 0.510638 0.803922 0.765957
7 0.500000 0.500000 0.777778 0.772727
31 0.500000 0.508929 0.833333 0.803571
38 0.511905 0.511905 0.738095 0.738095
14 0.500000 0.510417 0.782609 0.770833
9 0.510638 0.510638 0.765957 0.765957
3 0.500000 0.511111 0.772727 0.755556
8 0.512500 0.512500 0.725000 0.725000
4 0.500000 0.509091 0.818182 0.800000
