25 0.500000 0.515152 0.705882 0.666667
2 0.517857 0.500000 0.607143 0.629630
4 0.513889 0.500000 0.694444 0.687500
31 0.513158 0.514286 0.710526 0.685714
9 0.500000 0.500000 0.655172 0.655172
17 0.500000 0.513158 0.729730 0.710526
38 0.516129 0.516129 0.645161 0.645161
1 0.500000 0.517857 0.642857 0.607143
7 0.500000 0.517241 0.642857 0.620690
11 0.516667 0.500000 0.633333 0.655172
13 0.485294 0.500000 0.676471 0.687500
8 0.518519 0.481481 0.592593 0.592593
18 0.500000 0.514286 0.722222 0.685714
3 0.500000 0.500000 0.642857 0.666667
