35 0.500000 0.489583 0.744681 0.770833
4 0.500000 0.511111 0.772727 0.755556
13 0.510204 0.510870 0.775510 0.760870
18 0.508475 0.500000 0.813559 0.836066
11 0.500000 0.511111 0.655172 0.755556
7 0.512500 0.487805 0.725000 0.731707
17 0.509804 0.509615 0.784314 0.788462
10 0.511905 0.511905 0.738095 0.738095
9 0.507353 0.507246 0.808824 0.811594
2 0.500000 0.500000 0.761905 0.761905
3 0.512500 0.511905 0.725000 0.738095
8 0.500000 0.513158 0.761905 0.710526
12 0.500000 0.500000 0.772727 0.772727
