3 0.500000 0.500000 0.705882 0.705882
5 0.513889 0.514706 0.694444 0.676471
10 0.500000 0.514706 0.696970 0.676471
13 0.500000 0.500000 0.767442 0.814815
17 0.516129 0.515152 0.645161 0.666667
2 0.512500 0.500000 0.725000 0.750000
25 0.510417 0.500000 0.770833 0.777778
18 0.500000 0.500000 0.803922 0.791667
12 0.500000 0.513158 0.743590 0.710526
7 0.485714 0.500000 0.685714 0.714286
8 0.514706 0.500000 0.676471 0.714286
11 0.505682 0.506494 0.829545 0.831169
4 0.510870 0.511111 0.760870 0.755556
35 0.500000 0.500000 0.761905 0.761905
9 0.507692 0.500000 0.830769 0.838710
