10 0.515152 0.500000 0.666667 0.696970
3 0.515625 0.515625 0.656250 0.656250
7 0.500000 0.513889 0.714286 0.694444
4 0.512821 0.500000 0.717949 0.736842
25 0.510870 0.500000 0.760870 0.772727
17 0.515152 0.500000 0.666667 0.657143
18 0.500000 0.485294 0.675676 0.676471
9 0.500000 0.500000 0.647059 0.675676
13 0.500000 0.487500 0.761905 0.725000
8 0.500000 0.500000 0.714286 0.714286
2 0.500000 0.514706 0.705882 0.676471
35 0.515152 0.500000 0.666667 0.696970
14 0.483871 0.500000 0.645161 0.625000
12 0.500000 0.510204 0.791667 0.775510
5 0.513514 0.513514 0.702703 0.702703
11 0.500000 0.500000 0.722222 0.696970
31 0.500000 0.500000 0.666667 0.647059
