8 0.500000 0.500000 0.705882 0.677419
5 0.512195 0.500000 0.731707 0.743590
13 0.510204 0.500000 0.775510 0.777778
10 0.500000 0.513514 0.722222 0.702703
4 0.500000 0.500000 0.729730 0.729730
2 0.512500 0.512500 0.725000 0.725000
25 0.507812 0.500000 0.828125 0.836066
7 0.485714 0.486486 0.685714 0.702703
12 0.513889 0.500000 0.694444 0.714286
35 0.512821 0.512500 0.717949 0.725000
18 0.500000 0.509804 0.791667 0.784314
9 0.500000 0.500000 0.811321 0.811321
38 0.483871 0.483871 0.645161 0.645161
1 0.500000 0.511111 0.729730 0.755556
