4 0.508772 0.500000 0.807018 0.821429
10 0.505814 0.505682 0.825581 0.829545
17 0.500000 0.494318 0.820513 0.829545
7 0.500000 0.500000 0.833333 0.836066
18 0.500000 0.504425 0.837398 0.831858
12 0.500000 0.500000 0.833333 0.833333
38 0.500000 0.500000 0.729730 0.736842
11 0.500000 0.504673 0.837398 0.822430
13 0.500000 0.512821 0.750000 0.717949
2 0.500000 0.508475 0.830508 0.813559
35 0.511111 0.500000 0.755556 0.777778
9 0.500000 0.508065 0.841270 0.822581
8 0.500000 0.512195 0.787234 0.731707
25 0.504464 0.504762 0.830357 0.819048
3 0.509259 0.500000 0.796296 0.827586
