25 0.500000 0.500000 0.833333 0.830986
8 0.500000 0.500000 0.795918 0.769231
17 0.500000 0.500000 0.666667 0.675676
7 0.508333 0.507812 0.816667 0.828125
4 0.508772 0.508929 0.807018 0.803571
3 0.500000 0.500000 0.777778 0.785714
1 0.495283 0.495283 0.820755 0.820755
10 0.510417 0.510417 0.770833 0.770833
35 0.505747 0.500000 0.827586 0.833333
5 0.500000 0.500000 0.791667 0.756098
12 0.505682 0.500000 0.829545 0.839080
2 0.507353 0.507353 0.808824 0.808824
11 0.500000 0.500000 0.832168 0.837398
38 0.500000 0.513514 0.696970 0.702703
