38 0.505814 0.505814 0.825581 0.825581
3 0.506173 0.500000 0.814815 0.825000
11 0.500000 0.503876 0.819444 0.821705
9 0.500000 0.500000 0.834711 0.829060
7 0.506250 0.505952 0.812500 0.821429
18 0.500000 0.503650 0.831169 0.832117
4 0.500000 0.500000 0.826923 0.828571
17 0.510204 0.500000 0.775510 0.807692
1 0.500000 0.503226 0.818182 0.825806
5 0.506667 0.500000 0.826667 0.823529
12 0.500000 0.505618 0.829787 0.831461
13 0.509434 0.500000 0.792453 0.791667
35 0.507937 0.507937 0.825397 0.825397
2 0.500000 0.500000 0.813559 0.837838
