9 0.488372 0.500000 0.744186 0.782609
12 0.509091 0.500000 0.800000 0.814815
35 0.500000 0.511905 0.743590 0.738095
1 0.516667 0.500000 0.633333 0.642857
10 0.511628 0.511628 0.744186 0.744186
11 0.500000 0.500000 0.795918 0.782609
5 0.513514 0.500000 0.702703 0.722222
18 0.489583 0.510638 0.770833 0.765957
14 0.500000 0.511628 0.761905 0.744186
4 0.500000 0.500000 0.791667 0.791667
13 0.500000 0.509804 0.824561 0.784314
7 0.500000 0.512195 0.750000 0.731707
2 0.511905 0.511905 0.738095 0.738095
17 0.512195 0.511628 0.731707 0.744186
25 0.500000 0.508475 0.841270 0.813559
8 0.500000 0.510638 0.782609 0.765957
