3 0.515152 0.500000 0.666667 0.696970
12 0.500000 0.513158 0.729730 0.710526
25 0.500000 0.500000 0.795918 0.795918
11 0.500000 0.500000 0.743590 0.722222
9 0.515152 0.514286 0.666667 0.685714
13 0.500000 0.513158 0.677419 0.710526
5 0.500000 0.514286 0.705882 0.685714
8 0.513514 0.513514 0.702703 0.702703
17 0.500000 0.500000 0.625000 0.677419
14 0.511628 0.500000 0.744186 0.767442
7 0.500000 0.515625 0.677419 0.656250
2 0.500000 0.515152 0.687500 0.666667
10 0.513158 0.512821 0.710526 0.717949
35 0.514706 0.514706 0.676471 0.676471
38 0.514706 0.485714 0.676471 0.685714
