3 0.517857 0.517241 0.607143 0.620690
2 0.517241 0.500000 0.620690 0.642857
10 0.500000 0.515152 0.655172 0.666667
1 0.514706 0.515625 0.676471 0.656250
4 0.516129 0.516129 0.645161 0.645161
9 0.517241 0.500000 0.620690 0.655172
35 0.500000 0.500000 0.666667 0.655172
38 0.517857 0.500000 0.607143 0.629630
12 0.514286 0.500000 0.685714 0.705882
25 0.512821 0.512821 0.717949 0.717949
18 0.500000 0.500000 0.642857 0.642857
7 0.517857 0.500000 0.607143 0.655172
8 0.500000 0.517857 0.629630 0.607143
5 0.517857 0.500000 0.607143 0.615385
