13 0.506757 0.500000 0.824324 0.820896
1 0.490000 0.500000 0.780000 0.803922
33 0.510638 0.509615 0.765957 0.788462
10 0.506667 0.506667 0.826667 0.826667
25 0.500000 0.500000 0.835294 0.842105
17 0.508929 0.509615 0.803571 0.788462
2 0.500000 0.510204 0.787234 0.775510
9 0.500000 0.500000 0.841270 0.820896
11 0.500000 0.508475 0.823529 0.813559
38 0.500000 0.509259 0.803922 0.796296
12 0.508197 0.500000 0.819672 0.841270
4 0.507353 0.500000 0.808824 0.843750
3 0.500000 0.508065 0.833333 0.822581
18 0.500000 0.500000 0.828571 0.843750
7 0.509434 0.500000 0.792453 0.811321
31 0.507937 0.500000 0.825397 0.838710
