1 0.492647 0.507143 0.808824 0.814286
2 0.509091 0.500000 0.800000 0.807692
18 0.500000 0.500000 0.833333 0.820225
11 0.500000 0.505319 0.826923 0.819149
25 0.505102 0.505682 0.826531 0.829545
8 0.511111 0.500000 0.755556 0.736842
10 0.500000 0.507143 0.826087 0.814286
35 0.500000 0.488889 0.767442 0.755556
17 0.492754 0.492857 0.811594 0.814286
3 0.510417 0.500000 0.770833 0.803922
4 0.509615 0.500000 0.788462 0.803922
9 0.500000 0.508929 0.796610 0.803571
7 0.509091 0.500000 0.800000 0.814815
5 0.500000 0.500000 0.802817 0.841270
