9 0.514706 0.500000 0.676471 0.705882
8 0.500000 0.500000 0.636364 0.642857
17 0.513889 0.513514 0.694444 0.702703
18 0.508197 0.508065 0.819672 0.822581
7 0.485294 0.485294 0.676471 0.676471
14 0.513514 0.500000 0.702703 0.729730
35 0.500000 0.512821 0.736842 0.717949
12 0.514286 0.514286 0.685714 0.685714
11 0.509091 0.500000 0.800000 0.803922
33 0.500000 0.517857 0.629630 0.607143
10 0.513158 0.500000 0.710526 0.743590
38 0.516129 0.516129 0.645161 0.645161
1 0.500000 0.513514 0.705882 0.702703
31 0.517241 0.500000 0.620690 0.642857
25 0.511905 0.512500 0.738095 0.725000
3 0.500000 0.500000 0.655172 0.666667
5 0.500000 0.514286 0.705882 0.685714
2 0.516667 0.500000 0.633333 0.666667
