3 0.500000 0.500000 0.696970 0.696970
10 0.512500 0.500000 0.725000 0.722222
1 0.516667 0.483871 0.633333 0.645161
31 0.500000 0.514286 0.705882 0.685714
4 0.500000 0.500000 0.677419 0.687500
18 0.500000 0.516129 0.655172 0.645161
5 0.500000 0.514706 0.696970 0.676471
12 0.500000 0.500000 0.761905 0.772727
13 0.514706 0.500000 0.676471 0.666667
7 0.500000 0.500000 0.677419 0.677419
14 0.500000 0.512500 0.729730 0.725000
33 0.486111 0.487179 0.694444 0.717949
35 0.515625 0.515152 0.656250 0.666667
11 0.514286 0.500000 0.685714 0.666667
9 0.500000 0.500000 0.743590 0.750000
38 0.484848 0.500000 0.666667 0.647059
8 0.500000 0.517241 0.655172 0.620690
25 0.513514 0.515152 0.702703 0.666667
