8 0.511905 0.500000 0.738095 0.729730
12 0.500000 0.508333 0.830508 0.816667
7 0.500000 0.500000 0.791667 0.800000
35 0.500000 0.511364 0.761905 0.750000
10 0.508772 0.508621 0.807018 0.810345
11 0.505051 0.500000 0.828283 0.835294
18 0.500000 0.506944 0.804878 0.819444
38 0.500000 0.513889 0.705882 0.694444
2 0.500000 0.500000 0.791667 0.791667
3 0.500000 0.510204 0.772727 0.775510
13 0.513514 0.513889 0.702703 0.694444
9 0.509804 0.510204 0.784314 0.775510
17 0.508621 0.500000 0.810345 0.827586
