8 0.500000 0.500000 0.642857 0.629630
38 0.517857 0.517857 0.607143 0.607143
10 0.500000 0.515152 0.655172 0.666667
1 0.500000 0.484375 0.657143 0.656250
9 0.516667 0.500000 0.633333 0.655172
25 0.500000 0.500000 0.743590 0.743590
17 0.517241 0.500000 0.620690 0.655172
5 0.500000 0.500000 0.642857 0.642857
11 0.509615 0.510638 0.788462 0.765957
18 0.516129 0.516129 0.645161 0.645161
35 0.483333 0.516667 0.633333 0.633333
4 0.516129 0.500000 0.645161 0.666667
2 0.517241 0.500000 0.620690 0.642857
3 0.500000 0.517241 0.629630 0.620690
12 0.500000 0.500000 0.722222 0.722222
