3 0.500000 0.510000 0.787234 0.780000
13 0.506757 0.500000 0.824324 0.831325
5 0.507937 0.507937 0.825397 0.825397
11 0.504237 0.500000 0.822034 0.831776
12 0.508333 0.508475 0.816667 0.813559
10 0.500000 0.509091 0.811321 0.800000
31 0.509091 0.500000 0.800000 0.814815
2 0.500000 0.500000 0.833333 0.838710
17 0.500000 0.507042 0.830986 0.816901
8 0.508333 0.500000 0.816667 0.830508
9 0.508621 0.508333 0.810345 0.816667
7 0.500000 0.500000 0.837838 0.835616
33 0.490566 0.509434 0.792453 0.792453
38 0.490566 0.491071 0.792453 0.803571
35 0.500000 0.510417 0.795918 0.770833
