9 0.514286 0.513889 0.685714 0.694444
8 0.514286 0.514286 0.685714 0.685714
12 0.500000 0.488636 0.744681 0.750000
38 0.513889 0.513889 0.694444 0.694444
7 0.500000 0.516129 0.666667 0.645161
25 0.500000 0.500000 0.821429 0.818182
13 0.500000 0.500000 0.705882 0.696970
35 0.500000 0.500000 0.767442 0.727273
1 0.512500 0.512195 0.725000 0.731707
18 0.487500 0.513514 0.725000 0.702703
3 0.500000 0.500000 0.666667 0.655172
4 0.514706 0.514706 0.676471 0.676471
5 0.500000 0.514706 0.687500 0.676471
2 0.487805 0.487805 0.731707 0.731707
10 0.515152 0.500000 0.666667 0.687500
11 0.500000 0.500000 0.830508 0.814815
