8 0.508475 0.508475 0.813559 0.813559
38 0.491803 0.500000 0.819672 0.841270
9 0.516129 0.516129 0.645161 0.645161
15 0.500000 0.500000 0.791667 0.787234
25 0.500000 0.500000 0.803922 0.782609
33 0.500000 0.500000 0.836066 0.836066
10 0.512195 0.512195 0.731707 0.731707
11 0.506757 0.507692 0.824324 0.830769
13 0.500000 0.500000 0.840000 0.805556
14 0.500000 0.505000 0.829787 0.830000
17 0.510638 0.511364 0.765957 0.750000
7 0.500000 0.500000 0.772727 0.777778
4 0.513158 0.513158 0.710526 0.710526
3 0.511111 0.500000 0.755556 0.772727
1 0.507143 0.507143 0.814286 0.814286
5 0.500000 0.500000 0.729730 0.722222
18 0.500000 0.505263 0.825243 0.821053
2 0.500000 0.510870 0.761905 0.760870
