10 0.500000 0.517241 0.642857 0.620690
13 0.500000 0.500000 0.705882 0.705882
5 0.517241 0.500000 0.620690 0.642857
1 0.500000 0.500000 0.600000 0.571429
14 0.519231 0.500000 0.576923 0.555556
25 0.500000 0.513158 0.736842 0.710526
31 0.516129 0.500000 0.645161 0.642857
9 0.500000 0.515625 0.655172 0.656250
8 0.515152 0.500000 0.666667 0.687500
2 0.500000 0.516129 0.666667 0.645161
11 0.516129 0.500000 0.645161 0.655172
4 0.515152 0.515152 0.666667 0.666667
18 0.515152 0.500000 0.666667 0.666667
35 0.516129 0.500000 0.645161 0.677419
7 0.500000 0.515625 0.677419 0.656250
