10 0.516129 0.500000 0.645161 0.677419
25 0.500000 0.500000 0.736842 0.722222
7 0.500000 0.515625 0.677419 0.656250
35 0.500000 0.514706 0.687500 0.676471
3 0.500000 0.500000 0.655172 0.666667
17 0.500000 0.512821 0.736842 0.717949
18 0.512821 0.500000 0.717949 0.722222
2 0.500000 0.517241 0.642857 0.620690
31 0.500000 0.500000 0.743590 0.729730
14 0.500000 0.500000 0.612903 0.625000
38 0.515152 0.514706 0.666667 0.676471
11 0.514706 0.500000 0.676471 0.696970
5 0.516129 0.516129 0.645161 0.645161
1 0.516667 0.516667 0.633333 0.633333
13 0.500000 0.514286 0.722222 0.685714
8 0.517241 0.482759 0.620690 0.620690
9 0.500000 0.500000 0.677419 0.677419
