17 0.500000 0.509615 0.791667 0.788462
12 0.508772 0.500000 0.807018 0.821429
4 0.500000 0.511111 0.772727 0.755556
8 0.513158 0.513889 0.710526 0.694444
13 0.500000 0.500000 0.714286 0.705882
35 0.511628 0.511364 0.744186 0.750000
9 0.510417 0.510870 0.770833 0.760870
3 0.511905 0.500000 0.738095 0.777778
1 0.500000 0.509091 0.811321 0.800000
11 0.505882 0.506757 0.823529 0.824324
5 0.509615 0.500000 0.788462 0.791667
25 0.506667 0.500000 0.826667 0.823529
2 0.500000 0.511364 0.767442 0.750000
