25 0.500000 0.500000 0.714286 0.705882
9 0.508475 0.500000 0.813559 0.814815
11 0.500000 0.500000 0.814815 0.803922
13 0.513514 0.511111 0.702703 0.755556
35 0.486111 0.486111 0.694444 0.694444
38 0.500000 0.516129 0.642857 0.645161
17 0.500000 0.516667 0.629630 0.633333
7 0.500000 0.500000 0.642857 0.655172
3 0.482759 0.482759 0.620690 0.620690
1 0.491228 0.500000 0.807018 0.796610
8 0.516667 0.500000 0.633333 0.625000
5 0.515625 0.500000 0.656250 0.655172
10 0.500000 0.516129 0.666667 0.645161
2 0.514706 0.514286 0.676471 0.685714
12 0.514706 0.500000 0.676471 0.696970
