5 0.516129 0.500000 0.645161 0.666667
13 0.500000 0.513889 0.729730 0.694444
7 0.516129 0.500000 0.645161 0.666667
1 0.500000 0.500000 0.655172 0.655172
31 0.500000 0.500000 0.756098 0.743590
10 0.515625 0.514706 0.656250 0.676471
35 0.500000 0.513889 0.696970 0.694444
9 0.515625 0.515625 0.656250 0.656250
18 0.500000 0.513158 0.707317 0.710526
12 0.514286 0.512500 0.685714 0.725000
4 0.513158 0.513514 0.710526 0.702703
2 0.500000 0.483333 0.655172 0.633333
14 0.516129 0.500000 0.645161 0.696970
17 0.500000 0.512821 0.736842 0.717949
8 0.500000 0.516129 0.666667 0.645161
