7 0.516667 0.516667 0.633333 0.633333
1 0.485714 0.515152 0.685714 0.666667
11 0.500000 0.516667 0.696970 0.633333
9 0.500000 0.500000 0.666667 0.687500
25 0.511364 0.511364 0.750000 0.750000
35 0.500000 0.516129 0.666667 0.645161
14 0.512821 0.500000 0.717949 0.736842
31 0.500000 0.500000 0.666667 0.655172
13 0.500000 0.500000 0.629630 0.696970
8 0.500000 0.515152 0.687500 0.666667
2 0.500000 0.516667 0.655172 0.633333
17 0.517241 0.500000 0.620690 0.612903
18 0.500000 0.515152 0.714286 0.666667
12 0.500000 0.500000 0.687500 0.687500
4 0.516667 0.516667 0.633333 0.633333
5 0.515152 0.500000 0.666667 0.687500
