11 0.500000 0.513514 0.743590 0.702703
7 0.500000 0.515152 0.687500 0.666667
4 0.500000 0.515152 0.687500 0.666667
5 0.513514 0.513514 0.702703 0.702703
10 0.513158 0.500000 0.710526 0.729730
13 0.514706 0.500000 0.676471 0.750000
31 0.500000 0.513889 0.714286 0.694444
8 0.500000 0.513514 0.722222 0.702703
35 0.513889 0.500000 0.694444 0.714286
3 0.500000 0.500000 0.705882 0.714286
18 0.512195 0.500000 0.731707 0.736842
9 0.500000 0.513889 0.696970 0.694444
1 0.512821 0.500000 0.717949 0.722222
2 0.500000 0.500000 0.705882 0.687500
12 0.500000 0.500000 0.722222 0.722222
