7 0.508772 0.500000 0.807018 0.827586
8 0.500000 0.500000 0.833333 0.833333
17 0.500000 0.509091 0.830508 0.800000
12 0.500000 0.500000 0.833333 0.836066
2 0.508929 0.508333 0.803571 0.816667
25 0.508475 0.500000 0.813559 0.811321
3 0.500000 0.509434 0.807692 0.792453
14 0.500000 0.500000 0.816993 0.825503
1 0.500000 0.500000 0.822785 0.825000
13 0.504237 0.504717 0.822034 0.820755
15 0.500000 0.507143 0.823529 0.814286
10 0.500000 0.500000 0.800000 0.800000
18 0.503571 0.504032 0.821429 0.830645
9 0.516667 0.500000 0.633333 0.677419
31 0.506024 0.506667 0.819277 0.826667
38 0.500000 0.500000 0.827957 0.838384
5 0.511111 0.511905 0.755556 0.738095
