11 0.500000 0.510638 0.625000 0.765957
3 0.500000 0.500000 0.818182 0.830508
1 0.500000 0.503817 0.836364 0.824427
10 0.507937 0.507692 0.825397 0.830769
35 0.500000 0.508772 0.821429 0.807018
8 0.508475 0.500000 0.813559 0.795918
38 0.500000 0.500000 0.705882 0.705882
5 0.507812 0.500000 0.828125 0.830508
18 0.500000 0.500000 0.835294 0.835052
4 0.508197 0.500000 0.819672 0.833333
2 0.508929 0.500000 0.803571 0.814815
13 0.500000 0.500000 0.800000 0.787234
7 0.500000 0.509091 0.795918 0.800000
