9 0.500000 0.512195 0.761905 0.731707
35 0.500000 0.488095 0.750000 0.738095
12 0.510204 0.510204 0.775510 0.775510
38 0.500000 0.500000 0.636364 0.647059
5 0.511628 0.511628 0.744186 0.744186
7 0.500000 0.500000 0.743590 0.750000
4 0.500000 0.500000 0.750000 0.750000
8 0.514706 0.500000 0.676471 0.687500
11 0.506667 0.507692 0.826667 0.830769
17 0.500000 0.500000 0.750000 0.733333
13 0.514286 0.500000 0.685714 0.705882
10 0.510870 0.500000 0.760870 0.791667
2 0.500000 0.512821 0.700000 0.717949
3 0.513158 0.500000 0.710526 0.743590
18 0.508929 0.500000 0.803571 0.800000
