25 0.510638 0.510638 0.765957 0.765957
7 0.500000 0.516129 0.666667 0.645161
10 0.513889 0.513514 0.694444 0.702703
8 0.500000 0.513514 0.722222 0.702703
12 0.500000 0.514286 0.705882 0.685714
9 0.515625 0.515152 0.656250 0.666667
38 0.500000 0.514286 0.696970 0.685714
18 0.513158 0.500000 0.710526 0.705882
14 0.500000 0.511628 0.750000 0.744186
3 0.500000 0.500000 0.677419 0.677419
17 0.516667 0.516129 0.633333 0.645161
11 0.500000 0.500000 0.722222 0.696970
4 0.483871 0.483871 0.645161 0.645161
31 0.500000 0.514706 0.696970 0.676471
35 0.515152 0.514706 0.666667 0.676471
2 0.500000 0.500000 0.666667 0.666667
