18 0.500000 0.500000 0.696970 0.636364
25 0.500000 0.500000 0.800000 0.787234
38 0.500000 0.515625 0.677419 0.656250
10 0.500000 0.516667 0.655172 0.633333
4 0.500000 0.500000 0.677419 0.677419
5 0.500000 0.516129 0.655172 0.645161
9 0.516129 0.500000 0.645161 0.677419
7 0.500000 0.517241 0.642857 0.620690
13 0.515625 0.516129 0.656250 0.645161
3 0.516667 0.517241 0.633333 0.620690
1 0.500000 0.513889 0.657143 0.694444
12 0.511905 0.487500 0.738095 0.725000
8 0.500000 0.500000 0.642857 0.642857
35 0.487500 0.500000 0.725000 0.736842
