17 0.500000 0.500000 0.677419 0.636364
1 0.500000 0.500000 0.722222 0.722222
10 0.514706 0.500000 0.676471 0.714286
2 0.500000 0.515152 0.687500 0.666667
11 0.508929 0.510204 0.803571 0.775510
3 0.500000 0.500000 0.666667 0.677419
38 0.516667 0.500000 0.633333 0.655172
25 0.500000 0.500000 0.782609 0.767442
9 0.500000 0.515152 0.636364 0.666667
4 0.500000 0.500000 0.696970 0.696970
7 0.484375 0.500000 0.656250 0.636364
12 0.510870 0.500000 0.760870 0.777778
13 0.514706 0.500000 0.676471 0.677419
