9 0.513158 0.500000 0.710526 0.729730
25 0.500000 0.510000 0.807692 0.780000
38 0.514706 0.500000 0.676471 0.714286
12 0.512500 0.500000 0.725000 0.736842
8 0.500000 0.485294 0.714286 0.676471
13 0.500000 0.490385 0.769231 0.788462
18 0.500000 0.507692 0.818182 0.830769
11 0.507692 0.508621 0.830769 0.810345
31 0.515152 0.515152 0.666667 0.666667
35 0.500000 0.511628 0.761905 0.744186
33 0.517241 0.517241 0.620690 0.620690
10 0.500000 0.500000 0.761905 0.761905
1 0.487500 0.500000 0.725000 0.750000
14 0.511111 0.500000 0.755556 0.787234
4 0.500000 0.514706 0.696970 0.676471
5 0.500000 0.500000 0.736842 0.736842
3 0.500000 0.500000 0.696970 0.705882
17 0.511628 0.500000 0.744186 0.767442
