18 0.500000 0.500000 0.657143 0.636364
3 0.500000 0.500000 0.666667 0.666667
25 0.511364 0.511628 0.750000 0.744186
14 0.516129 0.516667 0.645161 0.633333
38 0.500000 0.500000 0.657143 0.657143
7 0.514286 0.500000 0.685714 0.705882
8 0.500000 0.513889 0.714286 0.694444
31 0.500000 0.500000 0.696970 0.677419
11 0.513889 0.515152 0.694444 0.666667
4 0.513514 0.513514 0.702703 0.702703
13 0.500000 0.513158 0.743590 0.710526
2 0.500000 0.515152 0.696970 0.666667
12 0.510638 0.500000 0.765957 0.782609
17 0.500000 0.500000 0.687500 0.696970
10 0.500000 0.515152 0.677419 0.666667
