10 0.514706 0.514706 0.676471 0.676471
5 0.514706 0.515625 0.676471 0.656250
11 0.500000 0.507143 0.842105 0.814286
12 0.500000 0.513889 0.714286 0.694444
17 0.482759 0.483871 0.620690 0.645161
7 0.515625 0.500000 0.656250 0.687500
18 0.511111 0.511905 0.755556 0.738095
4 0.511111 0.500000 0.755556 0.767442
3 0.484375 0.500000 0.656250 0.677419
38 0.500000 0.500000 0.642857 0.655172
25 0.511628 0.500000 0.744186 0.750000
35 0.500000 0.500000 0.750000 0.750000
8 0.514706 0.514706 0.676471 0.676471
