8 0.500000 0.500000 0.722222 0.722222
35 0.500000 0.500000 0.696970 0.714286
1 0.517857 0.517857 0.607143 0.607143
4 0.512821 0.500000 0.717949 0.736842
11 0.513158 0.514286 0.710526 0.685714
5 0.513514 0.500000 0.702703 0.722222
7 0.500000 0.513889 0.722222 0.694444
17 0.500000 0.514286 0.687500 0.685714
2 0.513889 0.514286 0.694444 0.685714
3 0.514706 0.514706 0.676471 0.676471
10 0.500000 0.514706 0.687500 0.676471
18 0.500000 0.500000 0.736842 0.722222
12 0.509804 0.500000 0.784314 0.800000
9 0.514286 0.513158 0.685714 0.710526
14 0.484375 0.515152 0.656250 0.666667
13 0.510870 0.488372 0.760870 0.744186
