35 0.514286 0.500000 0.685714 0.705882
2 0.500000 0.500000 0.696970 0.705882
1 0.500000 0.500000 0.785714 0.789474
25 0.513514 0.500000 0.702703 0.696970
38 0.500000 0.500000 0.629630 0.642857
3 0.500000 0.500000 0.642857 0.642857
10 0.516667 0.516667 0.633333 0.633333
4 0.500000 0.500000 0.750000 0.761905
5 0.500000 0.500000 0.625000 0.600000
7 0.500000 0.500000 0.642857 0.655172
18 0.511905 0.500000 0.738095 0.722222
12 0.514706 0.514706 0.676471 0.676471
8 0.516667 0.516129 0.633333 0.645161
