2 0.500000 0.512500 0.736842 0.725000
9 0.508065 0.508333 0.822581 0.816667
8 0.514706 0.500000 0.676471 0.657143
7 0.500000 0.514706 0.687500 0.676471
35 0.512195 0.512195 0.731707 0.731707
11 0.505952 0.506944 0.821429 0.819444
13 0.500000 0.500000 0.720930 0.795918
25 0.500000 0.511111 0.782609 0.755556
3 0.515152 0.515152 0.666667 0.666667
18 0.510638 0.511364 0.765957 0.750000
38 0.500000 0.516129 0.642857 0.645161
4 0.500000 0.500000 0.777778 0.772727
17 0.516667 0.500000 0.633333 0.677419
1 0.507353 0.500000 0.808824 0.818182
