12 0.500000 0.500000 0.811321 0.811321
38 0.515625 0.500000 0.656250 0.705882
25 0.500000 0.500000 0.830508 0.824561
5 0.500000 0.512821 0.767442 0.717949
17 0.500000 0.513889 0.696970 0.694444
35 0.508772 0.500000 0.807018 0.818182
13 0.509259 0.506667 0.796296 0.826667
18 0.507353 0.500000 0.808824 0.809524
7 0.500000 0.489362 0.739130 0.765957
11 0.500000 0.500000 0.837838 0.833333
3 0.500000 0.511628 0.761905 0.744186
4 0.509615 0.500000 0.788462 0.807692
2 0.500000 0.500000 0.807692 0.807692
10 0.512195 0.500000 0.731707 0.750000
