10 0.500000 0.500000 0.666667 0.666667
25 0.512821 0.512821 0.717949 0.717949
12 0.511111 0.500000 0.755556 0.772727
38 0.500000 0.500000 0.687500 0.687500
14 0.517857 0.518519 0.607143 0.592593
35 0.515152 0.500000 0.666667 0.705882
7 0.514706 0.514706 0.676471 0.676471
1 0.500000 0.500000 0.615385 0.642857
31 0.484375 0.483333 0.656250 0.633333
8 0.500000 0.500000 0.714286 0.714286
4 0.500000 0.513889 0.714286 0.694444
13 0.500000 0.486842 0.743590 0.710526
3 0.500000 0.500000 0.666667 0.677419
17 0.500000 0.500000 0.687500 0.696970
11 0.500000 0.500000 0.705882 0.687500
