13 0.513889 0.500000 0.694444 0.772727
11 0.511905 0.500000 0.738095 0.736842
9 0.500000 0.500000 0.722222 0.729730
10 0.512821 0.500000 0.717949 0.736842
17 0.485714 0.500000 0.685714 0.714286
14 0.500000 0.509804 0.795918 0.784314
4 0.500000 0.500000 0.657143 0.657143
12 0.500000 0.511905 0.756098 0.738095
25 0.508929 0.508929 0.803571 0.803571
8 0.512821 0.512821 0.717949 0.717949
7 0.500000 0.514286 0.666667 0.685714
38 0.512821 0.500000 0.717949 0.736842
31 0.500000 0.500000 0.736842 0.736842
3 0.513158 0.512821 0.710526 0.717949
