17 0.500000 0.500000 0.666667 0.647059
38 0.516129 0.516129 0.645161 0.645161
1 0.493243 0.507042 0.824324 0.816901
11 0.505319 0.500000 0.819149 0.829268
2 0.512195 0.500000 0.731707 0.761905
7 0.500000 0.513514 0.714286 0.702703
8 0.514286 0.500000 0.685714 0.722222
10 0.514286 0.500000 0.685714 0.705882
5 0.513158 0.500000 0.710526 0.657143
35 0.500000 0.500000 0.772727 0.772727
4 0.500000 0.500000 0.782609 0.791667
13 0.500000 0.500000 0.733333 0.796610
12 0.511628 0.511905 0.744186 0.738095
25 0.500000 0.500000 0.787234 0.777778
3 0.500000 0.500000 0.675676 0.675676
