12 0.508772 0.500000 0.807018 0.821429
17 0.500000 0.488889 0.761905 0.755556
10 0.500000 0.511111 0.772727 0.755556
38 0.510417 0.500000 0.770833 0.791667
35 0.500000 0.511628 0.750000 0.744186
3 0.500000 0.514286 0.729730 0.685714
7 0.500000 0.512195 0.750000 0.731707
2 0.511364 0.500000 0.750000 0.767442
14 0.500000 0.511905 0.756098 0.738095
11 0.500000 0.500000 0.807692 0.782609
31 0.500000 0.500000 0.772727 0.756098
18 0.509804 0.489796 0.784314 0.775510
8 0.500000 0.500000 0.782609 0.782609
4 0.509804 0.500000 0.784314 0.800000
