8 0.505319 0.500000 0.819149 0.827957
18 0.500000 0.505376 0.826923 0.817204
11 0.504237 0.495238 0.822034 0.819048
35 0.508772 0.500000 0.807018 0.800000
12 0.506667 0.506757 0.826667 0.824324
17 0.488636 0.500000 0.750000 0.787234
5 0.500000 0.509434 0.818182 0.792453
13 0.510000 0.510870 0.780000 0.760870
25 0.500000 0.500000 0.839286 0.834862
3 0.492063 0.500000 0.825397 0.812500
38 0.507143 0.500000 0.814286 0.826087
10 0.500000 0.500000 0.791667 0.782609
4 0.506579 0.500000 0.828947 0.842105
2 0.494565 0.500000 0.815217 0.839080
