1 0.513889 0.511905 0.694444 0.738095
4 0.513889 0.513889 0.694444 0.694444
11 0.517241 0.511628 0.620690 0.744186
12 0.500000 0.514706 0.696970 0.676471
13 0.500000 0.500000 0.791667 0.777778
8 0.500000 0.500000 0.647059 0.612903
18 0.511111 0.500000 0.755556 0.777778
38 0.516667 0.500000 0.633333 0.677419
17 0.500000 0.500000 0.756098 0.756098
25 0.500000 0.500000 0.833333 0.827586
3 0.515625 0.500000 0.656250 0.696970
10 0.500000 0.500000 0.696970 0.696970
5 0.512821 0.500000 0.717949 0.736842
