4 0.500000 0.507937 0.843750 0.825397
17 0.500000 0.510417 0.782609 0.770833
3 0.510000 0.500000 0.780000 0.795918
25 0.500000 0.509615 0.824561 0.788462
7 0.510000 0.500000 0.780000 0.791667
8 0.511628 0.511628 0.744186 0.744186
11 0.508065 0.500000 0.822581 0.827586
1 0.489583 0.500000 0.770833 0.782609
38 0.510870 0.500000 0.760870 0.777778
12 0.508065 0.500000 0.822581 0.843750
14 0.500000 0.500000 0.773585 0.811321
35 0.500000 0.500000 0.803279 0.800000
10 0.510204 0.500000 0.775510 0.795918
