10 0.513889 0.513889 0.694444 0.694444
35 0.500000 0.500000 0.777778 0.777778
1 0.500000 0.506849 0.815789 0.821918
9 0.493056 0.492857 0.819444 0.814286
4 0.510417 0.500000 0.770833 0.795918
12 0.500000 0.500000 0.767442 0.767442
18 0.500000 0.509434 0.818182 0.792453
3 0.500000 0.513158 0.729730 0.710526
11 0.500000 0.506024 0.827957 0.819277
38 0.500000 0.516129 0.666667 0.645161
8 0.513514 0.500000 0.702703 0.736842
17 0.500000 0.514286 0.687500 0.685714
5 0.500000 0.500000 0.736842 0.705882
2 0.511111 0.511111 0.755556 0.755556
