5 0.513158 0.500000 0.710526 0.729730
12 0.514706 0.500000 0.676471 0.696970
4 0.500000 0.500000 0.714286 0.722222
17 0.512500 0.512195 0.725000 0.731707
13 0.500000 0.500000 0.791667 0.782609
25 0.508475 0.500000 0.813559 0.814815
7 0.500000 0.514286 0.696970 0.685714
35 0.514286 0.513889 0.685714 0.694444
2 0.513889 0.513514 0.694444 0.702703
3 0.500000 0.500000 0.666667 0.677419
11 0.517241 0.511628 0.620690 0.744186
18 0.500000 0.511111 0.772727 0.755556
38 0.500000 0.500000 0.655172 0.666667
9 0.500000 0.500000 0.803922 0.800000
