25 0.509804 0.510417 0.784314 0.770833
31 0.500000 0.500000 0.687500 0.687500
3 0.500000 0.500000 0.677419 0.687500
4 0.514706 0.500000 0.676471 0.696970
9 0.500000 0.513514 0.722222 0.702703
10 0.500000 0.511364 0.761905 0.750000
17 0.511628 0.511628 0.744186 0.744186
1 0.512821 0.487500 0.717949 0.725000
5 0.500000 0.513514 0.722222 0.702703
11 0.500000 0.500000 0.838710 0.827586
14 0.511364 0.510870 0.750000 0.760870
2 0.514706 0.514286 0.676471 0.685714
8 0.500000 0.514706 0.714286 0.676471
12 0.512500 0.500000 0.725000 0.736842
33 0.482143 0.517241 0.607143 0.620690
7 0.500000 0.500000 0.750000 0.750000
