11 0.511364 0.500000 0.750000 0.750000
17 0.500000 0.500000 0.736842 0.750000
38 0.511905 0.500000 0.738095 0.761905
5 0.513514 0.513514 0.702703 0.702703
25 0.500000 0.509615 0.814815 0.788462
8 0.511628 0.511628 0.744186 0.744186
35 0.500000 0.512500 0.729730 0.725000
31 0.500000 0.514286 0.736842 0.685714
12 0.509434 0.500000 0.792453 0.807692
10 0.500000 0.513158 0.729730 0.710526
13 0.500000 0.510638 0.791667 0.765957
2 0.513158 0.500000 0.710526 0.729730
14 0.500000 0.500000 0.722222 0.722222
9 0.500000 0.500000 0.736842 0.756098
