7 0.512821 0.512821 0.717949 0.717949
11 0.511111 0.511905 0.755556 0.738095
8 0.511628 0.500000 0.744186 0.761905
3 0.500000 0.515625 0.705882 0.656250
12 0.509434 0.500000 0.792453 0.807692
31 0.500000 0.513158 0.743590 0.710526
9 0.512500 0.500000 0.725000 0.727273
10 0.500000 0.512195 0.743590 0.731707
1 0.500000 0.500000 0.600000 0.586207
17 0.512500 0.511905 0.725000 0.738095
4 0.500000 0.511111 0.772727 0.755556
18 0.500000 0.488372 0.777778 0.744186
2 0.512500 0.512821 0.725000 0.717949
5 0.513514 0.500000 0.702703 0.722222
13 0.500000 0.500000 0.764706 0.782609
