14 0.507246 0.506579 0.811594 0.828947
25 0.505814 0.506173 0.825581 0.814815
35 0.500000 0.510417 0.795918 0.770833
10 0.500000 0.500000 0.800000 0.803922
11 0.505051 0.500000 0.828283 0.826087
3 0.511628 0.500000 0.744186 0.772727
38 0.500000 0.489583 0.744681 0.770833
13 0.500000 0.506250 0.828571 0.812500
31 0.510638 0.500000 0.765957 0.782609
8 0.490000 0.490000 0.780000 0.780000
18 0.505319 0.500000 0.819149 0.808511
9 0.509615 0.500000 0.788462 0.807692
12 0.500000 0.509804 0.807692 0.784314
2 0.510000 0.500000 0.780000 0.803922
33 0.500000 0.510000 0.800000 0.780000
7 0.507812 0.507812 0.828125 0.828125
