8 0.500000 0.500000 0.571429 0.571429
9 0.516667 0.516667 0.633333 0.633333
10 0.516667 0.500000 0.633333 0.666667
35 0.515625 0.500000 0.656250 0.687500
7 0.500000 0.500000 0.655172 0.655172
4 0.500000 0.514706 0.722222 0.676471
17 0.500000 0.513158 0.729730 0.710526
14 0.482759 0.500000 0.620690 0.612903
31 0.500000 0.514286 0.729730 0.685714
38 0.515625 0.515625 0.656250 0.656250
2 0.482143 0.500000 0.607143 0.629630
5 0.516129 0.500000 0.645161 0.666667
13 0.485714 0.514706 0.685714 0.676471
18 0.513514 0.485714 0.702703 0.685714
25 0.500000 0.514286 0.722222 0.685714
3 0.500000 0.500000 0.666667 0.677419
