4 0.500000 0.512821 0.736842 0.717949
12 0.513889 0.500000 0.694444 0.761905
5 0.516129 0.500000 0.645161 0.666667
31 0.511111 0.500000 0.755556 0.756098
8 0.516129 0.500000 0.645161 0.666667
10 0.514706 0.500000 0.676471 0.705882
9 0.514706 0.500000 0.676471 0.696970
11 0.500000 0.500000 0.729730 0.705882
35 0.514286 0.513889 0.685714 0.694444
2 0.500000 0.500000 0.666667 0.666667
3 0.500000 0.514706 0.687500 0.676471
25 0.512195 0.513514 0.731707 0.702703
1 0.514706 0.515625 0.676471 0.656250
7 0.500000 0.500000 0.687500 0.687500
