5 0.500000 0.500000 0.824561 0.827586
8 0.500000 0.509091 0.793103 0.800000
12 0.500000 0.500000 0.843750 0.830986
18 0.505618 0.506098 0.831461 0.817073
11 0.500000 0.500000 0.825000 0.823529
35 0.506024 0.506098 0.819277 0.817073
13 0.500000 0.506098 0.829268 0.817073
38 0.500000 0.509091 0.803922 0.800000
3 0.506757 0.500000 0.824324 0.837838
10 0.505747 0.505747 0.827586 0.827586
25 0.500000 0.500000 0.833333 0.836735
2 0.509434 0.509259 0.792453 0.796296
31 0.500000 0.500000 0.837838 0.837838
4 0.506173 0.506250 0.814815 0.812500
9 0.506944 0.500000 0.819444 0.833333
33 0.500000 0.500000 0.791667 0.811321
