14 0.510417 0.500000 0.770833 0.800000
31 0.513514 0.500000 0.702703 0.714286
18 0.500000 0.507353 0.808219 0.808824
3 0.514706 0.500000 0.676471 0.696970
17 0.516129 0.516667 0.645161 0.633333
12 0.500000 0.514286 0.687500 0.685714
13 0.500000 0.500000 0.777778 0.761905
5 0.517241 0.500000 0.620690 0.642857
38 0.516129 0.500000 0.645161 0.677419
7 0.500000 0.500000 0.647059 0.696970
8 0.500000 0.512195 0.750000 0.731707
2 0.500000 0.500000 0.666667 0.677419
10 0.515625 0.483333 0.656250 0.633333
35 0.500000 0.500000 0.696970 0.696970
15 0.500000 0.500000 0.655172 0.666667
4 0.483333 0.500000 0.633333 0.655172
9 0.516667 0.500000 0.633333 0.666667
25 0.513158 0.514286 0.710526 0.685714
11 0.487500 0.513158 0.725000 0.710526
