5 0.511628 0.500000 0.744186 0.729730
7 0.511364 0.500000 0.750000 0.777778
4 0.509804 0.509804 0.784314 0.784314
18 0.500000 0.500000 0.838710 0.800000
10 0.500000 0.500000 0.743590 0.743590
2 0.510000 0.500000 0.780000 0.795918
38 0.515625 0.514286 0.656250 0.685714
8 0.500000 0.500000 0.750000 0.720930
3 0.511905 0.500000 0.738095 0.756098
13 0.500000 0.507246 0.773585 0.811594
12 0.509434 0.509434 0.792453 0.792453
1 0.506024 0.500000 0.819277 0.829268
17 0.500000 0.513889 0.696970 0.694444
