7 0.500000 0.500000 0.827586 0.836066
38 0.500000 0.500000 0.836735 0.833333
8 0.505747 0.500000 0.827586 0.837209
10 0.500000 0.500000 0.807692 0.807692
5 0.510638 0.500000 0.765957 0.761905
17 0.500000 0.500000 0.830508 0.814815
14 0.500000 0.500000 0.819209 0.836257
2 0.500000 0.500000 0.830508 0.843750
25 0.500000 0.500000 0.838710 0.818182
4 0.500000 0.500000 0.767442 0.761905
15 0.506849 0.506757 0.821918 0.824324
35 0.500000 0.500000 0.828571 0.828571
18 0.500000 0.500000 0.827815 0.824818
31 0.500000 0.506024 0.824176 0.819277
12 0.500000 0.507937 0.820896 0.825397
