10 0.510638 0.510638 0.765957 0.765957
25 0.507042 0.500000 0.816901 0.826087
17 0.500000 0.513889 0.705882 0.694444
35 0.500000 0.506024 0.835294 0.819277
11 0.503704 0.500000 0.829630 0.833333
12 0.500000 0.500000 0.837838 0.837838
8 0.510417 0.510000 0.770833 0.780000
2 0.508065 0.508065 0.822581 0.822581
4 0.509434 0.500000 0.792453 0.818182
7 0.500000 0.491379 0.814815 0.810345
9 0.500000 0.500000 0.825243 0.811321
1 0.500000 0.495000 0.838384 0.830000
3 0.500000 0.500000 0.769231 0.777778
