18 0.487179 0.486486 0.717949 0.702703
14 0.500000 0.514706 0.666667 0.676471
7 0.500000 0.500000 0.677419 0.677419
1 0.516129 0.500000 0.645161 0.666667
3 0.516667 0.516129 0.633333 0.645161
13 0.513514 0.500000 0.702703 0.705882
31 0.512195 0.512821 0.731707 0.717949
35 0.515152 0.500000 0.666667 0.705882
4 0.500000 0.513889 0.722222 0.694444
12 0.500000 0.512821 0.696970 0.717949
9 0.500000 0.500000 0.677419 0.677419
17 0.500000 0.512821 0.736842 0.717949
5 0.516129 0.516129 0.645161 0.645161
