38 0.500000 0.500000 0.787234 0.764706
2 0.513158 0.500000 0.710526 0.743590
17 0.500000 0.500000 0.743590 0.729730
7 0.512821 0.487500 0.717949 0.725000
33 0.510638 0.500000 0.765957 0.782609
10 0.500000 0.514706 0.696970 0.676471
25 0.510870 0.512195 0.760870 0.731707
35 0.500000 0.511628 0.761905 0.744186
13 0.508929 0.509615 0.803571 0.788462
3 0.500000 0.500000 0.736842 0.736842
12 0.512500 0.500000 0.725000 0.750000
9 0.516667 0.500000 0.633333 0.666667
14 0.500000 0.506849 0.823529 0.821918
