11 0.512821 0.515152 0.717949 0.666667
12 0.500000 0.500000 0.772727 0.782609
8 0.500000 0.500000 0.696970 0.687500
7 0.514706 0.485294 0.676471 0.676471
1 0.515625 0.484848 0.656250 0.666667
4 0.514286 0.513889 0.685714 0.694444
35 0.515152 0.500000 0.666667 0.696970
3 0.514286 0.513158 0.685714 0.710526
9 0.500000 0.511364 0.767442 0.750000
5 0.513514 0.513514 0.702703 0.702703
33 0.512500 0.500000 0.725000 0.761905
14 0.500000 0.488636 0.714286 0.750000
10 0.500000 0.500000 0.750000 0.750000
18 0.514286 0.515152 0.685714 0.666667
13 0.513514 0.500000 0.702703 0.696970
2 0.500000 0.500000 0.705882 0.705882
