5 0.517857 0.518519 0.607143 0.592593
18 0.500000 0.500000 0.642857 0.642857
10 0.500000 0.516129 0.629630 0.645161
25 0.513514 0.513514 0.702703 0.702703
38 0.500000 0.500000 0.629630 0.629630
35 0.500000 0.500000 0.586207 0.571429
17 0.500000 0.517857 0.571429 0.607143
7 0.500000 0.517241 0.629630 0.620690
2 0.517857 0.500000 0.607143 0.629630
12 0.514286 0.514286 0.685714 0.685714
1 0.500000 0.516129 0.625000 0.645161
3 0.500000 0.517857 0.615385 0.607143
13 0.516129 0.516129 0.645161 0.645161
9 0.500000 0.500000 0.629630 0.600000
