2 0.500000 0.484848 0.647059 0.666667
14 0.514706 0.500000 0.676471 0.696970
3 0.500000 0.500000 0.705882 0.705882
7 0.514286 0.500000 0.685714 0.705882
17 0.500000 0.511905 0.750000 0.738095
8 0.500000 0.500000 0.625000 0.625000
18 0.510870 0.500000 0.760870 0.761905
38 0.500000 0.513514 0.722222 0.702703
5 0.500000 0.500000 0.666667 0.666667
12 0.512500 0.500000 0.725000 0.772727
35 0.513158 0.500000 0.710526 0.729730
9 0.500000 0.500000 0.722222 0.722222
4 0.500000 0.500000 0.761905 0.756098
