25 0.513158 0.513889 0.710526 0.694444
14 0.517241 0.500000 0.620690 0.655172
4 0.500000 0.514286 0.729730 0.685714
10 0.516129 0.515625 0.645161 0.656250
35 0.515152 0.514706 0.666667 0.676471
12 0.514706 0.512821 0.676471 0.717949
9 0.500000 0.516129 0.666667 0.645161
7 0.500000 0.500000 0.666667 0.666667
13 0.500000 0.500000 0.705882 0.677419
8 0.517857 0.482143 0.607143 0.607143
2 0.500000 0.500000 0.642857 0.642857
3 0.516129 0.500000 0.645161 0.677419
18 0.500000 0.513889 0.729730 0.694444
17 0.500000 0.500000 0.729730 0.692308
1 0.500000 0.500000 0.600000 0.642857
