38 0.508929 0.508475 0.803571 0.813559
25 0.510204 0.511364 0.775510 0.750000
9 0.516129 0.516129 0.645161 0.645161
3 0.511628 0.511364 0.744186 0.750000
5 0.500000 0.513889 0.722222 0.694444
8 0.500000 0.500000 0.835616 0.835616
1 0.507353 0.507353 0.808824 0.808824
14 0.505618 0.500000 0.831461 0.833333
11 0.507246 0.500000 0.811594 0.830508
18 0.505051 0.500000 0.828283 0.822222
13 0.500000 0.507812 0.828571 0.828125
31 0.509434 0.510000 0.792453 0.780000
7 0.500000 0.511111 0.767442 0.755556
15 0.500000 0.500000 0.782609 0.777778
17 0.500000 0.500000 0.772727 0.756098
2 0.511628 0.511364 0.744186 0.750000
10 0.500000 0.500000 0.750000 0.750000
