25 0.500000 0.508197 0.843750 0.819672
5 0.500000 0.500000 0.787234 0.787234
14 0.500000 0.500000 0.828571 0.835616
9 0.508772 0.500000 0.807018 0.827586
1 0.500000 0.500000 0.733333 0.744681
3 0.500000 0.509615 0.800000 0.788462
31 0.509434 0.509434 0.792453 0.792453
18 0.500000 0.509615 0.818182 0.788462
7 0.500000 0.500000 0.782609 0.782609
10 0.500000 0.508475 0.827586 0.813559
38 0.500000 0.500000 0.777778 0.782609
11 0.500000 0.510000 0.827586 0.780000
35 0.509804 0.500000 0.784314 0.800000
4 0.509804 0.500000 0.784314 0.803922
12 0.500000 0.508475 0.821429 0.813559
13 0.500000 0.509615 0.789474 0.788462
