14 0.492754 0.507042 0.811594 0.816901
31 0.500000 0.504808 0.829060 0.817308
18 0.503650 0.500000 0.832117 0.830769
25 0.500000 0.507937 0.823529 0.825397
10 0.500000 0.500000 0.843750 0.823529
17 0.509615 0.509434 0.788462 0.792453
8 0.490385 0.500000 0.788462 0.803922
1 0.507937 0.500000 0.825397 0.833333
12 0.500000 0.500000 0.837209 0.839080
35 0.500000 0.500000 0.840909 0.840909
2 0.506667 0.506579 0.826667 0.828947
9 0.506173 0.506173 0.814815 0.814815
3 0.500000 0.507812 0.843750 0.828125
5 0.510638 0.510638 0.765957 0.765957
4 0.505051 0.500000 0.828283 0.827957
13 0.500000 0.500000 0.838384 0.826087
11 0.504762 0.505814 0.819048 0.825581
38 0.509259 0.509434 0.796296 0.792453
