8 0.500000 0.500000 0.677419 0.625000
38 0.515625 0.500000 0.656250 0.687500
13 0.500000 0.514706 0.705882 0.676471
11 0.507246 0.508333 0.811594 0.816667
5 0.500000 0.500000 0.750000 0.750000
25 0.500000 0.500000 0.814815 0.795918
7 0.513158 0.500000 0.710526 0.729730
3 0.513889 0.500000 0.694444 0.729730
2 0.513889 0.513889 0.694444 0.694444
18 0.500000 0.500000 0.764706 0.744681
1 0.511111 0.500000 0.755556 0.777778
9 0.512500 0.500000 0.725000 0.729730
12 0.510204 0.510204 0.775510 0.775510
10 0.500000 0.500000 0.761905 0.782609
17 0.500000 0.500000 0.729730 0.736842
