38 0.512821 0.500000 0.717949 0.736842
1 0.486486 0.500000 0.702703 0.714286
4 0.500000 0.510870 0.787234 0.760870
12 0.511628 0.500000 0.744186 0.795918
35 0.511628 0.511628 0.744186 0.744186
3 0.513158 0.513158 0.710526 0.710526
13 0.489796 0.488889 0.775510 0.755556
25 0.510000 0.511364 0.780000 0.750000
9 0.512195 0.500000 0.731707 0.750000
5 0.500000 0.500000 0.687500 0.687500
2 0.513889 0.513889 0.694444 0.694444
8 0.513889 0.513514 0.694444 0.702703
17 0.500000 0.500000 0.767442 0.772727
11 0.511111 0.500000 0.755556 0.756098
10 0.512821 0.512195 0.717949 0.731707
