38 0.500000 0.500000 0.675676 0.675676
11 0.512500 0.514706 0.725000 0.676471
8 0.485714 0.485294 0.685714 0.676471
25 0.511628 0.512195 0.744186 0.731707
35 0.500000 0.514286 0.696970 0.685714
13 0.500000 0.500000 0.729730 0.705882
18 0.513889 0.500000 0.694444 0.657143
10 0.511628 0.500000 0.744186 0.761905
33 0.500000 0.500000 0.743590 0.727273
1 0.515625 0.514706 0.656250 0.676471
4 0.513158 0.513158 0.710526 0.710526
2 0.500000 0.514286 0.705882 0.685714
9 0.500000 0.511364 0.767442 0.750000
17 0.500000 0.500000 0.729730 0.722222
