1 0.513889 0.486842 0.694444 0.710526
38 0.515152 0.500000 0.666667 0.687500
4 0.500000 0.515625 0.677419 0.656250
35 0.512195 0.500000 0.731707 0.736842
17 0.482143 0.483333 0.607143 0.633333
3 0.516667 0.517241 0.633333 0.620690
12 0.511628 0.512195 0.744186 0.731707
10 0.516129 0.516129 0.645161 0.645161
9 0.500000 0.515625 0.666667 0.656250
13 0.500000 0.500000 0.687500 0.666667
18 0.514286 0.514706 0.685714 0.676471
7 0.517857 0.517857 0.607143 0.607143
25 0.500000 0.500000 0.791667 0.787234
5 0.500000 0.516667 0.642857 0.633333
11 0.500000 0.500000 0.781818 0.760000
