18 0.492063 0.508333 0.825397 0.816667
10 0.507143 0.507143 0.814286 0.814286
9 0.507937 0.507812 0.825397 0.828125
5 0.500000 0.500000 0.803922 0.803922
2 0.500000 0.500000 0.777778 0.782609
31 0.508475 0.508475 0.813559 0.813559
14 0.505814 0.505435 0.825581 0.815217
25 0.500000 0.500000 0.837838 0.826087
1 0.500000 0.500000 0.791667 0.800000
8 0.500000 0.500000 0.800000 0.791667
7 0.490196 0.490385 0.784314 0.788462
33 0.500000 0.500000 0.744681 0.769231
13 0.500000 0.508333 0.820896 0.816667
17 0.508929 0.500000 0.803571 0.803922
4 0.508475 0.508772 0.813559 0.807018
