5 0.514706 0.514286 0.676471 0.685714
4 0.500000 0.500000 0.743590 0.743590
17 0.500000 0.514286 0.647059 0.685714
1 0.488636 0.488636 0.750000 0.750000
10 0.514286 0.513889 0.685714 0.694444
12 0.490000 0.489583 0.780000 0.770833
18 0.500000 0.511628 0.772727 0.744186
38 0.500000 0.512500 0.743590 0.725000
35 0.510638 0.500000 0.765957 0.782609
3 0.500000 0.514286 0.714286 0.685714
25 0.500000 0.508065 0.843750 0.822581
7 0.500000 0.500000 0.666667 0.705882
11 0.492647 0.500000 0.808824 0.806452
9 0.500000 0.500000 0.743590 0.750000
8 0.512500 0.512500 0.725000 0.725000
13 0.513158 0.500000 0.710526 0.714286
