38 0.500000 0.500000 0.830189 0.827586
17 0.507937 0.508772 0.825397 0.807018
12 0.507143 0.500000 0.814286 0.820896
3 0.500000 0.508475 0.827586 0.813559
13 0.496575 0.496154 0.828767 0.823077
25 0.507246 0.500000 0.811594 0.827586
9 0.516129 0.500000 0.645161 0.677419
15 0.500000 0.500000 0.833333 0.837209
18 0.500000 0.500000 0.828221 0.836735
5 0.500000 0.500000 0.787234 0.767442
1 0.506024 0.505952 0.819277 0.821429
7 0.500000 0.500000 0.843750 0.826087
33 0.505263 0.500000 0.821053 0.826087
14 0.500000 0.502591 0.827411 0.829016
10 0.500000 0.509091 0.814815 0.800000
11 0.503289 0.500000 0.822368 0.834586
8 0.500000 0.505376 0.826087 0.817204
