5 0.513158 0.500000 0.710526 0.736842
18 0.509804 0.510204 0.784314 0.775510
7 0.500000 0.500000 0.729730 0.736842
38 0.500000 0.500000 0.772727 0.772727
4 0.500000 0.500000 0.772727 0.772727
8 0.510870 0.500000 0.760870 0.777778
25 0.500000 0.506944 0.833333 0.819444
1 0.500000 0.500000 0.795918 0.769231
13 0.500000 0.500000 0.750000 0.692308
17 0.500000 0.500000 0.705882 0.729730
3 0.500000 0.500000 0.729730 0.722222
11 0.500000 0.507246 0.835616 0.811594
12 0.509259 0.509615 0.796296 0.788462
10 0.513514 0.500000 0.702703 0.729730
35 0.500000 0.500000 0.787234 0.760000
9 0.500000 0.500000 0.777778 0.777778
2 0.500000 0.500000 0.769231 0.800000
