12 0.500000 0.515625 0.677419 0.656250
10 0.515152 0.500000 0.666667 0.696970
11 0.516129 0.500000 0.645161 0.629630
8 0.515152 0.500000 0.666667 0.687500
38 0.516667 0.500000 0.633333 0.655172
4 0.517241 0.517241 0.620690 0.620690
2 0.500000 0.500000 0.642857 0.642857
35 0.517241 0.500000 0.620690 0.642857
5 0.500000 0.500000 0.666667 0.666667
3 0.517857 0.500000 0.607143 0.629630
14 0.500000 0.500000 0.705882 0.705882
25 0.512195 0.500000 0.731707 0.750000
18 0.515152 0.515625 0.666667 0.656250
17 0.519231 0.500000 0.576923 0.615385
31 0.500000 0.500000 0.629630 0.615385
