18 0.506944 0.507353 0.819444 0.808824
8 0.500000 0.509804 0.800000 0.784314
2 0.500000 0.500000 0.777778 0.777778
25 0.500000 0.500000 0.840909 0.840909
4 0.512821 0.512500 0.717949 0.725000
13 0.500000 0.506579 0.811321 0.828947
35 0.508197 0.508333 0.819672 0.816667
7 0.500000 0.510870 0.772727 0.760870
10 0.510417 0.500000 0.770833 0.791667
17 0.500000 0.510638 0.739130 0.765957
12 0.500000 0.508772 0.827586 0.807018
5 0.500000 0.509434 0.807692 0.792453
3 0.508333 0.500000 0.816667 0.833333
31 0.500000 0.508333 0.836066 0.816667
38 0.500000 0.492188 0.812500 0.828125
9 0.500000 0.500000 0.767442 0.777778
