17 0.500000 0.500000 0.629630 0.655172
18 0.511905 0.500000 0.738095 0.729730
13 0.500000 0.500000 0.729730 0.777778
3 0.517241 0.500000 0.620690 0.655172
10 0.500000 0.500000 0.655172 0.655172
11 0.509091 0.500000 0.800000 0.803922
1 0.500000 0.500000 0.827586 0.830508
8 0.500000 0.483871 0.612903 0.645161
38 0.517241 0.516129 0.620690 0.645161
9 0.500000 0.500000 0.827586 0.789474
4 0.511905 0.500000 0.738095 0.767442
5 0.500000 0.500000 0.677419 0.655172
25 0.500000 0.500000 0.736842 0.729730
7 0.500000 0.483333 0.600000 0.633333
