7 0.500000 0.500000 0.615385 0.629630
12 0.500000 0.500000 0.722222 0.722222
10 0.500000 0.500000 0.615385 0.666667
3 0.517857 0.500000 0.607143 0.655172
38 0.500000 0.518519 0.629630 0.592593
13 0.516667 0.516129 0.633333 0.645161
17 0.518519 0.500000 0.592593 0.600000
35 0.500000 0.480769 0.600000 0.576923
9 0.518519 0.517241 0.592593 0.620690
4 0.500000 0.500000 0.655172 0.655172
1 0.516129 0.500000 0.645161 0.677419
25 0.500000 0.500000 0.705882 0.696970
11 0.500000 0.511111 0.761905 0.755556
8 0.519231 0.518519 0.576923 0.592593
18 0.517857 0.517857 0.607143 0.607143
2 0.517857 0.517857 0.607143 0.607143
