12 0.500000 0.500000 0.824561 0.838710
2 0.510870 0.510638 0.760870 0.765957
17 0.500000 0.510638 0.777778 0.765957
11 0.500000 0.509259 0.824561 0.796296
18 0.506667 0.500000 0.826667 0.805556
9 0.500000 0.500000 0.803922 0.803922
1 0.488889 0.500000 0.755556 0.733333
35 0.508621 0.500000 0.810345 0.821429
38 0.510870 0.500000 0.760870 0.777778
5 0.512195 0.512195 0.731707 0.731707
13 0.500000 0.508621 0.841270 0.810345
3 0.500000 0.510417 0.787234 0.770833
14 0.500000 0.509804 0.795918 0.784314
8 0.500000 0.500000 0.756098 0.756098
10 0.500000 0.500000 0.782609 0.791667
31 0.507042 0.500000 0.816901 0.836066
