35 0.510204 0.510204 0.775510 0.775510
12 0.500000 0.500000 0.795918 0.795918
13 0.489583 0.508065 0.770833 0.822581
5 0.500000 0.500000 0.743590 0.705882
11 0.505051 0.500000 0.828283 0.837209
18 0.508475 0.500000 0.813559 0.789474
17 0.500000 0.500000 0.696970 0.714286
8 0.512821 0.500000 0.717949 0.750000
2 0.510417 0.500000 0.770833 0.787234
1 0.493750 0.493506 0.812500 0.831169
25 0.509804 0.510000 0.784314 0.780000
38 0.500000 0.514706 0.687500 0.676471
9 0.500000 0.506579 0.835616 0.828947
