35 0.500000 0.500000 0.743590 0.743590
13 0.510204 0.500000 0.775510 0.795918
18 0.500000 0.500000 0.836066 0.836066
33 0.500000 0.500000 0.629630 0.629630
17 0.512500 0.500000 0.725000 0.743590
10 0.512195 0.500000 0.731707 0.761905
12 0.512821 0.513158 0.717949 0.710526
1 0.500000 0.512821 0.729730 0.717949
25 0.510204 0.500000 0.775510 0.772727
2 0.500000 0.500000 0.677419 0.687500
7 0.512821 0.512821 0.717949 0.717949
14 0.511905 0.500000 0.738095 0.767442
11 0.508929 0.500000 0.803571 0.814815
5 0.513514 0.500000 0.702703 0.722222
38 0.500000 0.500000 0.687500 0.696970
8 0.500000 0.484375 0.657143 0.656250
3 0.500000 0.515625 0.666667 0.656250
