18 0.500000 0.500000 0.826087 0.833333
17 0.500000 0.511905 0.772727 0.738095
4 0.513514 0.500000 0.702703 0.722222
12 0.500000 0.511628 0.756098 0.744186
11 0.500000 0.509091 0.827586 0.800000
5 0.513889 0.514286 0.694444 0.685714
35 0.500000 0.510870 0.777778 0.760870
14 0.500000 0.505814 0.802469 0.825581
33 0.509804 0.500000 0.784314 0.800000
31 0.510204 0.510870 0.775510 0.760870
1 0.500000 0.507812 0.838710 0.828125
2 0.500000 0.500000 0.707317 0.750000
10 0.500000 0.512821 0.736842 0.717949
15 0.500000 0.511364 0.772727 0.750000
38 0.509615 0.509259 0.788462 0.796296
3 0.511905 0.511905 0.738095 0.738095
