35 0.500000 0.500000 0.777778 0.772727
2 0.511111 0.500000 0.755556 0.772727
17 0.515152 0.514286 0.666667 0.685714
8 0.513158 0.513158 0.710526 0.710526
10 0.500000 0.514286 0.696970 0.685714
7 0.500000 0.514706 0.705882 0.676471
18 0.500000 0.487805 0.727273 0.731707
3 0.500000 0.484848 0.657143 0.666667
11 0.500000 0.500000 0.815385 0.803279
4 0.500000 0.500000 0.729730 0.729730
12 0.510000 0.500000 0.780000 0.787234
9 0.500000 0.486842 0.684211 0.710526
13 0.513514 0.500000 0.702703 0.705882
1 0.487805 0.511628 0.731707 0.744186
5 0.500000 0.500000 0.687500 0.696970
38 0.512821 0.512821 0.717949 0.717949
25 0.500000 0.500000 0.838710 0.824561
