10 0.516667 0.516667 0.633333 0.633333
7 0.517241 0.500000 0.620690 0.629630
25 0.500000 0.510417 0.791667 0.770833
35 0.500000 0.500000 0.707317 0.700000
18 0.514706 0.500000 0.676471 0.677419
11 0.500000 0.510870 0.800000 0.760870
3 0.517241 0.500000 0.620690 0.629630
13 0.516129 0.500000 0.645161 0.666667
12 0.500000 0.500000 0.750000 0.700000
2 0.500000 0.500000 0.722222 0.729730
5 0.500000 0.500000 0.655172 0.666667
9 0.500000 0.517241 0.629630 0.620690
8 0.517857 0.517857 0.607143 0.607143
17 0.500000 0.517241 0.615385 0.620690
