35 0.509615 0.500000 0.788462 0.803922
8 0.500000 0.500000 0.743590 0.756098
3 0.512500 0.500000 0.725000 0.743590
5 0.512195 0.513889 0.731707 0.694444
25 0.500000 0.509615 0.807692 0.788462
38 0.516129 0.500000 0.645161 0.696970
1 0.500000 0.500000 0.825000 0.802469
4 0.500000 0.510204 0.782609 0.775510
9 0.493506 0.506494 0.831169 0.831169
7 0.488095 0.500000 0.738095 0.767442
2 0.510417 0.510417 0.770833 0.770833
18 0.500000 0.500000 0.833333 0.824561
17 0.514706 0.500000 0.676471 0.714286
10 0.500000 0.512821 0.736842 0.717949
11 0.504717 0.505376 0.820755 0.817204
12 0.500000 0.510000 0.795918 0.780000
