1 0.500000 0.509091 0.811321 0.800000
8 0.517241 0.500000 0.620690 0.655172
38 0.500000 0.500000 0.642857 0.655172
2 0.500000 0.515152 0.677419 0.666667
35 0.500000 0.514286 0.705882 0.685714
25 0.513889 0.500000 0.694444 0.687500
10 0.516129 0.516129 0.645161 0.645161
5 0.483871 0.500000 0.645161 0.642857
7 0.500000 0.517241 0.586207 0.620690
4 0.500000 0.511905 0.750000 0.738095
18 0.500000 0.500000 0.756098 0.714286
11 0.509615 0.500000 0.788462 0.791667
12 0.515625 0.500000 0.656250 0.677419
3 0.517857 0.500000 0.607143 0.629630
