25 0.500000 0.500000 0.821429 0.811321
5 0.500000 0.500000 0.777778 0.777778
13 0.490385 0.489362 0.788462 0.765957
9 0.510204 0.500000 0.775510 0.795918
7 0.511111 0.500000 0.755556 0.767442
31 0.500000 0.510638 0.782609 0.765957
2 0.512195 0.500000 0.731707 0.756098
14 0.500000 0.500000 0.803279 0.833333
11 0.509615 0.500000 0.788462 0.777778
12 0.509091 0.508772 0.800000 0.807018
8 0.511905 0.500000 0.738095 0.743590
35 0.500000 0.500000 0.772727 0.772727
17 0.500000 0.500000 0.782609 0.761905
18 0.489583 0.500000 0.770833 0.739130
10 0.500000 0.500000 0.814815 0.814815
4 0.500000 0.500000 0.787234 0.782609
1 0.500000 0.511905 0.743590 0.738095
