10 0.500000 0.509434 0.803922 0.792453
12 0.500000 0.500000 0.814815 0.811321
38 0.500000 0.490000 0.755102 0.780000
33 0.490196 0.500000 0.784314 0.800000
13 0.507042 0.500000 0.816901 0.822785
2 0.500000 0.509091 0.807692 0.800000
31 0.510204 0.510204 0.775510 0.775510
35 0.500000 0.510417 0.795918 0.770833
7 0.500000 0.507353 0.820896 0.808824
9 0.509434 0.509259 0.792453 0.796296
8 0.500000 0.509434 0.807692 0.792453
11 0.504762 0.505155 0.819048 0.824742
14 0.500000 0.506098 0.828571 0.817073
4 0.500000 0.500000 0.743590 0.761905
18 0.505102 0.500000 0.826531 0.816327
1 0.492063 0.492063 0.825397 0.825397
17 0.500000 0.500000 0.838710 0.838710
