14 0.515625 0.516129 0.656250 0.645161
4 0.513158 0.513158 0.710526 0.710526
17 0.500000 0.514706 0.687500 0.676471
7 0.500000 0.500000 0.666667 0.666667
12 0.510204 0.500000 0.775510 0.791667
35 0.514706 0.514286 0.676471 0.685714
25 0.500000 0.511364 0.772727 0.750000
31 0.514286 0.500000 0.685714 0.687500
8 0.500000 0.513889 0.714286 0.694444
13 0.500000 0.512821 0.756098 0.717949
1 0.500000 0.500000 0.615385 0.629630
11 0.500000 0.515152 0.714286 0.666667
18 0.500000 0.484848 0.657143 0.666667
2 0.500000 0.515152 0.696970 0.666667
9 0.515152 0.485714 0.666667 0.685714
