18 0.500000 0.513514 0.729730 0.702703
7 0.513889 0.500000 0.694444 0.714286
13 0.511628 0.512500 0.744186 0.725000
9 0.514706 0.513514 0.676471 0.702703
35 0.514286 0.500000 0.685714 0.714286
12 0.509804 0.500000 0.784314 0.800000
17 0.484848 0.514286 0.666667 0.685714
11 0.500000 0.500000 0.729730 0.696970
5 0.500000 0.513514 0.722222 0.702703
1 0.517857 0.500000 0.607143 0.629630
2 0.514706 0.514706 0.676471 0.676471
4 0.512500 0.500000 0.725000 0.743590
14 0.500000 0.500000 0.636364 0.636364
3 0.500000 0.500000 0.687500 0.687500
10 0.500000 0.514706 0.687500 0.676471
25 0.500000 0.510870 0.787234 0.760870
