8 0.507692 0.500000 0.830769 0.843750
4 0.512821 0.512821 0.717949 0.717949
15 0.491071 0.500000 0.803571 0.796610
10 0.510870 0.500000 0.760870 0.777778
17 0.510000 0.510417 0.780000 0.770833
31 0.507812 0.508333 0.828125 0.816667
38 0.500000 0.506757 0.823529 0.824324
12 0.500000 0.509615 0.807692 0.788462
9 0.500000 0.516129 0.666667 0.645161
11 0.505952 0.506667 0.821429 0.826667
14 0.504425 0.500000 0.831858 0.836364
3 0.510417 0.500000 0.770833 0.787234
7 0.509804 0.500000 0.784314 0.803922
5 0.487179 0.500000 0.717949 0.692308
18 0.500000 0.500000 0.827586 0.813084
33 0.500000 0.500000 0.808219 0.805556
