18 0.500000 0.512821 0.756098 0.717949
8 0.512821 0.512821 0.717949 0.717949
25 0.500000 0.500000 0.700000 0.684211
2 0.500000 0.512500 0.743590 0.725000
38 0.513158 0.500000 0.710526 0.729730
5 0.500000 0.500000 0.756098 0.750000
13 0.500000 0.500000 0.836066 0.826087
7 0.513158 0.500000 0.710526 0.729730
10 0.513158 0.500000 0.710526 0.705882
9 0.500000 0.488095 0.720930 0.738095
12 0.500000 0.500000 0.772727 0.772727
17 0.516129 0.516129 0.645161 0.645161
1 0.514286 0.514286 0.685714 0.685714
4 0.500000 0.511628 0.756098 0.744186
11 0.508621 0.508475 0.810345 0.813559
3 0.486486 0.500000 0.702703 0.700000
35 0.513158 0.486111 0.710526 0.694444
