18 0.500000 0.500000 0.825243 0.828571
2 0.507353 0.507246 0.808824 0.811594
35 0.507353 0.500000 0.808824 0.838710
7 0.500000 0.508065 0.838710 0.822581
3 0.507246 0.507143 0.811594 0.814286
13 0.506098 0.500000 0.817073 0.830986
17 0.500000 0.500000 0.666667 0.736842
4 0.500000 0.505747 0.822222 0.827586
10 0.509804 0.500000 0.784314 0.767442
25 0.492754 0.500000 0.811594 0.827586
38 0.500000 0.504762 0.826923 0.819048
9 0.500000 0.500000 0.836735 0.836735
1 0.500000 0.507246 0.828571 0.811594
8 0.500000 0.505682 0.835294 0.829545
