35 0.500000 0.483871 0.636364 0.645161
10 0.515152 0.516129 0.666667 0.645161
17 0.500000 0.517241 0.642857 0.620690
1 0.500000 0.516667 0.642857 0.633333
38 0.516129 0.516129 0.645161 0.645161
9 0.513889 0.500000 0.694444 0.714286
3 0.515625 0.500000 0.656250 0.696970
8 0.514706 0.514706 0.676471 0.676471
13 0.500000 0.500000 0.787234 0.814815
4 0.500000 0.500000 0.696970 0.696970
11 0.508929 0.508621 0.803571 0.810345
12 0.500000 0.512500 0.743590 0.725000
25 0.515152 0.500000 0.666667 0.677419
7 0.515152 0.500000 0.666667 0.657143
2 0.500000 0.513514 0.722222 0.702703
