11 0.491071 0.491228 0.803571 0.807018
5 0.500000 0.514706 0.657143 0.676471
4 0.500000 0.500000 0.736842 0.736842
8 0.500000 0.500000 0.750000 0.750000
10 0.515152 0.483333 0.666667 0.633333
17 0.500000 0.500000 0.629630 0.696970
35 0.500000 0.500000 0.687500 0.696970
38 0.508621 0.500000 0.810345 0.818182
12 0.510417 0.510417 0.770833 0.770833
1 0.486842 0.500000 0.710526 0.729730
13 0.500000 0.500000 0.756098 0.750000
25 0.510870 0.511628 0.760870 0.744186
3 0.500000 0.500000 0.696970 0.705882
