12 0.500000 0.511364 0.750000 0.750000
38 0.511111 0.511364 0.755556 0.750000
5 0.500000 0.500000 0.657143 0.705882
25 0.485294 0.515625 0.676471 0.656250
18 0.500000 0.500000 0.824561 0.824561
2 0.513514 0.500000 0.702703 0.705882
7 0.488095 0.500000 0.738095 0.761905
4 0.513158 0.512821 0.710526 0.717949
35 0.500000 0.486486 0.684211 0.702703
8 0.513889 0.500000 0.694444 0.722222
11 0.500000 0.500000 0.803922 0.800000
10 0.500000 0.515152 0.729730 0.666667
3 0.500000 0.500000 0.830508 0.806452
1 0.500000 0.488372 0.727273 0.744186
