17 0.510417 0.509615 0.770833 0.788462
13 0.500000 0.509615 0.824561 0.788462
10 0.507246 0.500000 0.811594 0.838710
5 0.500000 0.500000 0.830508 0.836066
7 0.508475 0.508333 0.813559 0.816667
4 0.510417 0.510204 0.770833 0.775510
12 0.505814 0.505814 0.825581 0.825581
18 0.500000 0.500000 0.830508 0.818182
11 0.496575 0.500000 0.828767 0.833333
9 0.500000 0.488372 0.756098 0.744186
1 0.504950 0.505051 0.831683 0.828283
2 0.509434 0.500000 0.792453 0.818182
38 0.504673 0.500000 0.822430 0.830189
8 0.500000 0.500000 0.831776 0.839286
3 0.505882 0.500000 0.823529 0.831579
