13 0.510870 0.500000 0.760870 0.772727
7 0.500000 0.500000 0.772727 0.761905
4 0.500000 0.509434 0.807692 0.792453
18 0.500000 0.506849 0.830986 0.821918
3 0.511111 0.500000 0.755556 0.772727
17 0.518519 0.513514 0.592593 0.702703
11 0.500000 0.506849 0.828571 0.821918
10 0.512195 0.500000 0.731707 0.722222
5 0.488889 0.500000 0.755556 0.733333
12 0.500000 0.500000 0.843750 0.843750
25 0.500000 0.500000 0.814815 0.795918
8 0.509259 0.500000 0.796296 0.811321
35 0.500000 0.500000 0.777778 0.772727
