11 0.500000 0.504545 0.818182 0.827273
10 0.500000 0.500000 0.838710 0.821429
4 0.506024 0.500000 0.819277 0.835294
5 0.509434 0.500000 0.792453 0.821429
7 0.505051 0.500000 0.828283 0.838384
17 0.512500 0.500000 0.725000 0.756098
12 0.500000 0.506944 0.820896 0.819444
38 0.506173 0.500000 0.814815 0.835294
3 0.500000 0.500000 0.812500 0.796610
2 0.500000 0.511364 0.756098 0.750000
18 0.503185 0.503472 0.828025 0.826389
25 0.505682 0.506098 0.829545 0.817073
1 0.507246 0.507692 0.811594 0.830769
