4 0.516129 0.515625 0.645161 0.656250
1 0.500000 0.500000 0.677419 0.636364
10 0.500000 0.500000 0.615385 0.615385
5 0.500000 0.516667 0.586207 0.633333
12 0.500000 0.512195 0.729730 0.731707
17 0.518519 0.500000 0.592593 0.642857
8 0.482759 0.483333 0.620690 0.633333
38 0.518519 0.515152 0.592593 0.666667
3 0.517241 0.500000 0.620690 0.612903
35 0.500000 0.500000 0.642857 0.655172
13 0.513514 0.500000 0.702703 0.696970
2 0.500000 0.500000 0.655172 0.666667
9 0.500000 0.483333 0.636364 0.633333
