35 0.513889 0.513514 0.694444 0.702703
9 0.515152 0.500000 0.666667 0.647059
2 0.513158 0.500000 0.710526 0.750000
25 0.500000 0.510417 0.787234 0.770833
7 0.500000 0.513889 0.705882 0.694444
38 0.500000 0.500000 0.807692 0.807692
4 0.500000 0.513514 0.714286 0.702703
12 0.509091 0.500000 0.800000 0.814815
3 0.500000 0.500000 0.736842 0.750000
17 0.512195 0.500000 0.731707 0.767442
10 0.512195 0.500000 0.731707 0.743590
18 0.489130 0.500000 0.760870 0.720930
13 0.512821 0.500000 0.717949 0.714286
8 0.512195 0.511905 0.731707 0.738095
