3 0.515625 0.515152 0.656250 0.666667
25 0.500000 0.508929 0.824561 0.803571
8 0.517241 0.482759 0.620690 0.620690
17 0.500000 0.510000 0.787234 0.780000
1 0.485294 0.500000 0.676471 0.727273
18 0.500000 0.515625 0.705882 0.656250
35 0.516667 0.516129 0.633333 0.645161
10 0.500000 0.500000 0.666667 0.666667
4 0.514286 0.500000 0.685714 0.714286
12 0.500000 0.514286 0.705882 0.685714
38 0.515152 0.513889 0.666667 0.694444
11 0.500000 0.516129 0.655172 0.645161
2 0.513158 0.500000 0.710526 0.657143
7 0.516667 0.500000 0.633333 0.655172
13 0.487805 0.487179 0.731707 0.717949
5 0.514706 0.500000 0.676471 0.696970
