5 0.508772 0.500000 0.807018 0.818182
18 0.500000 0.504950 0.836735 0.831683
38 0.500000 0.500000 0.831579 0.835052
13 0.507042 0.507353 0.816901 0.808824
25 0.500000 0.500000 0.818182 0.796610
4 0.500000 0.500000 0.829268 0.827160
17 0.516667 0.500000 0.633333 0.736842
35 0.500000 0.500000 0.833333 0.827586
11 0.500000 0.494382 0.827957 0.831461
1 0.500000 0.500000 0.843750 0.838710
10 0.489796 0.500000 0.775510 0.761905
8 0.500000 0.500000 0.827160 0.827160
9 0.500000 0.505682 0.839080 0.829545
