2 0.484375 0.500000 0.656250 0.647059
7 0.500000 0.500000 0.629630 0.586207
5 0.518519 0.517241 0.592593 0.620690
1 0.517241 0.500000 0.620690 0.612903
8 0.500000 0.481481 0.571429 0.592593
13 0.516667 0.500000 0.633333 0.629630
17 0.500000 0.516667 0.615385 0.633333
35 0.481481 0.500000 0.592593 0.615385
3 0.518519 0.517857 0.592593 0.607143
25 0.500000 0.515152 0.705882 0.666667
4 0.517857 0.516667 0.607143 0.633333
12 0.500000 0.512500 0.743590 0.725000
38 0.500000 0.500000 0.722222 0.722222
9 0.517857 0.500000 0.607143 0.629630
