5 0.500000 0.517857 0.629630 0.607143
11 0.500000 0.500000 0.722222 0.692308
3 0.500000 0.489583 0.750000 0.770833
4 0.500000 0.516667 0.655172 0.633333
10 0.500000 0.500000 0.666667 0.555556
8 0.516667 0.500000 0.633333 0.677419
18 0.500000 0.500000 0.795918 0.795918
17 0.518519 0.500000 0.592593 0.642857
7 0.500000 0.514706 0.677419 0.676471
1 0.484848 0.500000 0.666667 0.647059
25 0.517857 0.500000 0.607143 0.615385
2 0.517241 0.517857 0.620690 0.607143
13 0.513889 0.500000 0.694444 0.696970
12 0.500000 0.500000 0.666667 0.705882
9 0.500000 0.513889 0.714286 0.694444
35 0.500000 0.517241 0.642857 0.620690
