9 0.500000 0.500000 0.827586 0.827586
1 0.500000 0.500000 0.777778 0.744681
4 0.510870 0.500000 0.760870 0.777778
7 0.500000 0.500000 0.772727 0.767442
5 0.512500 0.513514 0.725000 0.702703
2 0.500000 0.500000 0.777778 0.777778
12 0.506667 0.500000 0.826667 0.837838
35 0.490566 0.491228 0.792453 0.807018
25 0.500000 0.510000 0.811321 0.780000
10 0.511905 0.487179 0.738095 0.717949
3 0.500000 0.500000 0.787234 0.787234
13 0.508621 0.508621 0.810345 0.810345
38 0.508929 0.508621 0.803571 0.810345
