11 0.500000 0.500000 0.750000 0.736842
1 0.509804 0.509615 0.784314 0.788462
9 0.500000 0.500000 0.756098 0.756098
38 0.513158 0.500000 0.710526 0.736842
4 0.500000 0.500000 0.791667 0.791667
2 0.500000 0.500000 0.714286 0.722222
7 0.500000 0.500000 0.736842 0.736842
12 0.500000 0.509804 0.800000 0.784314
25 0.500000 0.511905 0.777778 0.738095
13 0.511905 0.513514 0.738095 0.702703
18 0.500000 0.510000 0.814815 0.780000
3 0.500000 0.512821 0.736842 0.717949
8 0.512195 0.511628 0.731707 0.744186
