4 0.500000 0.500000 0.807692 0.803922
25 0.500000 0.500000 0.835294 0.842105
10 0.512195 0.512195 0.731707 0.731707
8 0.500000 0.500000 0.729730 0.722222
38 0.500000 0.500000 0.736842 0.761905
12 0.500000 0.500000 0.756098 0.756098
35 0.500000 0.511111 0.782609 0.755556
3 0.510000 0.509615 0.780000 0.788462
13 0.508333 0.509091 0.816667 0.800000
18 0.500000 0.509434 0.785714 0.792453
7 0.486486 0.486486 0.702703 0.702703
17 0.490566 0.491228 0.792453 0.807018
9 0.511628 0.511364 0.744186 0.750000
