35 0.512821 0.488372 0.717949 0.744186
17 0.512195 0.511628 0.731707 0.744186
7 0.512195 0.511364 0.731707 0.750000
8 0.500000 0.508929 0.807692 0.803571
13 0.511364 0.500000 0.750000 0.756098
3 0.500000 0.500000 0.787234 0.787234
1 0.500000 0.509615 0.803922 0.788462
4 0.500000 0.500000 0.772727 0.767442
2 0.500000 0.500000 0.791667 0.791667
12 0.500000 0.500000 0.829787 0.826087
25 0.500000 0.500000 0.831325 0.835616
11 0.506757 0.492308 0.824324 0.830769
18 0.500000 0.500000 0.814815 0.800000
38 0.500000 0.510638 0.767442 0.765957
