4 0.510870 0.510870 0.760870 0.760870
8 0.500000 0.500000 0.736842 0.743590
9 0.500000 0.500000 0.767442 0.777778
1 0.500000 0.512500 0.736842 0.725000
18 0.508475 0.500000 0.813559 0.827586
3 0.510870 0.510638 0.760870 0.765957
2 0.500000 0.507246 0.802817 0.811594
35 0.500000 0.511905 0.707317 0.738095
10 0.512195 0.511905 0.731707 0.738095
25 0.509434 0.500000 0.792453 0.755102
38 0.500000 0.510870 0.777778 0.760870
5 0.512500 0.500000 0.725000 0.750000
12 0.500000 0.500000 0.807692 0.807692
