13 0.500000 0.500000 0.696970 0.696970
10 0.500000 0.517241 0.642857 0.620690
12 0.500000 0.500000 0.687500 0.705882
5 0.500000 0.517241 0.642857 0.620690
18 0.500000 0.481481 0.600000 0.592593
9 0.500000 0.500000 0.629630 0.655172
1 0.500000 0.513889 0.642857 0.694444
3 0.500000 0.517857 0.615385 0.607143
17 0.500000 0.511364 0.756098 0.750000
4 0.500000 0.516129 0.666667 0.645161
7 0.517857 0.481481 0.607143 0.592593
35 0.500000 0.518519 0.615385 0.592593
8 0.481481 0.518519 0.592593 0.592593
