3 0.500000 0.511111 0.803922 0.755556
2 0.500000 0.509259 0.811321 0.796296
11 0.506494 0.506098 0.831169 0.817073
17 0.500000 0.513514 0.629630 0.702703
12 0.500000 0.500000 0.842105 0.842105
9 0.500000 0.507143 0.826087 0.814286
13 0.500000 0.500000 0.818182 0.814815
7 0.509615 0.500000 0.788462 0.795918
18 0.506098 0.505882 0.817073 0.823529
8 0.500000 0.500000 0.841270 0.841270
5 0.489796 0.500000 0.775510 0.755102
35 0.500000 0.510000 0.800000 0.780000
38 0.500000 0.500000 0.829268 0.831325
25 0.491525 0.490741 0.813559 0.796296
1 0.508929 0.500000 0.803571 0.814815
10 0.500000 0.512500 0.739130 0.725000
