7 0.500000 0.516129 0.666667 0.645161
10 0.485714 0.485714 0.685714 0.685714
9 0.500000 0.516129 0.666667 0.645161
1 0.500000 0.500000 0.684211 0.684211
13 0.500000 0.515625 0.696970 0.656250
38 0.511364 0.500000 0.750000 0.767442
17 0.500000 0.486486 0.657143 0.702703
11 0.500000 0.500000 0.800000 0.791667
4 0.515152 0.514706 0.666667 0.676471
3 0.500000 0.484375 0.612903 0.656250
18 0.511628 0.500000 0.744186 0.736842
35 0.500000 0.516129 0.625000 0.645161
8 0.500000 0.515625 0.677419 0.656250
