7 0.500000 0.500000 0.642857 0.629630
17 0.511111 0.500000 0.755556 0.782609
35 0.500000 0.517857 0.615385 0.607143
13 0.500000 0.500000 0.729730 0.714286
25 0.509091 0.510000 0.800000 0.780000
10 0.500000 0.500000 0.666667 0.666667
5 0.516129 0.500000 0.645161 0.666667
1 0.500000 0.500000 0.687500 0.743590
38 0.516129 0.514706 0.645161 0.676471
18 0.500000 0.500000 0.687500 0.666667
4 0.500000 0.500000 0.687500 0.687500
12 0.514706 0.500000 0.676471 0.696970
8 0.500000 0.517857 0.629630 0.607143
