7 0.500000 0.508065 0.830508 0.822581
10 0.493976 0.500000 0.819277 0.837838
12 0.508197 0.500000 0.819672 0.833333
3 0.507042 0.507042 0.816901 0.816901
4 0.500000 0.500000 0.833333 0.826087
13 0.503425 0.500000 0.828767 0.830986
35 0.500000 0.492188 0.820896 0.828125
5 0.505051 0.504762 0.828283 0.819048
38 0.500000 0.500000 0.840000 0.822785
9 0.504717 0.504808 0.820755 0.817308
18 0.495370 0.505376 0.824074 0.817204
8 0.500000 0.508333 0.830508 0.816667
11 0.503546 0.503759 0.822695 0.827068
17 0.500000 0.500000 0.736842 0.743590
2 0.506579 0.500000 0.828947 0.840000
