9 0.500000 0.509615 0.781818 0.788462
35 0.500000 0.508621 0.814815 0.810345
5 0.500000 0.511628 0.750000 0.744186
12 0.500000 0.508333 0.803922 0.816667
7 0.509091 0.509091 0.800000 0.800000
18 0.505155 0.500000 0.824742 0.835294
13 0.500000 0.492308 0.840000 0.830769
10 0.511364 0.500000 0.750000 0.761905
11 0.500000 0.500000 0.826087 0.826087
25 0.507937 0.508621 0.825397 0.810345
38 0.500000 0.509615 0.772727 0.788462
8 0.500000 0.511905 0.750000 0.738095
2 0.500000 0.513158 0.714286 0.710526
4 0.500000 0.500000 0.803922 0.800000
