5 0.500000 0.500000 0.843750 0.826087
12 0.500000 0.500000 0.824176 0.824176
7 0.492188 0.500000 0.828125 0.820896
35 0.491667 0.500000 0.816667 0.812500
18 0.507692 0.508333 0.830769 0.816667
3 0.500000 0.500000 0.829787 0.831776
10 0.500000 0.506849 0.829268 0.821918
4 0.509804 0.509615 0.784314 0.788462
25 0.500000 0.504630 0.836364 0.824074
13 0.500000 0.500000 0.833333 0.807692
38 0.504464 0.504464 0.830357 0.830357
8 0.503650 0.503448 0.832117 0.827586
17 0.510204 0.500000 0.775510 0.807692
