1 0.500000 0.500000 0.800000 0.800000
17 0.500000 0.488889 0.720930 0.755556
13 0.500000 0.512821 0.756098 0.717949
11 0.500000 0.500000 0.837838 0.826087
10 0.511628 0.500000 0.744186 0.756098
4 0.513514 0.500000 0.702703 0.722222
7 0.500000 0.500000 0.692308 0.736842
35 0.500000 0.500000 0.729730 0.736842
25 0.500000 0.500000 0.807692 0.795918
2 0.500000 0.500000 0.743590 0.761905
9 0.500000 0.500000 0.657143 0.705882
18 0.489362 0.500000 0.765957 0.767442
38 0.508621 0.508621 0.810345 0.810345
