18 0.490385 0.500000 0.788462 0.795918
25 0.505814 0.500000 0.825581 0.842105
2 0.500000 0.500000 0.744681 0.707317
17 0.509434 0.491071 0.792453 0.803571
4 0.500000 0.510204 0.800000 0.775510
13 0.500000 0.509615 0.821429 0.788462
8 0.500000 0.513889 0.722222 0.694444
38 0.513158 0.500000 0.710526 0.750000
12 0.500000 0.511905 0.756098 0.738095
7 0.500000 0.500000 0.714286 0.714286
5 0.511628 0.500000 0.744186 0.761905
11 0.500000 0.500000 0.714286 0.722222
9 0.500000 0.500000 0.750000 0.756098
35 0.500000 0.511905 0.733333 0.738095
