4 0.511628 0.511628 0.744186 0.744186
35 0.510417 0.490566 0.770833 0.792453
18 0.500000 0.500000 0.814815 0.814815
2 0.512195 0.511905 0.731707 0.738095
3 0.500000 0.500000 0.767442 0.767442
25 0.510638 0.512195 0.765957 0.731707
38 0.509804 0.500000 0.784314 0.803922
7 0.500000 0.500000 0.743590 0.743590
13 0.510000 0.500000 0.780000 0.795918
8 0.500000 0.512500 0.743590 0.725000
12 0.500000 0.500000 0.843750 0.843750
11 0.512195 0.489130 0.731707 0.760870
1 0.500000 0.500000 0.750000 0.750000
9 0.500000 0.510204 0.791667 0.775510
