25 0.500000 0.500000 0.833333 0.814815
17 0.500000 0.500000 0.642857 0.729730
2 0.500000 0.508929 0.818182 0.803571
7 0.500000 0.509615 0.811321 0.788462
11 0.500000 0.493902 0.807229 0.817073
10 0.500000 0.500000 0.782609 0.750000
13 0.508197 0.500000 0.819672 0.824561
3 0.500000 0.510000 0.814815 0.780000
9 0.506757 0.500000 0.824324 0.835616
35 0.509259 0.509615 0.796296 0.788462
12 0.506098 0.506098 0.817073 0.817073
18 0.500000 0.505747 0.833333 0.827586
5 0.500000 0.510000 0.800000 0.780000
1 0.508772 0.508929 0.807018 0.803571
38 0.505814 0.505682 0.825581 0.829545
8 0.507143 0.500000 0.814286 0.826087
4 0.492754 0.500000 0.811594 0.823529
