17 0.508475 0.500000 0.813559 0.815385
13 0.505435 0.500000 0.815217 0.831325
9 0.508621 0.508475 0.810345 0.813559
12 0.510417 0.500000 0.770833 0.787234
7 0.500000 0.500000 0.761905 0.767442
35 0.492754 0.500000 0.811594 0.836066
25 0.495495 0.504762 0.828829 0.819048
38 0.500000 0.509804 0.777778 0.784314
1 0.493902 0.500000 0.817073 0.836735
4 0.505952 0.500000 0.821429 0.831325
18 0.495050 0.505263 0.831683 0.821053
8 0.511111 0.500000 0.755556 0.767442
10 0.509804 0.500000 0.784314 0.800000
3 0.500000 0.500000 0.802469 0.829268
