5 0.500000 0.480769 0.615385 0.576923
13 0.500000 0.513889 0.722222 0.694444
10 0.483333 0.500000 0.633333 0.600000
1 0.516129 0.500000 0.645161 0.666667
38 0.511364 0.500000 0.750000 0.772727
35 0.517241 0.500000 0.620690 0.642857
18 0.511628 0.511905 0.744186 0.738095
9 0.500000 0.500000 0.696970 0.696970
4 0.516667 0.500000 0.633333 0.655172
17 0.500000 0.500000 0.615385 0.666667
12 0.500000 0.512821 0.736842 0.717949
7 0.517241 0.517241 0.620690 0.620690
3 0.500000 0.517241 0.629630 0.620690
11 0.500000 0.489583 0.744681 0.770833
8 0.515625 0.515625 0.656250 0.656250
