11 0.506849 0.506849 0.821918 0.821918
12 0.510638 0.510417 0.765957 0.770833
18 0.500000 0.500000 0.800000 0.777778
4 0.500000 0.510417 0.782609 0.770833
2 0.510870 0.500000 0.760870 0.777778
13 0.500000 0.506024 0.842105 0.819277
25 0.510417 0.500000 0.770833 0.761905
35 0.500000 0.500000 0.743590 0.736842
5 0.510204 0.500000 0.775510 0.760000
1 0.512821 0.500000 0.717949 0.743590
38 0.511628 0.500000 0.744186 0.767442
7 0.511628 0.500000 0.744186 0.761905
10 0.500000 0.511628 0.777778 0.744186
