3 0.486486 0.487179 0.702703 0.717949
12 0.500000 0.509615 0.803922 0.788462
2 0.486486 0.500000 0.702703 0.736842
13 0.513514 0.514706 0.702703 0.676471
35 0.500000 0.513889 0.705882 0.694444
18 0.500000 0.500000 0.772727 0.750000
4 0.514706 0.514286 0.676471 0.685714
8 0.513514 0.513158 0.702703 0.710526
10 0.512821 0.500000 0.717949 0.700000
17 0.500000 0.488095 0.700000 0.738095
7 0.514706 0.500000 0.676471 0.696970
25 0.510638 0.511111 0.765957 0.755556
38 0.500000 0.510000 0.795918 0.780000
