3 0.511364 0.500000 0.750000 0.782609
35 0.500000 0.509259 0.760000 0.796296
13 0.509259 0.509259 0.796296 0.796296
1 0.500000 0.512195 0.750000 0.731707
2 0.500000 0.500000 0.761905 0.767442
7 0.512195 0.512195 0.731707 0.731707
10 0.486842 0.513158 0.710526 0.710526
9 0.500000 0.509804 0.769231 0.784314
25 0.510204 0.500000 0.775510 0.772727
11 0.500000 0.500000 0.761905 0.777778
38 0.509434 0.500000 0.792453 0.811321
5 0.500000 0.500000 0.729730 0.705882
4 0.500000 0.511111 0.772727 0.755556
12 0.506944 0.500000 0.819444 0.830986
