4 0.500000 0.508772 0.821429 0.807018
38 0.508065 0.507937 0.822581 0.825397
25 0.500000 0.510638 0.769231 0.765957
12 0.500000 0.507937 0.807692 0.825397
13 0.500000 0.492647 0.822222 0.808824
18 0.500000 0.505435 0.824176 0.815217
11 0.505376 0.505682 0.817204 0.829545
1 0.500000 0.506849 0.830986 0.821918
8 0.489362 0.500000 0.765957 0.787234
7 0.507353 0.507246 0.808824 0.811594
5 0.511111 0.500000 0.755556 0.777778
3 0.494186 0.500000 0.825581 0.826087
17 0.513514 0.511905 0.702703 0.738095
