10 0.512195 0.513514 0.731707 0.702703
25 0.490741 0.489583 0.796296 0.770833
11 0.500000 0.507143 0.802817 0.814286
8 0.509615 0.509615 0.788462 0.788462
2 0.510870 0.510870 0.760870 0.760870
12 0.500000 0.508197 0.833333 0.819672
5 0.511628 0.500000 0.744186 0.756098
35 0.500000 0.500000 0.767442 0.761905
38 0.500000 0.500000 0.823529 0.826087
17 0.500000 0.514286 0.615385 0.685714
9 0.500000 0.490909 0.785714 0.800000
18 0.492754 0.500000 0.811594 0.826087
7 0.500000 0.500000 0.767442 0.750000
