5 0.513889 0.500000 0.694444 0.722222
12 0.506849 0.506849 0.821918 0.821918
38 0.500000 0.513158 0.714286 0.710526
4 0.513158 0.513158 0.710526 0.710526
9 0.513514 0.513889 0.702703 0.694444
35 0.513158 0.512500 0.710526 0.725000
11 0.508772 0.509434 0.807018 0.792453
3 0.500000 0.486842 0.684211 0.710526
8 0.511364 0.511111 0.750000 0.755556
18 0.511111 0.512500 0.755556 0.725000
13 0.512500 0.500000 0.725000 0.692308
10 0.513158 0.514286 0.710526 0.685714
2 0.500000 0.500000 0.743590 0.750000
1 0.512195 0.512195 0.731707 0.731707
