1 0.500000 0.484848 0.647059 0.666667
10 0.515625 0.500000 0.656250 0.655172
7 0.500000 0.500000 0.687500 0.714286
4 0.500000 0.500000 0.677419 0.677419
11 0.511905 0.512195 0.738095 0.731707
12 0.508475 0.491525 0.813559 0.813559
18 0.512821 0.513889 0.717949 0.694444
8 0.500000 0.486842 0.714286 0.710526
2 0.500000 0.514706 0.687500 0.676471
5 0.500000 0.500000 0.612903 0.636364
13 0.513889 0.500000 0.694444 0.657143
9 0.500000 0.516667 0.655172 0.633333
38 0.516667 0.500000 0.633333 0.655172
3 0.500000 0.500000 0.677419 0.677419
