12 0.514286 0.500000 0.685714 0.729730
35 0.500000 0.516129 0.666667 0.645161
9 0.500000 0.500000 0.729730 0.729730
1 0.500000 0.513514 0.722222 0.702703
3 0.509804 0.500000 0.784314 0.807692
10 0.515625 0.500000 0.656250 0.629630
11 0.487805 0.488095 0.731707 0.738095
17 0.517241 0.500000 0.620690 0.655172
18 0.500000 0.500000 0.803922 0.803922
25 0.500000 0.516667 0.666667 0.633333
5 0.482759 0.500000 0.620690 0.655172
2 0.515152 0.500000 0.666667 0.666667
7 0.500000 0.485714 0.705882 0.685714
13 0.487805 0.486486 0.731707 0.702703
4 0.515625 0.500000 0.656250 0.696970
