38 0.500000 0.511905 0.750000 0.738095
11 0.485714 0.500000 0.685714 0.684211
7 0.516667 0.500000 0.633333 0.666667
8 0.515152 0.515152 0.666667 0.666667
13 0.512500 0.500000 0.725000 0.743590
18 0.500000 0.500000 0.761905 0.761905
4 0.514706 0.500000 0.676471 0.696970
12 0.510870 0.500000 0.760870 0.777778
1 0.517857 0.517857 0.607143 0.607143
2 0.515152 0.515152 0.666667 0.666667
10 0.500000 0.500000 0.655172 0.642857
25 0.514706 0.500000 0.676471 0.666667
5 0.516129 0.500000 0.645161 0.642857
