18 0.500000 0.506173 0.842105 0.814815
4 0.508333 0.500000 0.816667 0.830508
10 0.511364 0.500000 0.750000 0.736842
2 0.510000 0.510000 0.780000 0.780000
1 0.490566 0.500000 0.792453 0.803922
5 0.489362 0.500000 0.765957 0.744681
25 0.500000 0.500000 0.824561 0.807692
3 0.510204 0.500000 0.775510 0.767442
7 0.510204 0.500000 0.775510 0.782609
13 0.509434 0.509615 0.792453 0.788462
38 0.500000 0.500000 0.822785 0.825000
9 0.507812 0.507812 0.828125 0.828125
35 0.500000 0.510417 0.791667 0.770833
12 0.500000 0.500000 0.828571 0.828571
