12 0.510000 0.500000 0.780000 0.795918
10 0.512500 0.512195 0.725000 0.731707
38 0.500000 0.500000 0.767442 0.767442
35 0.512500 0.500000 0.725000 0.707317
11 0.500000 0.500000 0.835616 0.818182
3 0.511364 0.500000 0.750000 0.772727
13 0.500000 0.508621 0.838710 0.810345
8 0.513158 0.500000 0.710526 0.761905
18 0.508621 0.500000 0.810345 0.824561
2 0.507692 0.507692 0.830769 0.830769
5 0.487179 0.500000 0.717949 0.743590
9 0.511628 0.500000 0.744186 0.767442
7 0.511628 0.511628 0.744186 0.744186
25 0.500000 0.510870 0.764706 0.760870
