13 0.500000 0.500000 0.666667 0.642857
3 0.500000 0.500000 0.629630 0.642857
12 0.513889 0.513889 0.694444 0.694444
7 0.516667 0.500000 0.633333 0.655172
8 0.500000 0.500000 0.677419 0.666667
38 0.516129 0.516129 0.645161 0.645161
11 0.483871 0.500000 0.645161 0.600000
25 0.517241 0.500000 0.620690 0.615385
4 0.514706 0.500000 0.676471 0.696970
35 0.500000 0.500000 0.677419 0.677419
2 0.500000 0.500000 0.629630 0.629630
18 0.500000 0.500000 0.736842 0.722222
1 0.513514 0.500000 0.702703 0.714286
