12 0.515625 0.513514 0.656250 0.702703
5 0.517241 0.517241 0.620690 0.620690
7 0.514706 0.514706 0.676471 0.676471
9 0.513889 0.513889 0.694444 0.694444
18 0.500000 0.510000 0.795918 0.780000
17 0.500000 0.516667 0.642857 0.633333
3 0.500000 0.509615 0.769231 0.788462
13 0.500000 0.500000 0.700000 0.675676
4 0.500000 0.500000 0.677419 0.687500
8 0.500000 0.500000 0.612903 0.677419
10 0.500000 0.500000 0.625000 0.615385
11 0.500000 0.487500 0.700000 0.725000
35 0.500000 0.516667 0.655172 0.633333
1 0.514286 0.500000 0.685714 0.705882
