13 0.496154 0.500000 0.823077 0.833333
17 0.512500 0.511628 0.725000 0.744186
8 0.509434 0.500000 0.792453 0.811321
1 0.505263 0.500000 0.821053 0.833333
38 0.506579 0.500000 0.828947 0.822785
3 0.505102 0.500000 0.826531 0.836364
5 0.500000 0.500000 0.769231 0.773585
25 0.491667 0.500000 0.816667 0.789474
35 0.508772 0.500000 0.807018 0.827586
18 0.505319 0.500000 0.819149 0.827957
7 0.505682 0.494318 0.829545 0.829545
9 0.506173 0.500000 0.814815 0.825000
11 0.500000 0.504310 0.831933 0.818966
4 0.506849 0.506579 0.821918 0.828947
2 0.500000 0.500000 0.830508 0.818182
12 0.506944 0.500000 0.819444 0.827160
