17 0.500000 0.514706 0.687500 0.676471
25 0.500000 0.500000 0.803922 0.791667
1 0.488095 0.511905 0.738095 0.738095
13 0.500000 0.500000 0.796610 0.811321
35 0.500000 0.500000 0.782609 0.791667
38 0.500000 0.511111 0.736842 0.755556
11 0.491228 0.508772 0.807018 0.807018
18 0.506250 0.500000 0.812500 0.823529
9 0.500000 0.511364 0.777778 0.750000
12 0.500000 0.500000 0.787234 0.814815
5 0.513889 0.500000 0.694444 0.729730
7 0.500000 0.511111 0.777778 0.755556
2 0.500000 0.500000 0.705882 0.722222
10 0.513514 0.513514 0.702703 0.702703
8 0.513889 0.500000 0.694444 0.722222
4 0.511111 0.500000 0.755556 0.772727
3 0.487179 0.487179 0.717949 0.717949
