9 0.515625 0.515152 0.656250 0.666667
7 0.500000 0.500000 0.655172 0.625000
3 0.500000 0.500000 0.666667 0.687500
12 0.500000 0.513514 0.714286 0.702703
5 0.500000 0.500000 0.642857 0.642857
4 0.516129 0.500000 0.645161 0.666667
1 0.500000 0.500000 0.615385 0.571429
10 0.516129 0.517241 0.645161 0.620690
13 0.511628 0.500000 0.744186 0.787234
38 0.500000 0.500000 0.642857 0.666667
35 0.482759 0.500000 0.620690 0.586207
18 0.500000 0.517857 0.666667 0.607143
17 0.500000 0.500000 0.615385 0.615385
