12 0.506579 0.506579 0.828947 0.828947
1 0.511905 0.500000 0.738095 0.756098
3 0.500000 0.512500 0.743590 0.725000
9 0.513158 0.500000 0.710526 0.684211
35 0.500000 0.500000 0.729730 0.743590
17 0.500000 0.512821 0.722222 0.717949
5 0.500000 0.500000 0.675676 0.722222
13 0.512500 0.486842 0.725000 0.710526
2 0.512500 0.512195 0.725000 0.731707
7 0.513514 0.500000 0.702703 0.750000
8 0.500000 0.500000 0.777778 0.787234
18 0.500000 0.500000 0.744681 0.714286
4 0.500000 0.500000 0.729730 0.736842
10 0.486842 0.500000 0.710526 0.714286
