18 0.508772 0.500000 0.807018 0.803922
9 0.500000 0.500000 0.756098 0.756098
4 0.510417 0.500000 0.770833 0.787234
38 0.500000 0.500000 0.743590 0.750000
10 0.500000 0.512821 0.736842 0.717949
2 0.500000 0.486842 0.722222 0.710526
7 0.512500 0.512500 0.725000 0.725000
3 0.511905 0.500000 0.738095 0.756098
5 0.500000 0.500000 0.657143 0.666667
8 0.511628 0.500000 0.744186 0.772727
11 0.511905 0.500000 0.738095 0.707317
25 0.500000 0.500000 0.777778 0.756098
13 0.510870 0.512821 0.760870 0.717949
35 0.510870 0.510870 0.760870 0.760870
