10 0.500000 0.518519 0.666667 0.592593
13 0.513158 0.485714 0.710526 0.685714
35 0.517241 0.517241 0.620690 0.620690
3 0.500000 0.500000 0.760000 0.795918
4 0.500000 0.516129 0.655172 0.645161
11 0.500000 0.512821 0.729730 0.717949
18 0.510000 0.510000 0.780000 0.780000
2 0.516667 0.517241 0.633333 0.620690
8 0.500000 0.500000 0.655172 0.677419
17 0.500000 0.500000 0.642857 0.655172
38 0.500000 0.500000 0.696970 0.696970
1 0.514706 0.485294 0.676471 0.676471
9 0.500000 0.513889 0.714286 0.694444
12 0.515625 0.500000 0.656250 0.722222
