12 0.506579 0.500000 0.828947 0.840000
2 0.500000 0.509615 0.791667 0.788462
9 0.512500 0.487805 0.725000 0.731707
11 0.500000 0.500000 0.836066 0.834862
35 0.510000 0.509434 0.780000 0.792453
5 0.509259 0.500000 0.796296 0.818182
38 0.505882 0.500000 0.823529 0.833333
25 0.506098 0.500000 0.817073 0.842105
7 0.509615 0.500000 0.788462 0.807692
4 0.500000 0.500000 0.772727 0.777778
8 0.494048 0.500000 0.821429 0.820225
18 0.508772 0.509434 0.807018 0.792453
10 0.500000 0.500000 0.827586 0.818182
