9 0.500000 0.500000 0.795918 0.803922
3 0.507353 0.507246 0.808824 0.811594
38 0.500000 0.500000 0.833333 0.833333
13 0.500000 0.500000 0.839080 0.827160
35 0.500000 0.509615 0.791667 0.788462
25 0.507143 0.508197 0.814286 0.819672
4 0.509434 0.500000 0.792453 0.807692
18 0.505747 0.500000 0.827586 0.837209
2 0.500000 0.500000 0.837209 0.833333
10 0.500000 0.500000 0.760000 0.769231
1 0.500000 0.510870 0.767442 0.760870
11 0.500000 0.505882 0.827957 0.823529
7 0.500000 0.500000 0.811321 0.811321
8 0.511905 0.511364 0.738095 0.750000
