1 0.506849 0.500000 0.821918 0.822785
18 0.493421 0.507042 0.828947 0.816901
7 0.510000 0.500000 0.780000 0.795918
11 0.508929 0.500000 0.803571 0.803922
9 0.500000 0.500000 0.756098 0.756098
5 0.512195 0.511905 0.731707 0.738095
2 0.500000 0.510417 0.750000 0.770833
13 0.500000 0.500000 0.827586 0.807692
38 0.500000 0.500000 0.800000 0.803922
25 0.506849 0.500000 0.821918 0.843750
10 0.500000 0.509259 0.803922 0.796296
3 0.508772 0.500000 0.807018 0.827586
4 0.500000 0.500000 0.826087 0.826087
35 0.506944 0.500000 0.819444 0.833333
