1 0.500000 0.500000 0.825243 0.829060
11 0.503226 0.500000 0.825806 0.820896
3 0.504950 0.504717 0.831683 0.820755
4 0.500000 0.504505 0.830508 0.828829
10 0.500000 0.507692 0.843750 0.830769
9 0.507246 0.500000 0.811594 0.826087
12 0.500000 0.509259 0.818182 0.796296
8 0.500000 0.500000 0.791667 0.787234
35 0.500000 0.506849 0.842105 0.821918
17 0.500000 0.500000 0.836066 0.828571
25 0.500000 0.500000 0.833333 0.811966
38 0.500000 0.508929 0.800000 0.803571
2 0.491935 0.500000 0.822581 0.785714
