4 0.514706 0.500000 0.676471 0.696970
3 0.500000 0.516129 0.655172 0.645161
5 0.515625 0.500000 0.656250 0.687500
11 0.500000 0.483333 0.642857 0.633333
9 0.516667 0.500000 0.633333 0.666667
7 0.500000 0.482759 0.642857 0.620690
17 0.500000 0.500000 0.744681 0.787234
2 0.500000 0.484848 0.722222 0.666667
38 0.500000 0.514286 0.677419 0.685714
12 0.500000 0.514286 0.705882 0.685714
10 0.516129 0.516129 0.645161 0.645161
25 0.508772 0.500000 0.807018 0.803922
1 0.500000 0.500000 0.696970 0.756098
13 0.500000 0.500000 0.700000 0.729730
8 0.500000 0.517857 0.586207 0.607143
