38 0.517857 0.517241 0.607143 0.620690
35 0.500000 0.500000 0.615385 0.600000
1 0.519231 0.500000 0.576923 0.615385
10 0.500000 0.480769 0.629630 0.576923
13 0.500000 0.513158 0.714286 0.710526
12 0.500000 0.500000 0.687500 0.696970
8 0.500000 0.500000 0.677419 0.677419
2 0.515152 0.500000 0.666667 0.687500
5 0.518519 0.500000 0.592593 0.629630
7 0.500000 0.516667 0.642857 0.633333
18 0.500000 0.519231 0.642857 0.576923
17 0.500000 0.500000 0.615385 0.615385
3 0.516667 0.500000 0.633333 0.655172
