35 0.500000 0.512195 0.743590 0.731707
38 0.508333 0.508333 0.816667 0.816667
18 0.510417 0.500000 0.770833 0.739130
3 0.511111 0.500000 0.755556 0.787234
10 0.511364 0.511628 0.750000 0.744186
2 0.500000 0.500000 0.743590 0.727273
12 0.500000 0.508065 0.836066 0.822581
11 0.500000 0.506667 0.829268 0.826667
17 0.488095 0.488889 0.738095 0.755556
13 0.511364 0.500000 0.750000 0.736842
9 0.513889 0.513889 0.694444 0.694444
25 0.500000 0.509804 0.811321 0.784314
1 0.490566 0.509434 0.792453 0.792453
8 0.500000 0.500000 0.777778 0.791667
7 0.500000 0.487500 0.700000 0.725000
5 0.512195 0.488095 0.731707 0.738095
