8 0.515152 0.500000 0.666667 0.687500
13 0.500000 0.500000 0.743590 0.743590
2 0.500000 0.515152 0.696970 0.666667
35 0.500000 0.500000 0.736842 0.767442
10 0.500000 0.500000 0.612903 0.600000
7 0.483333 0.500000 0.633333 0.625000
38 0.511905 0.511628 0.738095 0.744186
5 0.500000 0.500000 0.666667 0.642857
25 0.514286 0.500000 0.685714 0.677419
4 0.500000 0.514706 0.696970 0.676471
1 0.517241 0.500000 0.620690 0.642857
12 0.500000 0.510417 0.787234 0.770833
11 0.500000 0.513158 0.705882 0.710526
