25 0.500000 0.516667 0.666667 0.633333
11 0.500000 0.508772 0.807692 0.807018
9 0.500000 0.500000 0.647059 0.696970
1 0.500000 0.500000 0.586207 0.642857
35 0.516667 0.500000 0.633333 0.600000
5 0.482759 0.500000 0.620690 0.600000
8 0.500000 0.500000 0.636364 0.677419
2 0.500000 0.514286 0.705882 0.685714
38 0.500000 0.500000 0.642857 0.655172
4 0.516129 0.516129 0.645161 0.645161
3 0.516129 0.500000 0.645161 0.687500
18 0.516129 0.482143 0.645161 0.607143
17 0.500000 0.517857 0.629630 0.607143
10 0.516129 0.482759 0.645161 0.620690
