2 0.500000 0.511111 0.787234 0.755556
35 0.510638 0.500000 0.765957 0.787234
13 0.500000 0.508621 0.825000 0.810345
7 0.500000 0.500000 0.821429 0.827586
18 0.500000 0.506098 0.827160 0.817073
5 0.500000 0.488372 0.756098 0.744186
11 0.506494 0.493333 0.831169 0.826667
25 0.489130 0.488372 0.760870 0.744186
1 0.491935 0.500000 0.822581 0.812500
3 0.500000 0.505814 0.822785 0.825581
17 0.500000 0.512821 0.705882 0.717949
4 0.509804 0.500000 0.784314 0.803922
12 0.510417 0.508772 0.770833 0.807018
