10 0.500000 0.516667 0.687500 0.633333
8 0.500000 0.500000 0.743590 0.743590
18 0.500000 0.500000 0.807692 0.807692
9 0.500000 0.511905 0.756098 0.738095
25 0.510870 0.500000 0.760870 0.720930
3 0.500000 0.500000 0.696970 0.705882
5 0.514706 0.500000 0.676471 0.696970
38 0.508929 0.500000 0.803571 0.811321
12 0.511111 0.500000 0.755556 0.772727
4 0.500000 0.500000 0.729730 0.729730
1 0.513158 0.513158 0.710526 0.710526
2 0.500000 0.514286 0.714286 0.685714
35 0.500000 0.500000 0.687500 0.696970
13 0.511905 0.500000 0.738095 0.750000
17 0.500000 0.500000 0.629630 0.696970
