5 0.500000 0.500000 0.814815 0.811321
38 0.500000 0.500000 0.824176 0.827957
9 0.500000 0.506173 0.825000 0.814815
11 0.500000 0.500000 0.824176 0.837209
7 0.500000 0.508929 0.824561 0.803571
3 0.500000 0.500000 0.830508 0.824561
35 0.500000 0.508929 0.824561 0.803571
1 0.508197 0.500000 0.819672 0.830508
8 0.500000 0.500000 0.833333 0.833333
4 0.506667 0.506757 0.826667 0.824324
13 0.507937 0.508333 0.825397 0.816667
18 0.500000 0.494681 0.826087 0.819149
2 0.508929 0.508929 0.803571 0.803571
25 0.500000 0.500000 0.812500 0.818182
12 0.505263 0.505263 0.821053 0.821053
