2 0.500000 0.500000 0.772727 0.756098
17 0.514286 0.500000 0.685714 0.736842
13 0.506944 0.509434 0.819444 0.792453
11 0.500000 0.500000 0.826087 0.820896
18 0.500000 0.500000 0.830986 0.830986
4 0.500000 0.500000 0.782609 0.787234
25 0.487500 0.500000 0.725000 0.736842
5 0.512500 0.500000 0.725000 0.750000
10 0.500000 0.511905 0.791667 0.738095
3 0.500000 0.500000 0.837838 0.818182
8 0.487805 0.488095 0.731707 0.738095
38 0.509615 0.509804 0.788462 0.784314
35 0.511364 0.511364 0.750000 0.750000
12 0.511111 0.500000 0.755556 0.807692
9 0.500000 0.490385 0.773585 0.788462
1 0.500000 0.491071 0.814815 0.803571
