35 0.506849 0.500000 0.821918 0.820896
11 0.503546 0.504167 0.822695 0.825000
25 0.500000 0.504545 0.830508 0.827273
8 0.500000 0.500000 0.750000 0.777778
9 0.500000 0.507812 0.838710 0.828125
10 0.508197 0.500000 0.819672 0.833333
4 0.505155 0.500000 0.824742 0.831579
13 0.505155 0.500000 0.824742 0.840909
2 0.500000 0.500000 0.796610 0.769231
18 0.495935 0.500000 0.829268 0.839286
7 0.500000 0.500000 0.767442 0.767442
12 0.509615 0.500000 0.788462 0.795918
1 0.505376 0.504630 0.817204 0.824074
