13 0.500000 0.517857 0.655172 0.607143
25 0.517241 0.518519 0.620690 0.592593
38 0.516667 0.500000 0.633333 0.642857
1 0.500000 0.514706 0.705882 0.676471
5 0.480769 0.500000 0.576923 0.629630
12 0.514286 0.500000 0.685714 0.705882
11 0.516667 0.500000 0.633333 0.642857
9 0.500000 0.500000 0.756098 0.756098
10 0.500000 0.500000 0.642857 0.642857
18 0.512821 0.513889 0.717949 0.694444
3 0.500000 0.500000 0.615385 0.629630
35 0.500000 0.517241 0.642857 0.620690
4 0.500000 0.500000 0.655172 0.655172
2 0.500000 0.500000 0.555556 0.615385
