5 0.518519 0.500000 0.592593 0.642857
1 0.517857 0.483333 0.607143 0.633333
12 0.500000 0.513158 0.729730 0.710526
4 0.500000 0.517241 0.615385 0.620690
11 0.513158 0.500000 0.710526 0.729730
35 0.517857 0.500000 0.607143 0.615385
13 0.500000 0.500000 0.655172 0.629630
2 0.515625 0.484848 0.656250 0.666667
25 0.500000 0.515625 0.677419 0.656250
38 0.513889 0.500000 0.694444 0.714286
7 0.500000 0.517857 0.629630 0.607143
18 0.500000 0.515152 0.675676 0.666667
3 0.518519 0.500000 0.592593 0.571429
9 0.500000 0.517857 0.629630 0.607143
10 0.481481 0.500000 0.592593 0.642857
8 0.518519 0.500000 0.592593 0.615385
