5 0.513158 0.513158 0.710526 0.710526
10 0.515152 0.500000 0.666667 0.687500
2 0.512195 0.513889 0.731707 0.694444
12 0.500000 0.500000 0.714286 0.714286
9 0.500000 0.485714 0.705882 0.685714
38 0.500000 0.500000 0.696970 0.722222
25 0.500000 0.508065 0.800000 0.822581
8 0.500000 0.483871 0.625000 0.645161
17 0.509804 0.500000 0.784314 0.811321
13 0.510638 0.511111 0.765957 0.755556
7 0.515152 0.500000 0.666667 0.687500
1 0.486842 0.500000 0.710526 0.791667
35 0.500000 0.500000 0.657143 0.696970
18 0.500000 0.500000 0.700000 0.729730
11 0.500000 0.514706 0.687500 0.676471
