9 0.500000 0.500000 0.705882 0.687500
3 0.516667 0.515625 0.633333 0.656250
12 0.500000 0.500000 0.750000 0.782609
35 0.515625 0.484848 0.656250 0.666667
13 0.487805 0.486842 0.731707 0.710526
1 0.514706 0.514286 0.676471 0.685714
2 0.516667 0.500000 0.633333 0.677419
17 0.517241 0.500000 0.620690 0.655172
38 0.516667 0.500000 0.633333 0.696970
18 0.500000 0.509804 0.814815 0.784314
25 0.512500 0.500000 0.725000 0.736842
7 0.500000 0.500000 0.647059 0.647059
5 0.500000 0.484375 0.612903 0.656250
4 0.500000 0.514706 0.687500 0.676471
10 0.500000 0.500000 0.642857 0.629630
