11 0.500000 0.500000 0.677419 0.666667
3 0.500000 0.516667 0.642857 0.633333
1 0.513158 0.513158 0.710526 0.710526
4 0.500000 0.500000 0.696970 0.696970
2 0.500000 0.517241 0.600000 0.620690
10 0.500000 0.516667 0.655172 0.633333
13 0.500000 0.500000 0.714286 0.677419
25 0.500000 0.483333 0.636364 0.633333
12 0.512195 0.500000 0.731707 0.750000
8 0.500000 0.500000 0.696970 0.705882
5 0.517241 0.500000 0.620690 0.655172
9 0.500000 0.500000 0.756098 0.756098
18 0.511364 0.512500 0.750000 0.725000
38 0.516129 0.515625 0.645161 0.656250
7 0.515625 0.500000 0.656250 0.677419
