38 0.510417 0.500000 0.770833 0.803922
4 0.500000 0.510870 0.777778 0.760870
1 0.509091 0.500000 0.800000 0.814815
13 0.488889 0.500000 0.755556 0.761905
11 0.500000 0.500000 0.837838 0.828571
7 0.500000 0.500000 0.767442 0.782609
10 0.500000 0.500000 0.800000 0.787234
18 0.500000 0.490741 0.793103 0.796296
25 0.505814 0.500000 0.825581 0.837838
2 0.500000 0.500000 0.807692 0.811321
9 0.500000 0.510204 0.795918 0.775510
12 0.500000 0.500000 0.840000 0.833333
5 0.500000 0.511628 0.707317 0.744186
