12 0.510417 0.500000 0.770833 0.787234
18 0.511628 0.487179 0.744186 0.717949
35 0.484375 0.500000 0.656250 0.636364
25 0.511628 0.500000 0.744186 0.750000
10 0.485714 0.500000 0.685714 0.666667
2 0.514286 0.486486 0.685714 0.702703
17 0.514286 0.500000 0.685714 0.736842
38 0.500000 0.500000 0.767442 0.767442
1 0.500000 0.512821 0.700000 0.717949
9 0.500000 0.516129 0.625000 0.645161
7 0.500000 0.516129 0.625000 0.645161
13 0.500000 0.500000 0.705882 0.687500
5 0.516129 0.500000 0.645161 0.677419
4 0.500000 0.500000 0.666667 0.677419
