11 0.518519 0.500000 0.592593 0.629630
10 0.500000 0.500000 0.642857 0.642857
2 0.485294 0.483871 0.676471 0.645161
35 0.519231 0.519231 0.576923 0.576923
7 0.500000 0.518519 0.629630 0.592593
38 0.500000 0.500000 0.655172 0.687500
5 0.500000 0.500000 0.642857 0.642857
8 0.500000 0.480769 0.555556 0.576923
1 0.517857 0.500000 0.607143 0.705882
9 0.517857 0.516667 0.607143 0.633333
13 0.500000 0.514286 0.705882 0.685714
25 0.510204 0.500000 0.775510 0.744681
17 0.500000 0.511628 0.714286 0.744186
