9 0.512195 0.512821 0.731707 0.717949
1 0.513514 0.513514 0.702703 0.702703
10 0.514706 0.514706 0.676471 0.676471
13 0.510204 0.488095 0.775510 0.738095
35 0.487179 0.512500 0.717949 0.725000
18 0.500000 0.500000 0.841270 0.824561
38 0.514706 0.500000 0.676471 0.750000
2 0.515152 0.500000 0.666667 0.705882
3 0.500000 0.513514 0.714286 0.702703
12 0.511111 0.500000 0.755556 0.795918
5 0.514706 0.500000 0.676471 0.714286
7 0.500000 0.512821 0.736842 0.717949
17 0.500000 0.500000 0.666667 0.677419
25 0.511364 0.500000 0.750000 0.761905
4 0.513514 0.500000 0.702703 0.722222
