38 0.516667 0.516667 0.633333 0.633333
5 0.516667 0.500000 0.633333 0.625000
9 0.486111 0.500000 0.694444 0.714286
13 0.500000 0.500000 0.756098 0.743590
12 0.500000 0.500000 0.722222 0.722222
7 0.500000 0.514706 0.696970 0.676471
11 0.500000 0.500000 0.807692 0.787234
2 0.500000 0.500000 0.795918 0.773585
3 0.516129 0.500000 0.645161 0.666667
8 0.515625 0.513514 0.656250 0.702703
18 0.510870 0.500000 0.760870 0.777778
35 0.500000 0.500000 0.642857 0.655172
10 0.500000 0.516129 0.666667 0.645161
4 0.500000 0.515152 0.687500 0.666667
