5 0.484848 0.500000 0.666667 0.657143
9 0.513158 0.486842 0.710526 0.710526
25 0.512500 0.500000 0.725000 0.714286
1 0.500000 0.514706 0.687500 0.676471
10 0.500000 0.515152 0.687500 0.666667
18 0.500000 0.500000 0.795918 0.795918
12 0.512821 0.512821 0.717949 0.717949
11 0.500000 0.500000 0.827586 0.777778
38 0.513514 0.500000 0.702703 0.722222
13 0.500000 0.511364 0.782609 0.750000
7 0.513158 0.513158 0.710526 0.710526
4 0.500000 0.500000 0.722222 0.722222
2 0.490566 0.500000 0.792453 0.814815
