25 0.514286 0.515152 0.685714 0.666667
8 0.500000 0.500000 0.677419 0.696970
12 0.500000 0.514286 0.705882 0.685714
4 0.514706 0.500000 0.676471 0.696970
11 0.500000 0.489130 0.803922 0.760870
9 0.513889 0.485714 0.694444 0.685714
35 0.500000 0.500000 0.642857 0.655172
38 0.500000 0.517241 0.642857 0.620690
3 0.517857 0.500000 0.607143 0.642857
1 0.500000 0.516129 0.655172 0.645161
5 0.482759 0.516667 0.620690 0.633333
2 0.500000 0.500000 0.791667 0.800000
18 0.500000 0.500000 0.767442 0.767442
13 0.513158 0.513158 0.710526 0.710526
