4 0.504808 0.505051 0.817308 0.828283
12 0.503876 0.503876 0.821705 0.821705
13 0.500000 0.506173 0.835294 0.814815
1 0.493333 0.500000 0.826667 0.833333
17 0.516129 0.512821 0.645161 0.717949
11 0.500000 0.500000 0.820000 0.820000
5 0.507246 0.507353 0.811594 0.808824
25 0.500000 0.500000 0.828571 0.803279
8 0.505208 0.505208 0.822917 0.822917
2 0.506849 0.506667 0.821918 0.826667
35 0.500000 0.500000 0.840000 0.830986
9 0.500000 0.500000 0.837838 0.836364
38 0.500000 0.504274 0.827586 0.820513
