25 0.500000 0.513514 0.729730 0.702703
1 0.500000 0.510417 0.777778 0.770833
13 0.512821 0.500000 0.717949 0.705882
4 0.500000 0.511905 0.756098 0.738095
7 0.486111 0.500000 0.694444 0.714286
3 0.514286 0.514286 0.685714 0.685714
10 0.500000 0.514286 0.666667 0.685714
11 0.500000 0.500000 0.729730 0.714286
2 0.515152 0.500000 0.666667 0.657143
9 0.500000 0.500000 0.756098 0.756098
38 0.500000 0.500000 0.705882 0.714286
35 0.500000 0.512821 0.736842 0.717949
5 0.500000 0.500000 0.636364 0.687500
12 0.510638 0.500000 0.765957 0.782609
