35 0.500000 0.515152 0.677419 0.666667
12 0.512500 0.512500 0.725000 0.725000
3 0.500000 0.500000 0.677419 0.687500
8 0.500000 0.500000 0.687500 0.696970
25 0.513158 0.514286 0.710526 0.685714
5 0.516129 0.500000 0.645161 0.636364
7 0.500000 0.500000 0.714286 0.714286
18 0.500000 0.500000 0.791667 0.791667
11 0.508772 0.490000 0.807018 0.780000
10 0.500000 0.500000 0.677419 0.677419
9 0.513514 0.486486 0.702703 0.702703
2 0.500000 0.500000 0.803922 0.811321
38 0.516129 0.516129 0.645161 0.645161
13 0.511364 0.512195 0.750000 0.731707
