13 0.487500 0.513514 0.725000 0.702703
2 0.500000 0.515625 0.687500 0.656250
35 0.500000 0.516667 0.612903 0.633333
17 0.500000 0.516667 0.642857 0.633333
12 0.500000 0.500000 0.677419 0.722222
3 0.509804 0.500000 0.784314 0.807692
7 0.485294 0.485294 0.676471 0.676471
10 0.500000 0.518519 0.625000 0.592593
9 0.500000 0.486111 0.714286 0.694444
38 0.513889 0.500000 0.694444 0.714286
1 0.513889 0.513889 0.694444 0.694444
5 0.517241 0.482759 0.620690 0.620690
25 0.516667 0.517241 0.633333 0.620690
8 0.516129 0.515152 0.645161 0.666667
