10 0.500000 0.500000 0.655172 0.655172
38 0.500000 0.516129 0.666667 0.645161
12 0.500000 0.513158 0.729730 0.710526
11 0.500000 0.516667 0.666667 0.633333
35 0.500000 0.500000 0.696970 0.696970
8 0.515152 0.500000 0.666667 0.677419
4 0.500000 0.500000 0.696970 0.696970
1 0.500000 0.500000 0.722222 0.714286
9 0.500000 0.500000 0.756098 0.756098
2 0.517241 0.500000 0.620690 0.642857
5 0.500000 0.517241 0.571429 0.620690
7 0.516667 0.516667 0.633333 0.633333
18 0.500000 0.513158 0.743590 0.710526
