18 0.510204 0.500000 0.775510 0.767442
11 0.500000 0.507042 0.830986 0.816901
38 0.511905 0.511364 0.738095 0.750000
9 0.500000 0.489362 0.750000 0.765957
35 0.487179 0.500000 0.717949 0.692308
1 0.513514 0.486842 0.702703 0.710526
3 0.488372 0.511364 0.744186 0.750000
17 0.516129 0.515625 0.645161 0.656250
4 0.500000 0.510638 0.772727 0.765957
25 0.500000 0.500000 0.787234 0.756098
12 0.510638 0.510417 0.765957 0.770833
10 0.500000 0.512195 0.767442 0.731707
5 0.500000 0.510870 0.744681 0.760870
7 0.500000 0.511905 0.756098 0.738095
