12 0.507812 0.500000 0.828125 0.841270
9 0.500000 0.500000 0.692308 0.736842
35 0.500000 0.511364 0.756098 0.750000
10 0.510000 0.510638 0.780000 0.765957
3 0.500000 0.500000 0.795918 0.807692
11 0.494253 0.506173 0.827586 0.814815
8 0.509434 0.500000 0.792453 0.818182
4 0.500000 0.500000 0.750000 0.756098
2 0.500000 0.500000 0.761905 0.777778
5 0.511111 0.500000 0.755556 0.777778
25 0.500000 0.508475 0.836066 0.813559
1 0.508475 0.491379 0.813559 0.810345
38 0.500000 0.507143 0.826087 0.814286
18 0.500000 0.510638 0.764706 0.765957
