38 0.500000 0.500000 0.803922 0.807692
1 0.500000 0.506250 0.842105 0.812500
9 0.500000 0.500000 0.756098 0.756098
5 0.500000 0.500000 0.756098 0.761905
4 0.500000 0.506849 0.833333 0.821918
25 0.500000 0.500000 0.822785 0.830986
3 0.508333 0.500000 0.816667 0.841270
18 0.506098 0.506757 0.817073 0.824324
8 0.508197 0.500000 0.819672 0.841270
10 0.509259 0.500000 0.796296 0.821429
35 0.500000 0.506494 0.840000 0.831169
2 0.500000 0.500000 0.760000 0.795918
12 0.505814 0.500000 0.825581 0.835294
