11 0.483871 0.484375 0.645161 0.656250
18 0.500000 0.513514 0.684211 0.702703
2 0.512500 0.500000 0.725000 0.714286
5 0.513889 0.513889 0.694444 0.694444
7 0.515152 0.500000 0.666667 0.687500
13 0.511111 0.511628 0.755556 0.744186
8 0.500000 0.500000 0.666667 0.666667
25 0.507353 0.500000 0.808824 0.833333
3 0.514286 0.500000 0.685714 0.714286
38 0.515152 0.513889 0.666667 0.694444
12 0.513889 0.513889 0.694444 0.694444
35 0.500000 0.484848 0.687500 0.666667
4 0.512821 0.500000 0.717949 0.736842
