10 0.513889 0.500000 0.694444 0.696970
25 0.511905 0.513158 0.738095 0.710526
18 0.509434 0.509434 0.792453 0.792453
7 0.500000 0.513514 0.722222 0.702703
4 0.500000 0.500000 0.750000 0.750000
38 0.510870 0.510204 0.760870 0.775510
5 0.500000 0.515625 0.696970 0.656250
13 0.510870 0.510870 0.760870 0.760870
1 0.513889 0.513889 0.694444 0.694444
3 0.513514 0.513514 0.702703 0.702703
12 0.508333 0.500000 0.816667 0.830508
35 0.500000 0.500000 0.761905 0.791667
11 0.513158 0.511905 0.710526 0.738095
