38 0.500000 0.511905 0.705882 0.738095
35 0.500000 0.488095 0.707317 0.738095
25 0.511111 0.488636 0.755556 0.750000
7 0.500000 0.500000 0.750000 0.743590
10 0.514706 0.500000 0.676471 0.696970
8 0.515152 0.515152 0.666667 0.666667
5 0.485294 0.500000 0.676471 0.714286
17 0.500000 0.500000 0.666667 0.677419
1 0.500000 0.500000 0.729730 0.729730
2 0.515152 0.514286 0.666667 0.685714
11 0.510204 0.489796 0.775510 0.775510
9 0.500000 0.500000 0.720930 0.743590
4 0.500000 0.512500 0.743590 0.725000
3 0.500000 0.513158 0.722222 0.710526
18 0.500000 0.508065 0.843750 0.822581
