13 0.500000 0.500000 0.777778 0.777778
8 0.512500 0.512500 0.725000 0.725000
11 0.512821 0.500000 0.717949 0.761905
2 0.512821 0.512500 0.717949 0.725000
4 0.511905 0.500000 0.738095 0.756098
7 0.500000 0.513158 0.729730 0.710526
10 0.513889 0.500000 0.694444 0.657143
25 0.500000 0.512821 0.720930 0.717949
12 0.500000 0.508197 0.833333 0.819672
35 0.500000 0.500000 0.767442 0.795918
5 0.514286 0.500000 0.685714 0.687500
3 0.500000 0.513158 0.722222 0.710526
38 0.510417 0.500000 0.770833 0.800000
1 0.500000 0.500000 0.722222 0.722222
9 0.500000 0.500000 0.777778 0.777778
