25 0.500000 0.508929 0.821429 0.803571
8 0.513158 0.500000 0.710526 0.743590
18 0.487179 0.486111 0.717949 0.694444
1 0.485294 0.500000 0.676471 0.696970
10 0.515152 0.516129 0.666667 0.645161
17 0.516129 0.500000 0.645161 0.666667
12 0.508333 0.500000 0.816667 0.803279
7 0.500000 0.500000 0.666667 0.696970
38 0.515625 0.515625 0.656250 0.656250
13 0.513514 0.500000 0.702703 0.696970
9 0.516129 0.516129 0.645161 0.645161
35 0.514286 0.500000 0.685714 0.684211
2 0.500000 0.500000 0.705882 0.705882
4 0.515152 0.515152 0.666667 0.666667
3 0.500000 0.515152 0.687500 0.666667
5 0.500000 0.515152 0.666667 0.666667
