11 0.497159 0.500000 0.823864 0.828221
10 0.500000 0.500000 0.842105 0.830508
3 0.500000 0.500000 0.830508 0.820896
38 0.500000 0.504950 0.836735 0.831683
25 0.506579 0.500000 0.828947 0.830986
7 0.496124 0.500000 0.821705 0.816794
1 0.500000 0.496296 0.832168 0.829630
5 0.500000 0.507812 0.838710 0.828125
2 0.500000 0.500000 0.840000 0.828571
9 0.500000 0.500000 0.826923 0.825243
18 0.504237 0.504237 0.822034 0.822034
17 0.500000 0.510204 0.782609 0.775510
13 0.500000 0.496575 0.835749 0.828767
