9 0.500000 0.500000 0.756098 0.756098
38 0.516129 0.500000 0.645161 0.655172
2 0.517241 0.517241 0.620690 0.620690
25 0.500000 0.500000 0.677419 0.600000
1 0.500000 0.513158 0.722222 0.710526
35 0.513889 0.513889 0.694444 0.694444
8 0.514706 0.514706 0.676471 0.676471
3 0.516667 0.500000 0.633333 0.666667
7 0.483871 0.483871 0.645161 0.645161
5 0.500000 0.500000 0.642857 0.655172
13 0.500000 0.500000 0.714286 0.677419
18 0.488095 0.487179 0.738095 0.717949
10 0.483333 0.483333 0.633333 0.633333
11 0.500000 0.516129 0.677419 0.645161
