2 0.488889 0.487500 0.755556 0.725000
5 0.511628 0.500000 0.744186 0.761905
17 0.490385 0.508929 0.788462 0.803571
9 0.512821 0.487500 0.717949 0.725000
12 0.500000 0.500000 0.743590 0.743590
3 0.500000 0.510870 0.772727 0.760870
25 0.500000 0.500000 0.831325 0.837838
18 0.500000 0.489362 0.791667 0.765957
11 0.513889 0.500000 0.694444 0.722222
35 0.500000 0.512500 0.756098 0.725000
7 0.500000 0.500000 0.666667 0.705882
10 0.500000 0.500000 0.722222 0.722222
13 0.500000 0.509804 0.807692 0.784314
1 0.489130 0.500000 0.760870 0.830508
