1 0.500000 0.480769 0.615385 0.576923
18 0.513514 0.500000 0.702703 0.722222
7 0.518519 0.500000 0.592593 0.629630
10 0.500000 0.500000 0.571429 0.555556
13 0.500000 0.500000 0.714286 0.714286
9 0.517857 0.500000 0.607143 0.586207
2 0.500000 0.500000 0.642857 0.655172
3 0.517857 0.517857 0.607143 0.607143
11 0.515152 0.514286 0.666667 0.685714
25 0.500000 0.482143 0.642857 0.607143
12 0.500000 0.500000 0.750000 0.750000
38 0.513514 0.500000 0.702703 0.736842
35 0.485294 0.500000 0.676471 0.692308
5 0.500000 0.500000 0.629630 0.600000
