13 0.511905 0.512195 0.738095 0.731707
10 0.500000 0.517857 0.625000 0.607143
4 0.513514 0.500000 0.702703 0.722222
7 0.500000 0.500000 0.687500 0.687500
25 0.500000 0.511905 0.772727 0.738095
5 0.500000 0.515152 0.687500 0.666667
38 0.500000 0.509615 0.803922 0.788462
12 0.511111 0.500000 0.755556 0.772727
8 0.500000 0.500000 0.736842 0.736842
17 0.518519 0.515625 0.592593 0.656250
18 0.509804 0.500000 0.784314 0.795918
3 0.500000 0.514706 0.696970 0.676471
1 0.500000 0.500000 0.714286 0.722222
