13 0.510870 0.512500 0.760870 0.725000
4 0.500000 0.500000 0.696970 0.705882
5 0.500000 0.485294 0.636364 0.676471
18 0.500000 0.500000 0.827586 0.814815
17 0.500000 0.516129 0.655172 0.645161
35 0.514706 0.500000 0.676471 0.696970
8 0.500000 0.516667 0.642857 0.633333
9 0.500000 0.514706 0.675676 0.676471
12 0.511364 0.500000 0.750000 0.795918
2 0.515625 0.514706 0.656250 0.676471
1 0.500000 0.500000 0.705882 0.666667
25 0.511905 0.500000 0.738095 0.743590
7 0.500000 0.500000 0.657143 0.666667
11 0.511628 0.512821 0.744186 0.717949
38 0.516129 0.500000 0.645161 0.705882
