8 0.509804 0.500000 0.784314 0.800000
35 0.489583 0.500000 0.770833 0.782609
17 0.514286 0.500000 0.685714 0.714286
5 0.500000 0.507692 0.838710 0.830769
10 0.500000 0.509259 0.789474 0.796296
18 0.500000 0.491667 0.841270 0.816667
3 0.490909 0.490909 0.800000 0.800000
7 0.500000 0.500000 0.795918 0.764706
11 0.506667 0.500000 0.826667 0.822785
2 0.508772 0.508772 0.807018 0.807018
12 0.509434 0.500000 0.792453 0.811321
13 0.504673 0.504505 0.822430 0.828829
38 0.509091 0.508929 0.800000 0.803571
1 0.509259 0.509091 0.796296 0.800000
25 0.507353 0.508475 0.808824 0.813559
9 0.492647 0.492647 0.808824 0.808824
