1 0.517241 0.500000 0.620690 0.655172
2 0.514286 0.514286 0.685714 0.685714
13 0.511111 0.500000 0.755556 0.803922
10 0.500000 0.500000 0.677419 0.612903
9 0.485294 0.514286 0.676471 0.685714
35 0.515625 0.516129 0.656250 0.645161
25 0.515152 0.500000 0.666667 0.625000
4 0.500000 0.500000 0.687500 0.687500
17 0.500000 0.517241 0.642857 0.620690
3 0.483871 0.500000 0.645161 0.647059
5 0.515625 0.515625 0.656250 0.656250
38 0.500000 0.500000 0.655172 0.666667
8 0.484848 0.500000 0.666667 0.687500
18 0.500000 0.516667 0.687500 0.633333
11 0.509091 0.500000 0.800000 0.821429
