2 0.514706 0.513889 0.676471 0.694444
18 0.500000 0.500000 0.826087 0.841270
8 0.515152 0.515152 0.666667 0.666667
38 0.514286 0.512195 0.685714 0.731707
5 0.514286 0.513514 0.685714 0.702703
1 0.512500 0.512500 0.725000 0.725000
11 0.490196 0.500000 0.784314 0.769231
12 0.510417 0.500000 0.770833 0.807692
4 0.500000 0.500000 0.750000 0.750000
9 0.511628 0.500000 0.744186 0.714286
7 0.511905 0.500000 0.738095 0.714286
3 0.486486 0.486842 0.702703 0.710526
17 0.516129 0.500000 0.645161 0.677419
35 0.500000 0.511111 0.761905 0.755556
