18 0.491667 0.500000 0.816667 0.789474
3 0.500000 0.500000 0.807692 0.811321
8 0.500000 0.507812 0.833333 0.828125
11 0.506098 0.500000 0.817073 0.840000
17 0.500000 0.510417 0.772727 0.770833
38 0.510204 0.500000 0.775510 0.807692
13 0.510870 0.488636 0.760870 0.750000
12 0.504762 0.505155 0.819048 0.824742
9 0.500000 0.500000 0.807692 0.803922
2 0.508929 0.500000 0.803571 0.818182
5 0.500000 0.500000 0.750000 0.767442
25 0.500000 0.506494 0.840909 0.831169
4 0.510417 0.510417 0.770833 0.770833
