7 0.491803 0.500000 0.819672 0.806452
11 0.500000 0.500000 0.809524 0.825000
18 0.500000 0.500000 0.835294 0.835294
35 0.500000 0.510204 0.787234 0.775510
1 0.507353 0.507246 0.808824 0.811594
3 0.493976 0.505747 0.819277 0.827586
17 0.500000 0.500000 0.722222 0.743590
38 0.508333 0.508197 0.816667 0.819672
5 0.511364 0.511111 0.750000 0.755556
8 0.511111 0.510870 0.755556 0.760870
4 0.509259 0.509259 0.796296 0.796296
2 0.510000 0.500000 0.780000 0.782609
25 0.510204 0.511111 0.775510 0.755556
10 0.490741 0.500000 0.796296 0.777778
