17 0.500000 0.500000 0.696970 0.705882
1 0.510638 0.510638 0.765957 0.765957
25 0.513889 0.514286 0.694444 0.685714
12 0.500000 0.500000 0.777778 0.782609
7 0.511111 0.488889 0.755556 0.755556
13 0.500000 0.510638 0.824561 0.765957
18 0.500000 0.507812 0.841270 0.828125
35 0.500000 0.486842 0.692308 0.710526
5 0.485714 0.500000 0.685714 0.675676
11 0.500000 0.500000 0.814815 0.777778
4 0.512195 0.511905 0.731707 0.738095
2 0.500000 0.500000 0.743590 0.729730
9 0.500000 0.511111 0.739130 0.755556
