7 0.500000 0.510638 0.787234 0.765957
25 0.509091 0.500000 0.800000 0.800000
11 0.500000 0.500000 0.827586 0.827586
12 0.500000 0.500000 0.795918 0.821429
10 0.500000 0.500000 0.743590 0.743590
8 0.513514 0.500000 0.702703 0.729730
38 0.512821 0.500000 0.717949 0.777778
4 0.510870 0.510870 0.760870 0.760870
18 0.500000 0.500000 0.827160 0.835616
17 0.515152 0.500000 0.666667 0.696970
13 0.500000 0.508772 0.836066 0.807018
3 0.487500 0.512500 0.725000 0.725000
2 0.500000 0.500000 0.705882 0.722222
