18 0.500000 0.500000 0.782609 0.761905
25 0.500000 0.500000 0.684211 0.714286
35 0.517857 0.500000 0.607143 0.642857
5 0.500000 0.517857 0.615385 0.607143
12 0.513514 0.512195 0.702703 0.731707
10 0.500000 0.500000 0.555556 0.600000
8 0.500000 0.517241 0.586207 0.620690
4 0.516667 0.500000 0.633333 0.666667
38 0.500000 0.500000 0.615385 0.666667
1 0.500000 0.500000 0.666667 0.666667
2 0.517241 0.500000 0.620690 0.655172
11 0.514286 0.514706 0.685714 0.676471
13 0.500000 0.500000 0.687500 0.666667
17 0.518519 0.500000 0.592593 0.642857
