13 0.507353 0.508065 0.808824 0.822581
35 0.500000 0.511905 0.743590 0.738095
2 0.492958 0.500000 0.816901 0.802817
18 0.507246 0.500000 0.811594 0.823529
7 0.510870 0.510870 0.760870 0.760870
5 0.511905 0.511628 0.738095 0.744186
3 0.510000 0.509804 0.780000 0.784314
8 0.500000 0.500000 0.736842 0.743590
1 0.500000 0.512195 0.743590 0.731707
38 0.500000 0.510417 0.782609 0.770833
9 0.500000 0.510638 0.772727 0.765957
11 0.500000 0.500000 0.807229 0.833333
10 0.500000 0.500000 0.756098 0.761905
