13 0.500000 0.500000 0.743590 0.736842
1 0.500000 0.500000 0.696970 0.705882
8 0.513889 0.500000 0.694444 0.714286
7 0.500000 0.515625 0.677419 0.656250
25 0.511628 0.500000 0.744186 0.743590
3 0.500000 0.515152 0.677419 0.666667
11 0.500000 0.509615 0.773585 0.788462
12 0.512195 0.512195 0.731707 0.731707
4 0.485294 0.514706 0.676471 0.676471
2 0.514706 0.514706 0.676471 0.676471
9 0.500000 0.500000 0.692308 0.729730
10 0.500000 0.500000 0.666667 0.615385
18 0.510204 0.510638 0.775510 0.765957
38 0.509804 0.510000 0.784314 0.780000
5 0.500000 0.500000 0.655172 0.612903
