25 0.500000 0.506250 0.835294 0.812500
9 0.511111 0.500000 0.755556 0.777778
38 0.500000 0.500000 0.736842 0.761905
12 0.500000 0.500000 0.761905 0.761905
5 0.500000 0.500000 0.772727 0.772727
7 0.486842 0.500000 0.710526 0.692308
8 0.500000 0.486842 0.736842 0.710526
35 0.500000 0.500000 0.760000 0.750000
10 0.512195 0.512195 0.731707 0.731707
11 0.500000 0.500000 0.827160 0.813333
3 0.509615 0.509259 0.788462 0.796296
18 0.500000 0.508929 0.824561 0.803571
4 0.509091 0.509259 0.800000 0.796296
1 0.490909 0.500000 0.800000 0.802817
17 0.509259 0.500000 0.796296 0.824561
13 0.508197 0.508621 0.819672 0.810345
