12 0.500000 0.500000 0.821429 0.821429
3 0.500000 0.500000 0.750000 0.761905
13 0.500000 0.513158 0.750000 0.710526
1 0.510204 0.500000 0.775510 0.791667
35 0.513889 0.486486 0.694444 0.702703
4 0.513889 0.500000 0.694444 0.714286
11 0.500000 0.500000 0.830986 0.843750
25 0.500000 0.500000 0.795918 0.791667
7 0.486111 0.486486 0.694444 0.702703
17 0.511905 0.511111 0.738095 0.755556
2 0.513158 0.487805 0.710526 0.731707
5 0.486842 0.512821 0.710526 0.717949
18 0.510638 0.511628 0.765957 0.744186
