1 0.500000 0.500000 0.818182 0.811321
8 0.500000 0.500000 0.787234 0.795918
10 0.500000 0.500000 0.803922 0.787234
11 0.505814 0.506024 0.825581 0.819277
35 0.507143 0.506944 0.814286 0.819444
18 0.504202 0.504587 0.823529 0.825688
3 0.500000 0.500000 0.807692 0.791667
7 0.500000 0.500000 0.802817 0.828571
12 0.500000 0.500000 0.827586 0.841270
25 0.506667 0.500000 0.826667 0.820896
4 0.508333 0.508197 0.816667 0.819672
9 0.507353 0.491803 0.808824 0.819672
17 0.500000 0.513889 0.714286 0.694444
