9 0.500000 0.509091 0.827586 0.800000
17 0.500000 0.513889 0.714286 0.694444
10 0.488889 0.488636 0.755556 0.750000
4 0.509091 0.508929 0.800000 0.803571
11 0.500000 0.500000 0.835616 0.835616
38 0.500000 0.500000 0.791667 0.814815
25 0.500000 0.491525 0.843750 0.813559
3 0.510417 0.511111 0.770833 0.755556
5 0.500000 0.500000 0.727273 0.777778
2 0.500000 0.512821 0.722222 0.717949
8 0.510870 0.510417 0.760870 0.770833
13 0.493902 0.506944 0.817073 0.819444
18 0.500000 0.500000 0.826923 0.827957
12 0.508772 0.500000 0.807018 0.836066
7 0.508772 0.500000 0.807018 0.821429
