12 0.513889 0.513889 0.694444 0.694444
35 0.500000 0.515625 0.666667 0.656250
1 0.485714 0.511111 0.685714 0.755556
3 0.484375 0.500000 0.656250 0.647059
13 0.500000 0.512195 0.761905 0.731707
2 0.513158 0.485294 0.710526 0.676471
10 0.500000 0.516129 0.666667 0.645161
9 0.516129 0.500000 0.645161 0.677419
25 0.500000 0.500000 0.833333 0.824561
11 0.517241 0.500000 0.620690 0.642857
38 0.500000 0.500000 0.687500 0.714286
18 0.500000 0.500000 0.696970 0.687500
7 0.516129 0.516129 0.645161 0.645161
5 0.514286 0.514286 0.685714 0.685714
17 0.500000 0.509804 0.791667 0.784314
4 0.513514 0.500000 0.702703 0.729730
