13 0.500000 0.500000 0.795918 0.795918
4 0.511628 0.500000 0.744186 0.761905
5 0.486111 0.500000 0.694444 0.696970
25 0.500000 0.487805 0.767442 0.731707
35 0.488889 0.500000 0.755556 0.800000
3 0.500000 0.500000 0.750000 0.736842
9 0.500000 0.500000 0.782609 0.782609
11 0.500000 0.488372 0.743590 0.744186
2 0.513158 0.513158 0.710526 0.710526
7 0.512821 0.500000 0.717949 0.736842
38 0.500000 0.500000 0.791667 0.800000
8 0.500000 0.500000 0.736842 0.736842
18 0.509434 0.500000 0.792453 0.807692
10 0.513514 0.513889 0.702703 0.694444
