1 0.500000 0.515152 0.687500 0.666667
7 0.515152 0.500000 0.666667 0.714286
13 0.513889 0.500000 0.694444 0.657143
35 0.514706 0.513889 0.676471 0.694444
11 0.500000 0.500000 0.750000 0.707317
10 0.515625 0.516667 0.656250 0.633333
18 0.500000 0.485714 0.729730 0.685714
3 0.500000 0.483871 0.625000 0.645161
2 0.500000 0.514706 0.687500 0.676471
4 0.500000 0.515625 0.677419 0.656250
8 0.514286 0.513514 0.685714 0.702703
25 0.500000 0.510000 0.800000 0.780000
12 0.508621 0.500000 0.810345 0.824561
5 0.516667 0.500000 0.633333 0.666667
17 0.517241 0.516129 0.620690 0.645161
