9 0.509804 0.500000 0.784314 0.773585
18 0.506250 0.506757 0.812500 0.824324
5 0.500000 0.510204 0.795918 0.775510
2 0.500000 0.500000 0.807692 0.782609
13 0.506494 0.500000 0.831169 0.828571
38 0.500000 0.510417 0.761905 0.770833
1 0.507353 0.493976 0.808824 0.819277
35 0.500000 0.500000 0.793103 0.811321
7 0.500000 0.500000 0.750000 0.756098
17 0.500000 0.500000 0.827586 0.838710
11 0.495050 0.505319 0.831683 0.819149
4 0.506849 0.506944 0.821918 0.819444
10 0.500000 0.511111 0.772727 0.755556
25 0.500000 0.500000 0.820000 0.808511
