11 0.500000 0.500000 0.800000 0.800000
1 0.514706 0.500000 0.676471 0.657143
3 0.515625 0.515152 0.656250 0.666667
25 0.512195 0.500000 0.731707 0.729730
4 0.515625 0.515625 0.656250 0.656250
10 0.500000 0.500000 0.666667 0.615385
35 0.517241 0.516667 0.620690 0.633333
8 0.485294 0.500000 0.676471 0.696970
5 0.482759 0.500000 0.620690 0.600000
18 0.500000 0.500000 0.777778 0.767442
2 0.500000 0.514706 0.687500 0.676471
38 0.510204 0.500000 0.775510 0.782609
17 0.500000 0.515625 0.615385 0.656250
13 0.500000 0.512821 0.743590 0.717949
12 0.512195 0.512195 0.731707 0.731707
