5 0.510417 0.510204 0.770833 0.775510
13 0.504950 0.500000 0.831683 0.840000
3 0.505682 0.500000 0.829545 0.835052
1 0.506494 0.506250 0.831169 0.812500
8 0.510204 0.500000 0.775510 0.795918
10 0.500000 0.500000 0.824561 0.787234
35 0.500000 0.509259 0.807692 0.796296
11 0.494898 0.500000 0.826531 0.812500
25 0.500000 0.500000 0.807692 0.791667
12 0.508333 0.506944 0.816667 0.819444
4 0.508197 0.508197 0.819672 0.819672
9 0.507246 0.507246 0.811594 0.811594
18 0.500000 0.505435 0.824176 0.815217
