12 0.500000 0.508197 0.833333 0.819672
7 0.500000 0.507692 0.838710 0.830769
10 0.500000 0.505747 0.818182 0.827586
25 0.500000 0.495968 0.827338 0.830645
5 0.504464 0.500000 0.830357 0.833333
3 0.506579 0.500000 0.828947 0.840000
11 0.500000 0.500000 0.834483 0.837037
35 0.506667 0.506849 0.826667 0.821918
4 0.500000 0.500000 0.825243 0.826087
1 0.505618 0.500000 0.831461 0.811765
13 0.500000 0.503205 0.835443 0.826923
17 0.500000 0.512500 0.736842 0.725000
8 0.500000 0.500000 0.836066 0.836066
38 0.505682 0.500000 0.829545 0.826087
18 0.500000 0.494898 0.819820 0.826531
