35 0.513158 0.488095 0.710526 0.738095
2 0.500000 0.500000 0.666667 0.666667
9 0.515152 0.515152 0.666667 0.666667
11 0.514286 0.486111 0.685714 0.694444
18 0.512500 0.500000 0.725000 0.743590
4 0.500000 0.515152 0.687500 0.666667
25 0.500000 0.516129 0.705882 0.645161
8 0.500000 0.500000 0.687500 0.687500
12 0.500000 0.500000 0.777778 0.777778
10 0.516667 0.517241 0.633333 0.620690
7 0.500000 0.516129 0.655172 0.645161
38 0.500000 0.500000 0.743590 0.750000
3 0.500000 0.515625 0.655172 0.656250
