7 0.494949 0.500000 0.828283 0.838384
11 0.500000 0.503788 0.835821 0.825758
9 0.500000 0.505882 0.833333 0.823529
8 0.508772 0.500000 0.807018 0.824561
35 0.508475 0.500000 0.813559 0.838710
13 0.503425 0.500000 0.828767 0.833333
3 0.504808 0.504237 0.817308 0.822034
10 0.500000 0.509091 0.823529 0.800000
12 0.505882 0.500000 0.823529 0.835294
25 0.507937 0.500000 0.825397 0.827586
4 0.506024 0.505814 0.819277 0.825581
2 0.500000 0.508621 0.838710 0.810345
1 0.500000 0.500000 0.813084 0.814815
