7 0.500000 0.500000 0.831325 0.829268
17 0.514286 0.512195 0.685714 0.731707
13 0.500000 0.504762 0.829060 0.819048
25 0.500000 0.500000 0.835616 0.820896
11 0.500000 0.500000 0.824561 0.818182
8 0.500000 0.500000 0.837838 0.827586
35 0.505682 0.506098 0.829545 0.817073
18 0.500000 0.503846 0.828125 0.823077
5 0.505952 0.500000 0.821429 0.829268
4 0.500000 0.503906 0.835821 0.820312
10 0.508772 0.489583 0.807018 0.770833
12 0.502841 0.500000 0.823864 0.828571
38 0.500000 0.503759 0.833333 0.827068
