10 0.508197 0.508621 0.819672 0.810345
35 0.500000 0.491071 0.807692 0.803571
7 0.508929 0.508772 0.803571 0.807018
38 0.500000 0.505208 0.831579 0.822917
11 0.503817 0.504202 0.824427 0.823529
17 0.500000 0.500000 0.782609 0.800000
13 0.508929 0.500000 0.803571 0.800000
2 0.509804 0.509259 0.784314 0.796296
4 0.500000 0.500000 0.777778 0.782609
8 0.500000 0.505208 0.822222 0.822917
5 0.500000 0.500000 0.824561 0.830508
12 0.506250 0.500000 0.812500 0.822785
3 0.506757 0.493902 0.824324 0.817073
9 0.500000 0.500000 0.750000 0.720930
25 0.500000 0.500000 0.824176 0.831325
