13 0.500000 0.490909 0.818182 0.800000
4 0.500000 0.500000 0.791667 0.795918
11 0.506757 0.500000 0.824324 0.830986
18 0.506757 0.506757 0.824324 0.824324
17 0.500000 0.500000 0.705882 0.736842
8 0.511905 0.500000 0.738095 0.727273
2 0.500000 0.500000 0.777778 0.761905
5 0.512195 0.511905 0.731707 0.738095
25 0.511364 0.487805 0.750000 0.731707
38 0.500000 0.500000 0.807692 0.814815
10 0.510000 0.500000 0.780000 0.761905
7 0.500000 0.508621 0.785714 0.810345
9 0.500000 0.509259 0.811321 0.796296
12 0.510870 0.509259 0.760870 0.796296
35 0.510870 0.500000 0.760870 0.782609
