11 0.500000 0.484848 0.687500 0.666667
35 0.500000 0.485714 0.636364 0.685714
10 0.517857 0.500000 0.607143 0.555556
12 0.500000 0.500000 0.773585 0.773585
4 0.500000 0.500000 0.655172 0.655172
17 0.500000 0.500000 0.629630 0.629630
3 0.500000 0.517241 0.642857 0.620690
7 0.500000 0.515625 0.666667 0.656250
8 0.516129 0.484375 0.645161 0.656250
18 0.514706 0.500000 0.676471 0.666667
2 0.500000 0.516667 0.629630 0.633333
13 0.515625 0.500000 0.656250 0.666667
9 0.518519 0.500000 0.592593 0.615385
5 0.481481 0.500000 0.592593 0.629630
38 0.518519 0.500000 0.592593 0.615385
