8 0.500000 0.500000 0.772727 0.772727
38 0.500000 0.500000 0.830508 0.830508
2 0.512195 0.511905 0.731707 0.738095
18 0.508475 0.508475 0.813559 0.813559
12 0.509615 0.509615 0.788462 0.788462
1 0.500000 0.511905 0.761905 0.738095
4 0.511628 0.511628 0.744186 0.744186
7 0.512821 0.513158 0.717949 0.710526
35 0.500000 0.513514 0.722222 0.702703
17 0.516667 0.514286 0.633333 0.685714
13 0.500000 0.512195 0.761905 0.731707
25 0.490000 0.500000 0.780000 0.777778
11 0.500000 0.508065 0.812500 0.822581
10 0.514286 0.500000 0.685714 0.677419
