7 0.500000 0.506173 0.822785 0.814815
38 0.507692 0.500000 0.830769 0.833333
5 0.510000 0.500000 0.780000 0.807692
8 0.510000 0.500000 0.780000 0.803922
3 0.508929 0.509615 0.803571 0.788462
17 0.500000 0.500000 0.729730 0.729730
4 0.507692 0.500000 0.830769 0.820896
10 0.509091 0.500000 0.800000 0.795918
12 0.507937 0.507143 0.825397 0.814286
13 0.500000 0.500000 0.828571 0.812500
9 0.507042 0.492188 0.816901 0.828125
18 0.503876 0.500000 0.821705 0.831933
25 0.500000 0.507246 0.837838 0.811594
2 0.512195 0.500000 0.731707 0.761905
11 0.505208 0.505435 0.822917 0.815217
