38 0.500000 0.517857 0.629630 0.607143
9 0.500000 0.500000 0.629630 0.629630
7 0.516667 0.500000 0.633333 0.666667
3 0.516667 0.500000 0.633333 0.600000
4 0.500000 0.516667 0.655172 0.633333
1 0.515625 0.515625 0.656250 0.656250
11 0.512195 0.513158 0.731707 0.710526
10 0.516667 0.500000 0.633333 0.629630
2 0.500000 0.500000 0.655172 0.666667
35 0.500000 0.513889 0.687500 0.694444
13 0.500000 0.500000 0.666667 0.687500
25 0.500000 0.510000 0.800000 0.780000
17 0.500000 0.500000 0.615385 0.615385
8 0.515152 0.500000 0.666667 0.696970
