1 0.500000 0.500000 0.655172 0.666667
7 0.482759 0.500000 0.620690 0.642857
11 0.500000 0.512195 0.720930 0.731707
38 0.513158 0.500000 0.710526 0.729730
10 0.500000 0.483871 0.612903 0.645161
17 0.500000 0.484375 0.600000 0.656250
5 0.517857 0.500000 0.607143 0.642857
35 0.500000 0.517241 0.629630 0.620690
4 0.500000 0.516129 0.642857 0.645161
9 0.516667 0.516667 0.633333 0.633333
12 0.512500 0.512500 0.725000 0.725000
18 0.500000 0.514286 0.729730 0.685714
13 0.500000 0.500000 0.666667 0.655172
8 0.500000 0.517241 0.642857 0.620690
