17 0.515625 0.513889 0.656250 0.694444
25 0.500000 0.513514 0.714286 0.702703
9 0.516667 0.500000 0.633333 0.655172
35 0.517241 0.517241 0.620690 0.620690
38 0.500000 0.500000 0.743590 0.743590
11 0.488889 0.500000 0.755556 0.727273
7 0.500000 0.500000 0.655172 0.655172
18 0.500000 0.513158 0.756098 0.710526
2 0.500000 0.500000 0.696970 0.666667
1 0.500000 0.515152 0.655172 0.666667
5 0.482759 0.500000 0.620690 0.655172
8 0.483333 0.500000 0.633333 0.655172
3 0.500000 0.516129 0.642857 0.645161
13 0.515625 0.516667 0.656250 0.633333
