2 0.510870 0.500000 0.760870 0.782609
9 0.500000 0.500000 0.756098 0.756098
38 0.500000 0.510000 0.791667 0.780000
5 0.512500 0.512195 0.725000 0.731707
8 0.500000 0.508475 0.821429 0.813559
18 0.506849 0.507353 0.821918 0.808824
11 0.500000 0.500000 0.814815 0.800000
12 0.500000 0.506849 0.833333 0.821918
13 0.500000 0.509804 0.821429 0.784314
4 0.500000 0.500000 0.841270 0.841270
1 0.500000 0.500000 0.828571 0.835616
25 0.500000 0.508333 0.823529 0.816667
35 0.500000 0.500000 0.820896 0.823529
3 0.500000 0.508772 0.814815 0.807018
7 0.500000 0.500000 0.787234 0.787234
