25 0.500000 0.500000 0.727273 0.707317
8 0.500000 0.500000 0.722222 0.722222
7 0.515152 0.500000 0.666667 0.687500
18 0.500000 0.489583 0.795918 0.770833
9 0.512821 0.512821 0.717949 0.717949
2 0.514706 0.514706 0.676471 0.676471
38 0.509804 0.500000 0.784314 0.795918
11 0.500000 0.500000 0.777778 0.777778
17 0.500000 0.500000 0.615385 0.687500
4 0.500000 0.514286 0.705882 0.685714
1 0.500000 0.513889 0.705882 0.694444
35 0.516667 0.516129 0.633333 0.645161
10 0.500000 0.500000 0.666667 0.571429
5 0.483871 0.500000 0.645161 0.666667
13 0.500000 0.500000 0.743590 0.736842
