10 0.483871 0.484375 0.645161 0.656250
3 0.500000 0.483333 0.629630 0.633333
35 0.517241 0.517241 0.620690 0.620690
5 0.500000 0.500000 0.629630 0.642857
2 0.500000 0.485714 0.696970 0.685714
25 0.513889 0.500000 0.694444 0.722222
7 0.500000 0.516667 0.655172 0.633333
17 0.500000 0.514706 0.666667 0.676471
8 0.482759 0.482759 0.620690 0.620690
38 0.512821 0.500000 0.717949 0.736842
11 0.500000 0.500000 0.761905 0.714286
13 0.516129 0.517241 0.645161 0.620690
1 0.500000 0.515625 0.666667 0.656250
12 0.511905 0.500000 0.738095 0.761905
