3 0.500000 0.515625 0.677419 0.656250
13 0.511364 0.511905 0.750000 0.738095
4 0.500000 0.513514 0.722222 0.702703
8 0.500000 0.500000 0.696970 0.705882
38 0.514706 0.500000 0.676471 0.696970
2 0.490385 0.509259 0.788462 0.796296
5 0.500000 0.500000 0.677419 0.687500
12 0.500000 0.512195 0.750000 0.731707
35 0.515152 0.500000 0.666667 0.696970
9 0.513158 0.500000 0.710526 0.729730
25 0.513158 0.500000 0.710526 0.666667
11 0.508621 0.500000 0.810345 0.769231
7 0.500000 0.513514 0.722222 0.702703
10 0.500000 0.484375 0.677419 0.656250
