8 0.500000 0.510638 0.782609 0.765957
25 0.500000 0.500000 0.835616 0.800000
38 0.507246 0.500000 0.811594 0.823529
35 0.500000 0.500000 0.803279 0.815385
4 0.500000 0.500000 0.807692 0.807692
5 0.511111 0.500000 0.755556 0.750000
12 0.505155 0.500000 0.824742 0.833333
1 0.491525 0.500000 0.813559 0.824561
3 0.507246 0.500000 0.811594 0.823529
11 0.500000 0.508475 0.785714 0.813559
18 0.500000 0.500000 0.843750 0.843750
9 0.506250 0.500000 0.812500 0.822785
7 0.509259 0.500000 0.796296 0.807692
13 0.500000 0.505952 0.831325 0.821429
