5 0.500000 0.500000 0.647059 0.666667
35 0.488095 0.510417 0.738095 0.770833
18 0.500000 0.509434 0.807692 0.792453
9 0.500000 0.511905 0.720930 0.738095
12 0.500000 0.508929 0.818182 0.803571
3 0.500000 0.513158 0.714286 0.710526
2 0.500000 0.513158 0.722222 0.710526
38 0.510870 0.510417 0.760870 0.770833
13 0.510870 0.500000 0.760870 0.777778
10 0.500000 0.515152 0.705882 0.666667
4 0.500000 0.512821 0.736842 0.717949
8 0.500000 0.513158 0.729730 0.710526
11 0.500000 0.512195 0.684211 0.731707
