2 0.500000 0.489796 0.777778 0.775510
18 0.509091 0.500000 0.800000 0.769231
35 0.510417 0.509804 0.770833 0.784314
7 0.500000 0.500000 0.795918 0.800000
8 0.506849 0.506579 0.821918 0.828947
10 0.500000 0.500000 0.821429 0.811321
11 0.495575 0.500000 0.831858 0.840000
5 0.500000 0.509615 0.795918 0.788462
3 0.508197 0.500000 0.819672 0.843750
9 0.500000 0.500000 0.700000 0.707317
1 0.506757 0.500000 0.824324 0.808219
38 0.506098 0.500000 0.817073 0.827160
25 0.506667 0.500000 0.826667 0.830986
13 0.500000 0.500000 0.807692 0.782609
