35 0.500000 0.500000 0.687500 0.696970
5 0.483871 0.500000 0.645161 0.687500
18 0.500000 0.500000 0.814815 0.800000
1 0.500000 0.500000 0.696970 0.705882
4 0.500000 0.500000 0.687500 0.696970
2 0.500000 0.500000 0.666667 0.687500
7 0.514706 0.500000 0.676471 0.696970
13 0.500000 0.512500 0.772727 0.725000
25 0.500000 0.487179 0.743590 0.717949
10 0.500000 0.500000 0.655172 0.642857
12 0.511905 0.510638 0.738095 0.765957
11 0.500000 0.512821 0.720930 0.717949
3 0.500000 0.484848 0.677419 0.666667
38 0.500000 0.514286 0.666667 0.685714
