13 0.515152 0.516129 0.666667 0.645161
12 0.517241 0.500000 0.620690 0.696970
10 0.500000 0.519231 0.655172 0.576923
3 0.500000 0.500000 0.777778 0.787234
2 0.517857 0.518519 0.607143 0.592593
7 0.500000 0.500000 0.666667 0.687500
25 0.481481 0.519231 0.592593 0.576923
8 0.517241 0.500000 0.620690 0.666667
4 0.500000 0.500000 0.629630 0.629630
5 0.519231 0.519231 0.576923 0.576923
17 0.518519 0.517857 0.592593 0.607143
18 0.500000 0.510417 0.787234 0.770833
1 0.515152 0.500000 0.666667 0.687500
11 0.514286 0.500000 0.685714 0.714286
9 0.515625 0.500000 0.656250 0.677419
