11 0.500000 0.500000 0.816514 0.828571
8 0.504950 0.504762 0.831683 0.819048
4 0.495690 0.500000 0.818966 0.833333
2 0.506579 0.506250 0.828947 0.812500
12 0.503448 0.503448 0.827586 0.827586
13 0.505102 0.505682 0.826531 0.829545
3 0.506024 0.500000 0.819277 0.837209
1 0.500000 0.500000 0.827160 0.827160
25 0.506944 0.500000 0.819444 0.838710
38 0.504098 0.500000 0.827869 0.834711
35 0.506173 0.506667 0.814815 0.826667
9 0.500000 0.504000 0.826772 0.832000
10 0.500000 0.510638 0.818182 0.765957
7 0.506494 0.500000 0.831169 0.840000
