1 0.500000 0.511628 0.750000 0.744186
25 0.500000 0.515152 0.705882 0.666667
7 0.484848 0.484848 0.666667 0.666667
9 0.500000 0.500000 0.756098 0.756098
8 0.513889 0.500000 0.694444 0.722222
4 0.514706 0.514706 0.676471 0.676471
13 0.513514 0.500000 0.702703 0.687500
38 0.515625 0.515152 0.656250 0.666667
10 0.515625 0.515625 0.656250 0.656250
18 0.488889 0.500000 0.755556 0.756098
35 0.513889 0.513889 0.694444 0.694444
2 0.516129 0.516129 0.645161 0.645161
5 0.483871 0.484375 0.645161 0.656250
