7 0.500000 0.500000 0.750000 0.756098
4 0.512500 0.500000 0.725000 0.750000
1 0.500000 0.500000 0.818182 0.818182
17 0.511628 0.510870 0.744186 0.760870
5 0.511628 0.511364 0.744186 0.750000
11 0.505882 0.506250 0.823529 0.812500
10 0.500000 0.511111 0.787234 0.755556
9 0.513514 0.500000 0.702703 0.722222
35 0.500000 0.500000 0.707317 0.720930
38 0.500000 0.507812 0.841270 0.828125
25 0.508621 0.500000 0.810345 0.814815
2 0.500000 0.488636 0.750000 0.750000
18 0.510000 0.510870 0.780000 0.760870
