7 0.500000 0.512821 0.736842 0.717949
10 0.500000 0.516667 0.705882 0.633333
18 0.500000 0.508929 0.818182 0.803571
5 0.516129 0.515625 0.645161 0.656250
1 0.487179 0.500000 0.717949 0.700000
11 0.500000 0.500000 0.782609 0.782609
25 0.500000 0.500000 0.677419 0.666667
9 0.500000 0.500000 0.743590 0.743590
12 0.500000 0.500000 0.722222 0.756098
13 0.510870 0.500000 0.760870 0.729730
4 0.500000 0.514286 0.696970 0.685714
17 0.500000 0.515152 0.696970 0.666667
3 0.500000 0.500000 0.814815 0.821429
