2 0.500000 0.508475 0.827586 0.813559
8 0.509434 0.500000 0.792453 0.807692
25 0.507042 0.507353 0.816901 0.808824
10 0.500000 0.508475 0.836066 0.813559
35 0.490196 0.500000 0.784314 0.795918
12 0.500000 0.508772 0.814815 0.807018
17 0.514286 0.500000 0.685714 0.714286
1 0.500000 0.500000 0.800000 0.793103
9 0.500000 0.506667 0.837838 0.826667
18 0.500000 0.500000 0.833333 0.820896
3 0.491379 0.491379 0.810345 0.810345
38 0.508621 0.508475 0.810345 0.813559
4 0.507246 0.500000 0.811594 0.828571
13 0.504425 0.504202 0.831858 0.823529
11 0.506667 0.506250 0.826667 0.812500
