12 0.500000 0.500000 0.828947 0.830065
35 0.506579 0.506024 0.828947 0.819277
11 0.506250 0.500000 0.812500 0.809524
25 0.502890 0.503289 0.832370 0.822368
9 0.503401 0.500000 0.829932 0.824324
13 0.502907 0.502907 0.831395 0.831395
5 0.509259 0.510000 0.796296 0.780000
18 0.504310 0.504310 0.818966 0.818966
7 0.506173 0.506579 0.814815 0.828947
8 0.500000 0.508929 0.821429 0.803571
3 0.500000 0.500000 0.827815 0.833333
4 0.507042 0.500000 0.816901 0.828571
2 0.506667 0.500000 0.826667 0.835616
10 0.500000 0.500000 0.840000 0.841270
38 0.500000 0.500000 0.831325 0.827957
