25 0.513158 0.500000 0.710526 0.705882
8 0.500000 0.500000 0.714286 0.675676
18 0.500000 0.500000 0.800000 0.800000
12 0.509259 0.500000 0.796296 0.811321
11 0.500000 0.500000 0.666667 0.736842
9 0.512500 0.512500 0.725000 0.725000
4 0.513514 0.500000 0.702703 0.722222
10 0.500000 0.515625 0.687500 0.656250
1 0.500000 0.515625 0.677419 0.656250
35 0.500000 0.489130 0.714286 0.760870
7 0.515152 0.500000 0.666667 0.696970
38 0.500000 0.500000 0.767442 0.777778
2 0.513889 0.513889 0.694444 0.694444
