9 0.500000 0.500000 0.743590 0.750000
35 0.485714 0.486111 0.685714 0.694444
25 0.511628 0.512195 0.744186 0.731707
38 0.500000 0.500000 0.722222 0.722222
12 0.500000 0.511628 0.761905 0.744186
7 0.500000 0.512500 0.743590 0.725000
4 0.500000 0.512195 0.750000 0.731707
13 0.500000 0.510204 0.811321 0.775510
18 0.500000 0.500000 0.814815 0.814815
8 0.514706 0.513514 0.676471 0.702703
10 0.514286 0.500000 0.685714 0.705882
3 0.500000 0.500000 0.729730 0.729730
5 0.500000 0.513889 0.666667 0.694444
11 0.507812 0.500000 0.828125 0.824561
