1 0.491379 0.493151 0.810345 0.821918
7 0.500000 0.486842 0.692308 0.710526
35 0.500000 0.500000 0.807692 0.795918
38 0.512500 0.500000 0.725000 0.772727
18 0.507937 0.500000 0.825397 0.833333
3 0.490909 0.491228 0.800000 0.807018
11 0.500000 0.500000 0.837209 0.825000
12 0.500000 0.500000 0.761905 0.761905
9 0.510638 0.510417 0.765957 0.770833
4 0.508475 0.508621 0.813559 0.810345
17 0.508929 0.491525 0.803571 0.813559
8 0.512500 0.500000 0.725000 0.736842
25 0.500000 0.500000 0.824176 0.811765
