1 0.516129 0.500000 0.645161 0.666667
38 0.518519 0.515625 0.592593 0.656250
13 0.500000 0.515625 0.705882 0.656250
12 0.500000 0.500000 0.729730 0.756098
3 0.517241 0.516667 0.620690 0.633333
8 0.517241 0.516667 0.620690 0.633333
2 0.500000 0.516129 0.655172 0.645161
5 0.500000 0.500000 0.629630 0.642857
25 0.513158 0.486111 0.710526 0.694444
4 0.500000 0.516129 0.666667 0.645161
10 0.480769 0.519231 0.576923 0.576923
17 0.517857 0.516667 0.607143 0.633333
18 0.509804 0.510638 0.784314 0.765957
7 0.500000 0.516667 0.612903 0.633333
35 0.482143 0.517241 0.607143 0.620690
9 0.516129 0.517241 0.645161 0.620690
