11 0.514706 0.500000 0.676471 0.705882
8 0.515625 0.500000 0.656250 0.677419
13 0.513889 0.513889 0.694444 0.694444
5 0.500000 0.500000 0.642857 0.615385
3 0.500000 0.517241 0.629630 0.620690
18 0.500000 0.500000 0.736842 0.736842
1 0.517857 0.518519 0.607143 0.592593
25 0.515625 0.517241 0.656250 0.620690
12 0.511628 0.511628 0.744186 0.744186
38 0.500000 0.500000 0.729730 0.750000
2 0.500000 0.516667 0.642857 0.633333
9 0.500000 0.500000 0.677419 0.677419
35 0.500000 0.512195 0.722222 0.731707
