25 0.500000 0.500000 0.834483 0.828125
12 0.504065 0.500000 0.829268 0.838710
13 0.510000 0.510417 0.780000 0.770833
7 0.500000 0.500000 0.824561 0.838710
8 0.500000 0.500000 0.824176 0.824176
1 0.505102 0.494898 0.826531 0.826531
38 0.507042 0.500000 0.816901 0.822785
18 0.505435 0.506250 0.815217 0.812500
17 0.508333 0.500000 0.816667 0.843750
10 0.506579 0.492857 0.828947 0.814286
9 0.500000 0.500000 0.833333 0.827160
3 0.500000 0.500000 0.837838 0.822785
11 0.500000 0.500000 0.826087 0.833333
2 0.500000 0.500000 0.829268 0.829268
