4 0.515625 0.515625 0.656250 0.656250
18 0.512500 0.512500 0.725000 0.725000
13 0.513158 0.513158 0.710526 0.710526
38 0.500000 0.512195 0.743590 0.731707
35 0.500000 0.500000 0.684211 0.756098
25 0.484848 0.500000 0.666667 0.655172
1 0.517857 0.500000 0.607143 0.615385
10 0.500000 0.500000 0.600000 0.629630
2 0.516129 0.516129 0.645161 0.645161
11 0.485294 0.513889 0.676471 0.694444
12 0.511628 0.500000 0.744186 0.761905
7 0.500000 0.500000 0.600000 0.655172
8 0.484375 0.515625 0.656250 0.656250
