1 0.517241 0.516667 0.620690 0.633333
8 0.500000 0.514706 0.666667 0.676471
3 0.517241 0.516667 0.620690 0.633333
11 0.500000 0.511111 0.795918 0.755556
5 0.482143 0.500000 0.607143 0.642857
35 0.481481 0.482759 0.592593 0.620690
10 0.500000 0.517241 0.655172 0.620690
4 0.514706 0.500000 0.676471 0.696970
38 0.517241 0.500000 0.620690 0.642857
2 0.510417 0.510000 0.770833 0.780000
13 0.500000 0.500000 0.736842 0.722222
25 0.515152 0.500000 0.666667 0.666667
7 0.515625 0.500000 0.656250 0.677419
12 0.514286 0.514286 0.685714 0.685714
