13 0.500000 0.513889 0.722222 0.694444
2 0.500000 0.516129 0.655172 0.645161
8 0.515625 0.515625 0.656250 0.656250
25 0.487500 0.513514 0.725000 0.702703
12 0.512821 0.500000 0.717949 0.736842
11 0.500000 0.500000 0.744681 0.755102
10 0.500000 0.500000 0.612903 0.555556
38 0.500000 0.511364 0.767442 0.750000
3 0.500000 0.500000 0.642857 0.655172
7 0.500000 0.500000 0.642857 0.642857
17 0.500000 0.500000 0.615385 0.677419
4 0.516667 0.483333 0.633333 0.633333
35 0.516667 0.516667 0.633333 0.633333
18 0.511628 0.511905 0.744186 0.738095
