25 0.489583 0.500000 0.770833 0.767442
8 0.511111 0.500000 0.755556 0.772727
2 0.510417 0.500000 0.770833 0.787234
12 0.510417 0.500000 0.770833 0.791667
10 0.510638 0.500000 0.765957 0.767442
18 0.509259 0.500000 0.796296 0.791667
7 0.511364 0.511364 0.750000 0.750000
9 0.490196 0.500000 0.784314 0.769231
38 0.511364 0.500000 0.750000 0.772727
4 0.510000 0.509615 0.780000 0.788462
5 0.509804 0.510000 0.784314 0.780000
11 0.500000 0.500000 0.835616 0.835616
35 0.500000 0.500000 0.714286 0.707317
17 0.500000 0.500000 0.687500 0.696970
3 0.500000 0.510417 0.787234 0.770833
