18 0.500000 0.513514 0.743590 0.702703
3 0.500000 0.512821 0.722222 0.717949
4 0.500000 0.500000 0.750000 0.750000
17 0.500000 0.500000 0.666667 0.666667
25 0.500000 0.500000 0.736842 0.675676
8 0.512821 0.512821 0.717949 0.717949
9 0.500000 0.487805 0.750000 0.731707
5 0.500000 0.512500 0.750000 0.725000
2 0.500000 0.512821 0.736842 0.717949
7 0.500000 0.500000 0.684211 0.722222
10 0.500000 0.514706 0.722222 0.676471
38 0.513889 0.513514 0.694444 0.702703
13 0.508475 0.507353 0.813559 0.808824
12 0.511628 0.500000 0.744186 0.767442
1 0.500000 0.500000 0.705882 0.705882
