25 0.512821 0.500000 0.717949 0.692308
8 0.500000 0.500000 0.736842 0.743590
12 0.510638 0.500000 0.765957 0.782609
9 0.500000 0.500000 0.756098 0.756098
7 0.500000 0.513514 0.722222 0.702703
4 0.511905 0.511905 0.738095 0.738095
5 0.500000 0.500000 0.636364 0.647059
38 0.500000 0.500000 0.714286 0.722222
3 0.500000 0.500000 0.714286 0.714286
2 0.514286 0.513889 0.685714 0.694444
35 0.500000 0.512195 0.750000 0.731707
11 0.486842 0.500000 0.710526 0.675676
18 0.500000 0.510417 0.773585 0.770833
