5 0.491667 0.500000 0.816667 0.818182
3 0.500000 0.492857 0.842105 0.814286
35 0.504274 0.500000 0.820513 0.827586
17 0.500000 0.500000 0.761905 0.772727
9 0.500000 0.500000 0.820000 0.810526
12 0.500000 0.506250 0.835616 0.812500
13 0.500000 0.500000 0.819277 0.819355
18 0.500000 0.502604 0.834146 0.828125
25 0.500000 0.500000 0.831776 0.836735
7 0.496429 0.503546 0.821429 0.822695
11 0.500000 0.500000 0.824561 0.821656
10 0.500000 0.500000 0.827160 0.823529
1 0.493421 0.500000 0.828947 0.815789
38 0.500000 0.500000 0.825243 0.831776
