3 0.513158 0.487500 0.710526 0.725000
5 0.500000 0.500000 0.722222 0.729730
11 0.500000 0.508475 0.841270 0.813559
1 0.488889 0.500000 0.755556 0.739130
12 0.508929 0.508929 0.803571 0.803571
35 0.500000 0.513514 0.714286 0.702703
8 0.512821 0.512500 0.717949 0.725000
7 0.485294 0.514286 0.676471 0.685714
18 0.500000 0.511905 0.772727 0.738095
17 0.512500 0.488372 0.725000 0.744186
13 0.513158 0.513889 0.710526 0.694444
2 0.513158 0.512500 0.710526 0.725000
38 0.509615 0.509615 0.788462 0.788462
25 0.500000 0.511111 0.787234 0.755556
10 0.512500 0.512500 0.725000 0.725000
9 0.515152 0.500000 0.666667 0.687500
