9 0.512195 0.500000 0.731707 0.756098
18 0.500000 0.509091 0.814815 0.800000
10 0.486111 0.500000 0.694444 0.722222
8 0.500000 0.512500 0.714286 0.725000
7 0.512195 0.512195 0.731707 0.731707
4 0.511628 0.500000 0.744186 0.761905
13 0.500000 0.500000 0.821429 0.803922
5 0.500000 0.513158 0.722222 0.710526
25 0.511364 0.511905 0.750000 0.738095
12 0.511111 0.511111 0.755556 0.755556
3 0.512500 0.500000 0.725000 0.743590
35 0.500000 0.500000 0.675676 0.722222
38 0.500000 0.512821 0.736842 0.717949
11 0.500000 0.500000 0.843750 0.827586
