13 0.488636 0.486842 0.750000 0.710526
4 0.500000 0.500000 0.677419 0.696970
38 0.512500 0.512500 0.725000 0.725000
9 0.500000 0.487179 0.736842 0.717949
7 0.486842 0.486842 0.710526 0.710526
35 0.500000 0.515152 0.687500 0.666667
2 0.500000 0.500000 0.705882 0.687500
5 0.500000 0.500000 0.612903 0.625000
3 0.509434 0.509091 0.792453 0.800000
25 0.500000 0.500000 0.687500 0.666667
12 0.515152 0.513158 0.666667 0.710526
11 0.500000 0.500000 0.739130 0.777778
17 0.500000 0.500000 0.655172 0.677419
