38 0.506757 0.506667 0.824324 0.826667
7 0.508197 0.508197 0.819672 0.819672
5 0.500000 0.500000 0.793103 0.833333
9 0.500000 0.508929 0.803922 0.803571
25 0.506098 0.506849 0.817073 0.821918
2 0.505263 0.500000 0.821053 0.840909
12 0.505435 0.500000 0.815217 0.824176
11 0.500000 0.500000 0.828571 0.829787
3 0.505814 0.500000 0.825581 0.837209
13 0.500000 0.505208 0.828571 0.822917
35 0.509615 0.500000 0.788462 0.824561
4 0.500000 0.508475 0.827586 0.813559
10 0.509091 0.500000 0.800000 0.793103
