5 0.500000 0.512195 0.736842 0.731707
8 0.513158 0.512821 0.710526 0.717949
4 0.500000 0.510638 0.782609 0.765957
17 0.500000 0.514706 0.687500 0.676471
9 0.500000 0.500000 0.795918 0.787234
3 0.511905 0.500000 0.738095 0.750000
18 0.500000 0.500000 0.833333 0.842105
7 0.500000 0.489583 0.791667 0.770833
25 0.491228 0.490566 0.807018 0.792453
10 0.500000 0.500000 0.750000 0.743590
1 0.500000 0.500000 0.772727 0.772727
38 0.500000 0.500000 0.750000 0.782609
11 0.500000 0.491803 0.833333 0.819672
12 0.509804 0.500000 0.784314 0.827586
