17 0.500000 0.500000 0.615385 0.615385
9 0.500000 0.518519 0.571429 0.592593
18 0.514706 0.515625 0.676471 0.656250
7 0.500000 0.500000 0.666667 0.677419
4 0.516667 0.500000 0.633333 0.655172
3 0.516667 0.500000 0.633333 0.655172
11 0.500000 0.513889 0.729730 0.694444
1 0.516129 0.500000 0.645161 0.666667
10 0.516667 0.500000 0.633333 0.629630
13 0.500000 0.500000 0.705882 0.687500
25 0.500000 0.500000 0.782609 0.777778
38 0.500000 0.518519 0.615385 0.592593
8 0.500000 0.500000 0.636364 0.687500
12 0.490566 0.500000 0.792453 0.777778
35 0.500000 0.485714 0.636364 0.685714
2 0.517241 0.500000 0.620690 0.655172
