4 0.500000 0.500000 0.756098 0.756098
35 0.500000 0.485714 0.714286 0.685714
1 0.512195 0.500000 0.731707 0.811321
10 0.513514 0.500000 0.702703 0.722222
9 0.500000 0.500000 0.722222 0.729730
11 0.500000 0.514706 0.696970 0.676471
38 0.500000 0.500000 0.696970 0.722222
3 0.487179 0.487500 0.717949 0.725000
25 0.506944 0.500000 0.819444 0.843750
5 0.500000 0.512821 0.736842 0.717949
12 0.500000 0.500000 0.736842 0.736842
7 0.484848 0.515152 0.666667 0.666667
2 0.500000 0.513158 0.727273 0.710526
