13 0.500000 0.500000 0.777778 0.743590
3 0.514286 0.513889 0.685714 0.694444
2 0.515152 0.514286 0.666667 0.685714
12 0.511628 0.510417 0.744186 0.770833
8 0.500000 0.515625 0.677419 0.656250
25 0.511628 0.511905 0.744186 0.738095
38 0.500000 0.512500 0.687500 0.725000
5 0.515152 0.500000 0.666667 0.666667
4 0.513889 0.513514 0.694444 0.702703
1 0.513514 0.500000 0.702703 0.722222
7 0.500000 0.486486 0.722222 0.702703
9 0.500000 0.500000 0.736842 0.722222
18 0.508065 0.508929 0.822581 0.803571
17 0.500000 0.516129 0.655172 0.645161
10 0.484848 0.484848 0.666667 0.666667
35 0.500000 0.512821 0.729730 0.717949
