7 0.517241 0.500000 0.620690 0.642857
3 0.482759 0.500000 0.620690 0.655172
2 0.513889 0.500000 0.694444 0.636364
1 0.500000 0.512195 0.696970 0.731707
9 0.500000 0.500000 0.655172 0.666667
4 0.500000 0.515152 0.687500 0.666667
38 0.516129 0.514706 0.645161 0.676471
12 0.500000 0.500000 0.705882 0.705882
25 0.500000 0.490196 0.789474 0.784314
35 0.517857 0.517241 0.607143 0.620690
13 0.513514 0.500000 0.702703 0.722222
10 0.516129 0.500000 0.645161 0.666667
5 0.500000 0.515625 0.666667 0.656250
