11 0.500000 0.513514 0.714286 0.702703
2 0.517241 0.517857 0.620690 0.607143
35 0.517857 0.500000 0.607143 0.629630
7 0.483871 0.500000 0.645161 0.647059
17 0.500000 0.517857 0.615385 0.607143
38 0.500000 0.500000 0.687500 0.687500
8 0.500000 0.516129 0.600000 0.645161
12 0.500000 0.500000 0.666667 0.722222
25 0.480769 0.500000 0.576923 0.555556
10 0.500000 0.519231 0.655172 0.576923
1 0.515152 0.500000 0.666667 0.687500
13 0.514706 0.516129 0.676471 0.645161
4 0.517857 0.517857 0.607143 0.607143
18 0.510417 0.510417 0.770833 0.770833
3 0.500000 0.510204 0.782609 0.775510
