1 0.513514 0.500000 0.702703 0.722222
25 0.511628 0.512195 0.744186 0.731707
18 0.500000 0.500000 0.827586 0.814815
13 0.500000 0.500000 0.777778 0.743590
9 0.500000 0.500000 0.722222 0.705882
2 0.500000 0.500000 0.687500 0.705882
8 0.516129 0.500000 0.645161 0.666667
10 0.500000 0.515152 0.647059 0.666667
38 0.500000 0.500000 0.677419 0.722222
12 0.511905 0.510638 0.738095 0.765957
5 0.515152 0.500000 0.666667 0.705882
35 0.500000 0.500000 0.705882 0.714286
3 0.514286 0.500000 0.685714 0.705882
11 0.511111 0.500000 0.755556 0.750000
