4 0.500000 0.512195 0.743590 0.731707
5 0.500000 0.510638 0.777778 0.765957
3 0.490566 0.500000 0.792453 0.789474
35 0.500000 0.510638 0.767442 0.765957
17 0.500000 0.500000 0.727273 0.750000
18 0.500000 0.510417 0.800000 0.770833
12 0.507353 0.500000 0.808824 0.820896
8 0.500000 0.500000 0.824561 0.833333
25 0.500000 0.507937 0.820896 0.825397
38 0.500000 0.507042 0.828571 0.816901
7 0.500000 0.489130 0.772727 0.760870
9 0.500000 0.500000 0.692308 0.700000
10 0.500000 0.489583 0.769231 0.770833
13 0.500000 0.511628 0.791667 0.744186
