1 0.514706 0.488095 0.676471 0.738095
11 0.500000 0.516129 0.655172 0.645161
35 0.500000 0.516667 0.600000 0.633333
4 0.500000 0.500000 0.696970 0.705882
3 0.516129 0.500000 0.645161 0.677419
7 0.516667 0.516667 0.633333 0.633333
25 0.508929 0.500000 0.803571 0.811321
13 0.512500 0.500000 0.725000 0.729730
5 0.514706 0.500000 0.676471 0.696970
8 0.517241 0.517241 0.620690 0.620690
38 0.515625 0.514286 0.656250 0.685714
2 0.500000 0.500000 0.722222 0.647059
12 0.500000 0.514286 0.705882 0.685714
