3 0.517857 0.516667 0.607143 0.633333
10 0.483333 0.500000 0.633333 0.666667
1 0.517241 0.500000 0.620690 0.655172
2 0.484848 0.500000 0.666667 0.657143
4 0.500000 0.500000 0.629630 0.655172
18 0.500000 0.485294 0.722222 0.676471
35 0.500000 0.481481 0.629630 0.592593
9 0.482143 0.482143 0.607143 0.607143
17 0.518519 0.500000 0.592593 0.612903
25 0.500000 0.500000 0.705882 0.687500
5 0.518519 0.517241 0.592593 0.620690
8 0.500000 0.500000 0.629630 0.586207
13 0.516129 0.518519 0.645161 0.592593
11 0.500000 0.500000 0.700000 0.743590
7 0.482143 0.482143 0.607143 0.607143
