5 0.500000 0.486842 0.736842 0.710526
13 0.508929 0.500000 0.803571 0.838710
18 0.500000 0.500000 0.736842 0.714286
25 0.512821 0.513889 0.717949 0.694444
35 0.500000 0.500000 0.722222 0.714286
2 0.500000 0.513158 0.729730 0.710526
4 0.512821 0.512821 0.717949 0.717949
11 0.500000 0.508333 0.824561 0.816667
10 0.485714 0.515152 0.685714 0.666667
17 0.516129 0.500000 0.645161 0.666667
38 0.513889 0.513514 0.694444 0.702703
12 0.500000 0.511628 0.756098 0.744186
3 0.513889 0.513158 0.694444 0.710526
9 0.500000 0.487500 0.707317 0.725000
