38 0.514706 0.500000 0.676471 0.705882
2 0.513889 0.513514 0.694444 0.702703
7 0.515152 0.513889 0.666667 0.694444
12 0.507937 0.492063 0.825397 0.825397
5 0.500000 0.500000 0.677419 0.687500
17 0.500000 0.515152 0.666667 0.666667
35 0.500000 0.512821 0.675676 0.717949
11 0.510638 0.500000 0.765957 0.777778
13 0.500000 0.500000 0.692308 0.675676
9 0.500000 0.515625 0.687500 0.656250
10 0.484848 0.483871 0.666667 0.645161
1 0.500000 0.500000 0.714286 0.714286
18 0.487805 0.500000 0.731707 0.722222
3 0.500000 0.500000 0.705882 0.705882
