35 0.509804 0.500000 0.784314 0.803922
18 0.500000 0.500000 0.800000 0.785714
8 0.500000 0.500000 0.782609 0.791667
38 0.511905 0.500000 0.738095 0.761905
5 0.500000 0.513514 0.714286 0.702703
12 0.500000 0.500000 0.824561 0.824561
7 0.500000 0.511628 0.761905 0.744186
10 0.487805 0.500000 0.731707 0.714286
4 0.500000 0.509804 0.800000 0.784314
25 0.500000 0.500000 0.795918 0.744681
2 0.512821 0.487500 0.717949 0.725000
13 0.510417 0.500000 0.770833 0.750000
9 0.500000 0.500000 0.756098 0.756098
