38 0.513158 0.513158 0.710526 0.710526
25 0.513889 0.500000 0.694444 0.687500
3 0.518519 0.517241 0.592593 0.620690
17 0.482143 0.516129 0.607143 0.645161
35 0.500000 0.517241 0.629630 0.620690
10 0.483333 0.500000 0.633333 0.625000
2 0.484848 0.500000 0.666667 0.657143
8 0.517857 0.500000 0.607143 0.586207
12 0.500000 0.512821 0.736842 0.717949
5 0.481481 0.500000 0.592593 0.642857
18 0.500000 0.500000 0.722222 0.657143
4 0.518519 0.517241 0.592593 0.620690
9 0.482759 0.500000 0.620690 0.642857
13 0.516667 0.517241 0.633333 0.620690
