8 0.500000 0.500000 0.677419 0.666667
35 0.500000 0.500000 0.666667 0.666667
11 0.483333 0.482759 0.633333 0.620690
12 0.514286 0.500000 0.685714 0.705882
13 0.516667 0.518519 0.633333 0.592593
10 0.500000 0.500000 0.600000 0.642857
1 0.513889 0.513889 0.694444 0.694444
25 0.500000 0.519231 0.586207 0.576923
3 0.517857 0.517241 0.607143 0.620690
4 0.500000 0.515625 0.677419 0.656250
5 0.480769 0.517857 0.576923 0.607143
9 0.500000 0.500000 0.756098 0.756098
7 0.516667 0.500000 0.633333 0.655172
