35 0.515152 0.513889 0.666667 0.694444
4 0.515625 0.500000 0.656250 0.677419
25 0.509804 0.510000 0.784314 0.780000
3 0.516129 0.516129 0.645161 0.645161
10 0.516129 0.500000 0.645161 0.642857
18 0.513158 0.500000 0.710526 0.696970
9 0.517241 0.517241 0.620690 0.620690
38 0.517241 0.500000 0.620690 0.642857
13 0.513889 0.514706 0.694444 0.676471
11 0.487179 0.500000 0.717949 0.729730
7 0.500000 0.500000 0.666667 0.687500
1 0.515625 0.515625 0.656250 0.656250
8 0.515152 0.500000 0.666667 0.696970
2 0.500000 0.500000 0.687500 0.696970
17 0.500000 0.516667 0.642857 0.633333
