9 0.500000 0.516129 0.655172 0.645161
7 0.500000 0.483333 0.600000 0.633333
4 0.500000 0.517857 0.629630 0.607143
12 0.514706 0.500000 0.676471 0.705882
1 0.519231 0.518519 0.576923 0.592593
2 0.500000 0.515152 0.687500 0.666667
25 0.517241 0.500000 0.620690 0.629630
8 0.515152 0.500000 0.666667 0.687500
35 0.481481 0.480769 0.592593 0.576923
3 0.500000 0.515625 0.655172 0.656250
13 0.512821 0.511905 0.717949 0.738095
11 0.500000 0.500000 0.800000 0.781818
17 0.518519 0.500000 0.592593 0.615385
5 0.517857 0.517857 0.607143 0.607143
