9 0.486842 0.512821 0.710526 0.717949
11 0.500000 0.508929 0.833333 0.803571
3 0.500000 0.514286 0.705882 0.685714
8 0.500000 0.514286 0.705882 0.685714
1 0.500000 0.500000 0.696970 0.705882
2 0.500000 0.508929 0.814815 0.803571
10 0.500000 0.514706 0.687500 0.676471
13 0.500000 0.511111 0.795918 0.755556
18 0.500000 0.500000 0.807692 0.807692
5 0.500000 0.500000 0.696970 0.705882
4 0.500000 0.500000 0.736842 0.736842
35 0.500000 0.500000 0.657143 0.705882
7 0.486842 0.513158 0.710526 0.710526
38 0.513514 0.513514 0.702703 0.702703
