12 0.500000 0.504505 0.836364 0.828829
5 0.510638 0.500000 0.765957 0.800000
8 0.506757 0.506494 0.824324 0.831169
13 0.489583 0.500000 0.770833 0.777778
3 0.507937 0.500000 0.825397 0.841270
10 0.507353 0.491803 0.808824 0.819672
25 0.500000 0.504808 0.831933 0.817308
4 0.500000 0.509259 0.811321 0.796296
17 0.500000 0.500000 0.807692 0.818182
7 0.500000 0.500000 0.800000 0.807692
35 0.487805 0.500000 0.731707 0.782609
9 0.507353 0.507937 0.808824 0.825397
38 0.508333 0.500000 0.816667 0.841270
2 0.507042 0.506944 0.816901 0.819444
18 0.500000 0.507353 0.833333 0.808824
