25 0.500000 0.483871 0.677419 0.645161
38 0.500000 0.511905 0.756098 0.738095
5 0.516129 0.515625 0.645161 0.656250
9 0.500000 0.512500 0.743590 0.725000
35 0.500000 0.514286 0.705882 0.685714
13 0.500000 0.500000 0.787234 0.700000
4 0.500000 0.500000 0.714286 0.729730
10 0.500000 0.516129 0.714286 0.645161
18 0.508929 0.500000 0.803571 0.818182
8 0.485714 0.500000 0.685714 0.675676
11 0.510000 0.500000 0.780000 0.791667
2 0.500000 0.500000 0.714286 0.696970
12 0.512821 0.500000 0.717949 0.767442
