13 0.500000 0.504717 0.836735 0.820755
38 0.509615 0.509434 0.788462 0.792453
18 0.491803 0.508929 0.819672 0.803571
7 0.510417 0.510204 0.770833 0.775510
8 0.510000 0.500000 0.780000 0.795918
1 0.500000 0.490000 0.769231 0.780000
17 0.514706 0.500000 0.676471 0.705882
25 0.508333 0.500000 0.816667 0.814815
35 0.500000 0.500000 0.744681 0.772727
10 0.509259 0.509615 0.796296 0.788462
4 0.500000 0.508333 0.824561 0.816667
2 0.500000 0.500000 0.814815 0.814815
9 0.500000 0.508065 0.809524 0.822581
5 0.500000 0.500000 0.830508 0.836066
