11 0.500000 0.500000 0.819820 0.836735
7 0.512195 0.500000 0.731707 0.750000
38 0.511364 0.500000 0.750000 0.791667
10 0.510204 0.510204 0.775510 0.775510
9 0.490741 0.490909 0.796296 0.800000
5 0.500000 0.510000 0.800000 0.780000
8 0.500000 0.488372 0.733333 0.744186
12 0.510000 0.500000 0.780000 0.795918
17 0.500000 0.500000 0.827586 0.812500
35 0.508197 0.508772 0.819672 0.807018
4 0.500000 0.506667 0.840000 0.826667
1 0.500000 0.500000 0.833333 0.824176
18 0.500000 0.500000 0.840909 0.829268
25 0.495283 0.500000 0.820755 0.835052
13 0.506098 0.506579 0.817073 0.828947
