8 0.509804 0.500000 0.784314 0.800000
35 0.507143 0.506667 0.814286 0.826667
9 0.500000 0.500000 0.811321 0.831776
11 0.500000 0.500000 0.818182 0.805556
3 0.504808 0.504717 0.817308 0.820755
10 0.508065 0.491228 0.822581 0.807018
13 0.500000 0.504098 0.834711 0.827869
5 0.509804 0.500000 0.784314 0.782609
38 0.506667 0.506173 0.826667 0.814815
18 0.506024 0.506024 0.819277 0.819277
7 0.507692 0.492063 0.830769 0.825397
1 0.493902 0.500000 0.817073 0.804878
4 0.507353 0.507353 0.808824 0.808824
12 0.504098 0.500000 0.827869 0.834711
2 0.500000 0.500000 0.841270 0.838710
