38 0.513158 0.513158 0.710526 0.710526
9 0.500000 0.500000 0.736842 0.736842
1 0.500000 0.500000 0.684211 0.684211
3 0.509434 0.500000 0.792453 0.814815
7 0.513514 0.513514 0.702703 0.702703
25 0.515152 0.500000 0.666667 0.666667
18 0.500000 0.500000 0.811321 0.811321
5 0.482759 0.516667 0.620690 0.633333
35 0.500000 0.483871 0.625000 0.645161
2 0.514706 0.500000 0.676471 0.677419
10 0.500000 0.517857 0.677419 0.607143
13 0.511628 0.500000 0.744186 0.692308
17 0.516667 0.500000 0.633333 0.677419
4 0.500000 0.500000 0.677419 0.696970
