9 0.503268 0.500000 0.823529 0.827815
25 0.500000 0.500000 0.834197 0.835294
3 0.493902 0.500000 0.817073 0.807229
12 0.500000 0.507812 0.838710 0.828125
11 0.500000 0.503448 0.830065 0.827586
17 0.500000 0.500000 0.736842 0.743590
8 0.507692 0.500000 0.830769 0.843750
13 0.502941 0.503012 0.829412 0.825301
5 0.503571 0.500000 0.821429 0.830065
4 0.504274 0.503817 0.820513 0.824427
38 0.504808 0.500000 0.817308 0.833333
35 0.494624 0.505618 0.817204 0.831461
7 0.507353 0.507143 0.808824 0.814286
2 0.505682 0.500000 0.829545 0.839080
1 0.500000 0.505102 0.828571 0.826531
10 0.495370 0.500000 0.824074 0.827957
18 0.503731 0.500000 0.828358 0.830508
