2 0.511364 0.510870 0.750000 0.760870
4 0.505747 0.500000 0.827586 0.826087
7 0.504098 0.504065 0.827869 0.829268
38 0.505263 0.500000 0.821053 0.836735
25 0.494949 0.500000 0.828283 0.826087
3 0.500000 0.508197 0.826087 0.819672
5 0.491071 0.508197 0.803571 0.819672
13 0.500000 0.503817 0.830986 0.824427
17 0.500000 0.500000 0.756098 0.767442
1 0.506944 0.500000 0.819444 0.826087
18 0.500000 0.503125 0.837209 0.831250
8 0.500000 0.508772 0.811321 0.807018
11 0.500000 0.500000 0.833333 0.833333
35 0.495192 0.504950 0.817308 0.831683
