5 0.483871 0.482759 0.645161 0.620690
35 0.487500 0.500000 0.725000 0.739130
3 0.500000 0.500000 0.666667 0.677419
8 0.500000 0.514286 0.705882 0.685714
13 0.500000 0.500000 0.756098 0.756098
7 0.515625 0.500000 0.656250 0.687500
18 0.510638 0.510638 0.765957 0.765957
2 0.500000 0.514286 0.696970 0.685714
10 0.500000 0.500000 0.666667 0.612903
12 0.500000 0.509804 0.800000 0.784314
9 0.513889 0.500000 0.694444 0.714286
4 0.513889 0.500000 0.694444 0.714286
11 0.500000 0.500000 0.722222 0.692308
