12 0.500000 0.500000 0.840909 0.840909
3 0.511364 0.500000 0.750000 0.767442
11 0.508929 0.500000 0.803571 0.818182
7 0.510000 0.510000 0.780000 0.780000
5 0.510204 0.500000 0.775510 0.795918
9 0.500000 0.508197 0.833333 0.819672
2 0.511628 0.511628 0.744186 0.744186
8 0.511628 0.500000 0.744186 0.761905
10 0.500000 0.510417 0.744681 0.770833
1 0.500000 0.509434 0.807692 0.792453
25 0.500000 0.500000 0.824561 0.811321
4 0.488636 0.488372 0.750000 0.744186
38 0.500000 0.509434 0.795918 0.792453
13 0.500000 0.510638 0.824561 0.765957
