1 0.500000 0.500000 0.705882 0.705882
7 0.482759 0.482759 0.620690 0.620690
4 0.481481 0.500000 0.592593 0.615385
13 0.513158 0.515152 0.710526 0.666667
11 0.515625 0.515625 0.656250 0.656250
5 0.500000 0.500000 0.666667 0.677419
38 0.518519 0.500000 0.592593 0.629630
2 0.500000 0.500000 0.555556 0.615385
12 0.500000 0.508621 0.824561 0.810345
25 0.500000 0.515625 0.687500 0.656250
3 0.500000 0.517241 0.629630 0.620690
10 0.500000 0.514286 0.696970 0.685714
9 0.500000 0.500000 0.687500 0.705882
8 0.500000 0.515152 0.687500 0.666667
