11 0.511364 0.500000 0.750000 0.761905
13 0.509091 0.500000 0.800000 0.791667
9 0.500000 0.512500 0.720930 0.725000
10 0.513158 0.512821 0.710526 0.717949
7 0.500000 0.500000 0.700000 0.707317
3 0.513889 0.500000 0.694444 0.729730
1 0.509091 0.509091 0.800000 0.800000
38 0.510870 0.509259 0.760870 0.796296
25 0.500000 0.500000 0.818182 0.803922
12 0.513889 0.500000 0.694444 0.714286
5 0.512500 0.512500 0.725000 0.725000
2 0.513158 0.513158 0.710526 0.710526
8 0.511905 0.500000 0.738095 0.736842
