10 0.500000 0.517857 0.655172 0.607143
7 0.515625 0.500000 0.656250 0.677419
8 0.516129 0.500000 0.645161 0.655172
4 0.500000 0.500000 0.677419 0.677419
1 0.511628 0.500000 0.744186 0.761905
3 0.516667 0.500000 0.633333 0.666667
2 0.482759 0.500000 0.620690 0.655172
11 0.486842 0.487500 0.710526 0.725000
9 0.516129 0.516667 0.645161 0.633333
5 0.500000 0.515152 0.647059 0.666667
12 0.516129 0.500000 0.645161 0.666667
13 0.512195 0.512821 0.731707 0.717949
25 0.500000 0.500000 0.743590 0.729730
38 0.513889 0.500000 0.694444 0.736842
