38 0.510204 0.500000 0.775510 0.803922
7 0.500000 0.510638 0.782609 0.765957
2 0.500000 0.500000 0.750000 0.750000
12 0.500000 0.500000 0.835294 0.835294
1 0.500000 0.500000 0.803922 0.807692
8 0.512195 0.500000 0.731707 0.750000
25 0.500000 0.509804 0.814815 0.784314
10 0.500000 0.510638 0.772727 0.765957
13 0.500000 0.500000 0.814815 0.787234
3 0.511905 0.511628 0.738095 0.744186
9 0.500000 0.508475 0.827586 0.813559
4 0.500000 0.488095 0.761905 0.738095
11 0.509091 0.509091 0.800000 0.800000
