10 0.500000 0.517241 0.600000 0.620690
2 0.500000 0.481481 0.615385 0.592593
8 0.500000 0.500000 0.677419 0.677419
7 0.517857 0.517241 0.607143 0.620690
38 0.511111 0.500000 0.755556 0.791667
5 0.517857 0.517857 0.607143 0.607143
9 0.511905 0.500000 0.738095 0.761905
13 0.514286 0.515152 0.685714 0.666667
4 0.517241 0.500000 0.620690 0.642857
12 0.512500 0.512500 0.725000 0.725000
1 0.500000 0.513889 0.705882 0.694444
25 0.500000 0.515152 0.696970 0.666667
11 0.513889 0.500000 0.694444 0.687500
