25 0.503472 0.503759 0.826389 0.827068
7 0.507812 0.500000 0.828125 0.828571
12 0.500000 0.503788 0.832061 0.825758
13 0.505376 0.505882 0.817204 0.823529
8 0.500000 0.500000 0.840000 0.837838
3 0.500000 0.500000 0.791667 0.807692
4 0.500000 0.503906 0.829457 0.820312
38 0.507812 0.500000 0.828125 0.833333
5 0.508621 0.500000 0.810345 0.824561
2 0.500000 0.506944 0.830986 0.819444
11 0.508475 0.500000 0.813559 0.818182
9 0.500000 0.500000 0.821429 0.824561
1 0.504132 0.504132 0.826446 0.826446
10 0.507042 0.500000 0.816901 0.822785
