7 0.500000 0.500000 0.677419 0.677419
11 0.510000 0.500000 0.780000 0.761905
13 0.512500 0.513514 0.725000 0.702703
12 0.510417 0.500000 0.770833 0.787234
9 0.511364 0.500000 0.750000 0.767442
2 0.500000 0.515625 0.677419 0.656250
25 0.500000 0.500000 0.787234 0.767442
5 0.515152 0.500000 0.666667 0.687500
4 0.513889 0.500000 0.694444 0.714286
38 0.500000 0.508772 0.795918 0.807018
3 0.514706 0.513889 0.676471 0.694444
10 0.513514 0.513889 0.702703 0.694444
8 0.500000 0.500000 0.714286 0.714286
