25 0.500000 0.500000 0.830303 0.835616
2 0.491228 0.508197 0.807018 0.819672
5 0.506579 0.506024 0.828947 0.819277
13 0.506494 0.500000 0.831169 0.843750
11 0.504098 0.504545 0.827869 0.827273
10 0.505319 0.500000 0.819149 0.833333
4 0.500000 0.506944 0.830986 0.819444
9 0.510638 0.500000 0.765957 0.791667
3 0.500000 0.503247 0.827815 0.824675
7 0.500000 0.506944 0.826087 0.819444
38 0.500000 0.500000 0.834862 0.837838
12 0.503876 0.503876 0.821705 0.821705
1 0.506494 0.506494 0.831169 0.831169
