1 0.500000 0.500000 0.827586 0.829060
11 0.500000 0.503268 0.832258 0.823529
9 0.500000 0.500000 0.835294 0.824561
38 0.506494 0.506494 0.831169 0.831169
10 0.507353 0.500000 0.808824 0.828571
5 0.500000 0.505051 0.827957 0.828283
2 0.500000 0.506250 0.813333 0.812500
12 0.503497 0.503497 0.825175 0.825175
13 0.500000 0.500000 0.826087 0.824561
4 0.500000 0.505882 0.835294 0.823529
8 0.500000 0.508197 0.833333 0.819672
3 0.500000 0.508197 0.836066 0.819672
25 0.503546 0.503817 0.822695 0.824427
