10 0.518519 0.481481 0.592593 0.592593
38 0.500000 0.516129 0.629630 0.645161
2 0.500000 0.500000 0.629630 0.629630
11 0.513514 0.514706 0.702703 0.676471
8 0.500000 0.500000 0.705882 0.705882
4 0.500000 0.515152 0.687500 0.666667
25 0.488636 0.512195 0.750000 0.731707
13 0.507812 0.500000 0.828125 0.824561
5 0.500000 0.500000 0.586207 0.642857
1 0.511111 0.500000 0.755556 0.772727
3 0.500000 0.508772 0.821429 0.807018
7 0.483871 0.500000 0.645161 0.677419
12 0.500000 0.500000 0.666667 0.666667
